% f102.txt
% Date Sat, Jun 26, 2021 5:36 PM
% Sine seq
% Response spectrum
% Stim level (V pk) 0.500, 0 dB filter gain, 120.0 dB attenuation
% Stim RMS (V) 0.000
% Freq [Hz]	Ch0 Mag [dB]	Ch0 Phase [cyc]	Ch1 Mag [dB]	Ch1 Phase [cyc]	Ch2 Mag [dB]	Ch2 Phase [cyc]	Ch3 Mag [dB]	Ch3 Phase [cyc]
%%end
10.000000	-119.905493	-0.065549	-121.819610	-0.272209	-72.186592	-0.270103	-112.581987	0.450346
20.000000	-118.774778	0.237932	-121.984212	0.374613	-75.202860	0.334578	-115.173258	0.374697
30.000000	-121.979866	0.108109	-120.468730	0.238887	-73.158296	-0.461927	-124.057078	0.410367
40.000000	-118.413815	-0.111406	-121.517111	0.290951	-71.480924	0.493217	-115.819990	-0.166464
50.000000	-119.218694	0.272262	-124.159729	-0.196216	-57.489747	0.056683	-122.955881	-0.161815
60.000000	-96.758619	-0.477313	-89.957966	-0.194100	-68.589589	0.290241	-102.551980	0.264938
70.000000	-121.019203	-0.139646	-118.023551	0.215632	-78.136108	0.402893	-119.814425	-0.307700
80.000000	-119.770905	-0.317018	-122.605897	-0.068479	-76.018459	-0.214745	-130.153013	-0.198650
90.000000	-120.103302	0.405956	-121.181230	-0.001869	-60.018130	-0.258372	-127.770408	0.227941
100.000000	-130.630728	-0.270610	-125.922646	-0.216992	-63.939173	-0.175135	-124.184716	-0.333296
110.000000	-125.626328	-0.127659	-133.530249	-0.088535	-57.239116	0.123774	-116.997495	0.193751
120.000000	-129.031387	-0.159220	-117.604723	0.227724	-55.818671	-0.174744	-132.825287	0.341529
130.000000	-128.285741	-0.310620	-124.392961	-0.235608	-64.455293	0.247987	-124.780532	0.373023
140.000000	-127.246627	-0.301867	-126.112380	0.173293	-63.030644	-0.179657	-115.982479	0.245580
150.000000	-127.321308	-0.449802	-122.143239	0.006978	-64.273990	-0.178598	-123.333801	0.064301
160.000000	-122.565902	-0.188492	-136.167872	0.218722	-57.430011	-0.465578	-133.150983	-0.360350
170.000000	-130.292876	-0.095073	-124.467552	-0.115327	-62.869356	0.222513	-128.719138	-0.070760
180.000000	-107.302534	-0.048292	-93.233470	-0.086597	-56.350712	0.147433	-93.924260	0.291941
190.000000	-128.111364	0.403359	-136.474807	0.177558	-58.719077	0.150513	-115.230775	0.032306
200.000000	-126.763738	0.387770	-130.717432	0.150494	-53.680321	0.359497	-120.934657	-0.309435
210.000000	-119.022974	0.109256	-128.150010	-0.016327	-66.142615	-0.420812	-118.834044	0.165011
220.000000	-124.525300	0.091857	-136.425839	0.223036	-64.341455	0.175838	-118.752634	-0.002863
230.000000	-127.291284	-0.074583	-129.585793	0.104988	-59.405829	-0.111434	-126.141478	-0.385060
240.000000	-124.529161	0.206660	-122.266512	0.235649	-53.251919	0.197190	-134.667577	0.233186
250.000000	-122.565160	0.256887	-119.408062	0.104874	-68.026205	-0.209458	-117.805925	0.218646
260.000000	-146.254884	-0.413244	-127.698620	0.284877	-63.946105	-0.409684	-115.886519	-0.423865
270.000000	-126.730404	-0.140445	-124.765782	-0.353960	-65.028016	-0.335774	-128.656777	0.390784
280.000000	-126.794361	0.008460	-126.696244	0.080540	-61.967322	0.221992	-116.859699	0.173955
290.000000	-127.255085	-0.439865	-124.720037	0.277035	-56.878301	-0.464306	-123.546049	0.439666
300.000000	-107.833340	-0.468709	-105.155210	0.020037	-57.376921	0.344909	-106.320463	0.317083
310.000000	-122.610143	-0.301943	-118.623571	-0.039052	-67.363316	0.398723	-126.143583	0.317930
320.000000	-134.252012	0.238339	-126.711435	0.429437	-61.680932	-0.416062	-115.787497	-0.368036
330.000000	-129.912384	-0.252183	-116.515760	-0.169621	-75.198235	0.246492	-117.927356	-0.327306
340.000000	-121.567965	0.310805	-136.934059	0.202401	-74.808697	-0.411994	-109.368613	0.479278
350.000000	-119.798369	-0.125971	-130.774032	-0.264339	-52.834757	0.132340	-124.526363	0.293514
360.000000	-125.632762	0.222584	-122.294215	0.454917	-66.474174	-0.075075	-125.590251	0.311929
370.000000	-125.751359	-0.146495	-127.348985	-0.150111	-61.131386	0.326972	-117.833606	0.144329
380.000000	-120.046284	-0.398193	-127.067944	-0.432419	-57.305588	-0.478585	-113.320124	0.072745
390.000000	-118.489926	0.092127	-125.025573	0.168048	-70.631673	0.321294	-104.616738	0.045334
400.000000	-121.367621	-0.197010	-126.962568	-0.041789	-69.929811	-0.451559	-111.950417	-0.106397
410.000000	-122.959922	0.293804	-132.286125	0.154155	-65.798587	0.060618	-110.571089	-0.262528
420.000000	-114.166879	-0.265988	-108.856560	-0.269058	-62.729378	0.413956	-115.038228	-0.425700
430.000000	-129.147533	0.456037	-131.029511	-0.130715	-62.668096	0.072890	-104.382084	0.251193
440.000000	-125.743802	-0.000346	-126.115759	0.356428	-54.978412	0.029863	-92.081192	0.315231
450.000000	-125.663511	0.123848	-128.679272	0.224706	-3.894859	0.464865	-24.959640	-0.228815
460.000000	-126.608042	0.280644	-122.550019	-0.193539	-66.841360	-0.098101	-92.198791	0.224675
470.000000	-130.551537	-0.070163	-122.502318	0.462336	-63.673601	-0.293532	-103.993984	0.269544
480.000000	-128.313865	-0.011975	-142.064653	-0.281474	-63.254176	-0.475987	-110.971971	0.024094
490.000000	-125.134528	0.130177	-134.263036	0.253844	-65.102539	-0.410955	-112.468599	-0.171765
500.000000	-122.260993	0.162364	-122.348753	-0.440445	-69.375947	-0.423305	-108.328738	-0.403816
510.000000	-125.691922	0.212877	-129.430732	-0.299784	-64.032541	0.411388	-106.447437	0.475769
520.000000	-141.720546	0.082226	-122.105989	0.463014	-71.075608	0.138810	-109.463033	0.455447
530.000000	-131.094237	0.316018	-126.476519	0.295661	-60.781563	0.481630	-121.185847	0.366117
540.000000	-117.634333	0.107381	-104.384912	0.307557	-66.697347	-0.416324	-122.644884	0.321413
550.000000	-145.843180	0.145879	-130.686805	-0.078278	-61.955355	0.354711	-115.796269	0.388447
560.000000	-123.935831	-0.002509	-125.392090	-0.492543	-65.181952	0.087767	-111.305583	-0.026552
570.000001	-123.032850	-0.360421	-125.983365	-0.227321	-60.341364	0.261271	-113.980649	-0.117041
580.000001	-122.079456	0.421935	-131.026163	0.305564	-71.362177	0.499560	-113.654636	-0.139659
590.000001	-123.119130	0.233990	-129.261871	-0.089144	-73.105111	-0.053840	-119.902154	0.225623
600.000001	-119.938306	0.406487	-123.324846	-0.341993	-60.792171	0.452691	-115.526218	0.316321
610.000001	-123.517820	-0.470307	-122.749800	-0.395089	-67.934202	0.318761	-121.514561	-0.123603
620.000001	-128.655380	0.440896	-127.555832	0.168961	-67.902521	0.148998	-118.273013	0.375773
630.000001	-121.502172	0.301340	-123.587907	0.135024	-63.477435	0.179137	-117.752631	0.149576
640.000001	-117.362698	0.062958	-126.513067	-0.302411	-64.291774	0.469489	-116.415434	0.046797
650.000001	-124.189276	-0.115921	-146.146024	-0.461310	-60.385693	0.380846	-125.667984	0.367888
660.000001	-122.112702	0.283978	-108.105449	0.354781	-67.460633	0.426842	-116.715880	0.251512
670.000001	-129.419841	0.216602	-124.853252	0.403606	-60.719006	0.294098	-134.554844	-0.250192
680.000001	-123.562876	-0.180072	-135.961328	0.441717	-66.493096	0.349849	-118.112709	-0.339732
690.000001	-125.558961	-0.478066	-126.520802	-0.430006	-73.210146	0.329484	-115.977041	-0.443607
700.000001	-125.381768	0.053515	-128.466027	-0.051385	-62.350076	0.404006	-124.511967	-0.179148
710.000001	-127.219723	-0.396870	-119.041734	0.432821	-69.878987	0.021642	-114.680302	-0.377845
720.000001	-135.060700	0.197905	-133.388023	0.050422	-62.878202	-0.265702	-122.898398	-0.496493
730.000001	-133.274381	-0.015548	-127.227188	-0.229074	-67.788197	-0.157673	-140.456696	-0.175276
740.000001	-132.523791	0.141491	-122.239618	-0.367007	-61.445538	-0.252525	-124.702319	-0.314430
750.000001	-120.541875	0.264497	-121.990900	0.039236	-61.140404	0.131267	-121.807575	-0.032394
760.000001	-134.856253	-0.296937	-123.850265	0.448729	-67.107983	-0.043097	-128.850395	-0.390228
770.000001	-127.219860	0.425588	-124.694654	0.215754	-67.462254	-0.354525	-124.557929	0.031314
780.000001	-114.441542	-0.426598	-107.870094	-0.050682	-73.750952	0.071075	-119.185308	-0.366384
790.000001	-141.109479	0.396411	-129.116921	-0.076160	-63.800273	0.153681	-118.533406	0.232013
800.000001	-123.378993	-0.131673	-122.889038	-0.052727	-65.980923	0.403452	-117.352374	-0.118832
810.000001	-122.061434	-0.119319	-123.659288	0.083484	-64.926365	-0.161685	-125.242254	-0.114159
820.000001	-126.723367	-0.305550	-138.035554	-0.037830	-69.382374	-0.009106	-119.107928	0.237880
830.000001	-136.326576	0.276782	-126.784265	0.372027	-72.296647	0.248764	-133.105732	0.391703
840.000001	-135.070740	0.160669	-127.256640	0.252887	-64.197813	-0.001734	-117.575637	-0.385549
850.000001	-127.387175	-0.313760	-123.783139	0.184925	-64.601210	-0.449347	-118.087934	-0.440242
860.000001	-135.749389	0.165007	-138.794236	-0.321445	-64.436200	0.284659	-129.980670	0.061058
870.000001	-122.583407	0.327081	-127.624557	-0.018483	-67.519357	0.340024	-127.509702	0.292336
880.000001	-148.885007	-0.198513	-121.045664	0.376955	-73.135127	-0.327697	-119.097946	0.196216
890.000001	-127.651526	-0.025914	-125.491374	-0.171751	-69.202256	0.115445	-127.875490	0.117270
900.000001	-125.413661	0.218833	-117.169345	-0.011539	-61.331627	-0.301298	-85.641173	-0.457903
910.000001	-126.752729	0.053072	-120.461290	-0.161081	-69.424086	-0.067224	-124.464619	0.081126
920.000001	-131.649346	-0.059924	-132.639167	0.391292	-75.456614	-0.415994	-124.064542	-0.029455
930.000001	-125.104997	0.064970	-127.598258	0.085383	-66.456897	0.074198	-127.269167	0.086963
940.000001	-119.403205	-0.095473	-121.753255	0.295953	-64.097628	-0.467902	-119.564473	0.003343
950.000001	-127.261601	0.264852	-130.245588	-0.282159	-67.675826	0.169491	-133.496629	0.069621
960.000001	-133.819831	0.381003	-123.567084	0.303665	-61.677489	-0.210253	-125.753683	-0.395656
970.000001	-122.847378	-0.012277	-141.290190	0.393912	-70.262486	0.171280	-121.185111	0.269957
980.000001	-128.065703	0.306965	-123.932398	-0.230761	-62.284423	-0.248779	-121.287281	0.392369
990.000001	-124.903531	0.163903	-124.071490	-0.153384	-67.038547	-0.281765	-138.776744	0.153580
1000.000001	-119.330242	-0.363702	-133.176835	-0.182345	-61.956680	-0.087031	-126.818773	-0.421063
1010.000001	-126.204422	-0.483439	-139.613809	-0.430972	-68.514820	0.132717	-128.163136	-0.010155
1020.000001	-121.436001	0.381115	-109.424654	-0.457265	-86.583824	-0.484348	-123.988803	0.051454
1030.000001	-123.275077	-0.175640	-134.018229	-0.482985	-71.690936	0.462461	-119.771097	-0.168804
1040.000001	-122.569024	-0.214027	-127.106273	0.491721	-68.051998	0.167231	-122.935638	-0.084527
1050.000001	-122.421401	-0.236540	-127.617454	-0.234706	-71.113741	0.249035	-123.434357	-0.488820
1060.000001	-131.696040	0.248794	-123.751258	-0.125740	-70.934049	0.360799	-127.436225	-0.360097
1070.000001	-127.026722	0.135278	-120.872646	0.362350	-65.206284	-0.074118	-137.774335	0.476449
1080.000001	-122.631391	0.034932	-127.523143	0.223257	-73.464667	0.066603	-123.304540	0.347556
1090.000001	-121.543628	0.208402	-122.702005	-0.181749	-73.970555	0.454790	-126.155696	-0.469638
1100.000001	-142.788062	0.284694	-135.735743	0.211298	-67.771186	0.389036	-126.034556	0.062269
1110.000001	-123.206846	0.107296	-140.436834	0.410487	-70.889416	-0.288058	-122.498628	0.005627
1120.000001	-123.178170	0.307738	-118.436341	0.241132	-67.789831	-0.144450	-137.773510	-0.206342
1130.000001	-139.023730	0.413592	-130.617559	0.489467	-61.773745	0.157096	-119.851881	-0.213084
1140.000001	-130.867044	0.421985	-114.982741	0.080108	-65.299309	-0.464470	-131.486393	-0.302297
1150.000001	-120.828344	0.060465	-121.847820	0.051684	-74.351132	-0.449242	-123.707047	0.169544
1160.000001	-123.412261	-0.084354	-133.683340	0.156934	-67.564037	-0.155040	-138.239493	0.420969
1170.000001	-124.360058	0.292724	-126.124118	0.239427	-65.029082	0.159448	-123.896540	-0.274074
1180.000001	-126.192889	-0.290493	-129.606401	-0.486278	-69.204040	0.254905	-131.329217	-0.384829
1190.000001	-122.930095	-0.351864	-120.451237	-0.201538	-72.060814	-0.285004	-121.191602	-0.259907
1200.000001	-123.551889	0.009273	-129.659994	-0.208632	-72.973662	0.286506	-122.368877	0.001147
1210.000001	-129.995335	-0.465983	-134.941174	-0.212987	-68.651239	-0.367074	-132.839420	-0.381003
1220.000001	-127.669232	0.388125	-125.606045	-0.219893	-62.311422	-0.467591	-123.798476	-0.053468
1230.000001	-117.188383	0.358615	-118.199395	-0.163483	-76.351165	-0.495254	-129.084217	0.432266
1240.000001	-135.401523	0.403430	-119.496818	-0.240654	-68.621375	0.318170	-125.250258	0.163904
1250.000001	-129.725049	0.447288	-118.623528	-0.015726	-76.869896	0.286122	-126.031118	-0.247573
1260.000001	-123.991329	-0.009169	-123.333919	0.258662	-69.149523	0.288186	-120.672331	-0.378375
1270.000001	-134.453782	-0.281787	-122.565562	0.007159	-72.887223	-0.057789	-126.340119	0.111102
1280.000001	-128.736929	0.017021	-117.028867	-0.271987	-68.328758	-0.055647	-126.391682	-0.307421
1290.000001	-141.783937	0.077078	-122.903580	-0.253561	-75.667846	0.196003	-126.283346	-0.185219
1300.000001	-123.933255	-0.253691	-120.479215	0.460962	-73.656687	-0.152812	-124.667131	0.319000
1310.000001	-121.013517	-0.385026	-118.745278	0.011798	-68.120095	0.251801	-123.074507	0.347042
1320.000001	-129.347890	0.048683	-112.224277	0.359718	-65.340210	-0.003797	-121.262906	-0.284213
1330.000001	-125.566478	0.166504	-122.457423	-0.123885	-69.056648	-0.439315	-126.322157	0.344659
1340.000001	-137.461562	0.417944	-112.963367	0.325466	-83.113218	0.456305	-130.877164	-0.288302
1350.000001	-125.159667	-0.028711	-120.904884	0.302264	-68.655153	-0.433260	-92.237662	-0.141739
1360.000001	-132.445650	0.209222	-120.813695	0.391387	-69.486401	0.066621	-130.670918	-0.260749
1370.000001	-124.721133	0.097095	-117.232732	0.377237	-69.061929	-0.078614	-129.331630	-0.441454
1380.000001	-128.669113	-0.285581	-116.165857	-0.371639	-82.832318	0.252196	-132.674216	0.278768
1390.000001	-123.588354	-0.421616	-115.658589	-0.482729	-70.219388	0.169124	-122.002243	0.369373
1400.000001	-128.096438	0.001291	-116.503635	0.066595	-66.558453	0.327697	-119.272385	-0.241776
1410.000001	-129.347630	0.405597	-111.761604	0.269644	-65.016604	0.471865	-128.469706	0.301380
1420.000001	-126.229603	-0.497819	-118.823316	0.176686	-78.350876	0.317079	-131.294308	0.138723
1430.000001	-132.783789	0.027266	-120.435239	0.371094	-71.041338	0.356223	-132.018425	0.402859
1440.000001	-126.255230	0.004675	-114.977235	-0.027872	-67.147394	0.469328	-137.868487	-0.243275
1450.000001	-132.877934	0.499130	-129.203533	0.407805	-68.041814	0.320192	-125.877037	0.309674
1460.000001	-117.866740	-0.248556	-115.901401	-0.194046	-68.783272	0.145513	-132.359509	-0.362302
1470.000001	-124.541198	0.170462	-111.764222	-0.227348	-70.631155	0.093124	-126.107032	0.216897
1480.000001	-124.238311	-0.267025	-136.901274	0.340125	-80.990401	0.223176	-129.797356	0.056245
1490.000001	-127.244762	0.114546	-125.083295	-0.106480	-74.780770	-0.208058	-119.077246	-0.460910
1500.000001	-127.806074	0.280563	-117.805714	0.023974	-68.147071	0.133841	-135.169857	-0.463903
1510.000001	-129.758634	-0.358903	-135.672676	-0.478015	-71.118082	0.387341	-129.644994	-0.132314
1520.000001	-135.826918	-0.069085	-124.529252	-0.365250	-67.198943	-0.180052	-119.497510	-0.141888
1530.000001	-132.952994	0.469433	-121.272447	-0.087538	-73.283115	-0.238804	-140.056300	-0.494484
1540.000001	-118.744066	0.252973	-124.311757	0.044698	-70.360245	0.453328	-123.836274	-0.255193
1550.000001	-127.957184	0.051108	-133.779051	-0.334472	-71.103453	-0.312258	-127.562867	-0.370843
1560.000001	-128.456696	-0.098642	-120.795664	-0.166512	-70.241075	0.388514	-124.509126	-0.244726
1570.000001	-122.374556	0.099909	-118.740171	-0.367303	-72.165725	0.226633	-129.371190	0.333437
1580.000001	-135.195180	-0.324918	-126.189975	-0.164949	-74.744840	0.215007	-121.459271	-0.226429
1590.000001	-124.332467	-0.422132	-121.958822	-0.253455	-72.523179	0.131449	-125.666337	-0.394777
1600.000001	-127.450723	-0.227610	-123.105916	0.117847	-72.443421	-0.279652	-139.778069	0.467542
1610.000001	-127.259391	-0.137048	-129.297540	0.093862	-79.222167	0.000504	-127.693426	0.365239
1620.000001	-119.246083	-0.102539	-124.798831	0.350102	-74.665510	0.418132	-123.456357	0.323381
1630.000001	-126.808422	0.427837	-131.547162	-0.074762	-67.087729	-0.016488	-122.560733	-0.137420
1640.000001	-124.476443	0.373282	-122.651158	0.461059	-80.211965	0.482624	-127.927807	-0.329823
1650.000001	-133.916531	0.489770	-118.919247	-0.115147	-81.673274	0.131329	-126.428485	0.341688
1660.000001	-130.973018	-0.226958	-124.085728	0.293913	-71.301532	-0.194758	-123.577439	0.477495
1670.000001	-128.378277	0.352480	-126.804199	-0.423552	-72.115887	-0.210789	-121.881601	-0.016085
1680.000001	-123.257558	0.169888	-130.571539	0.354609	-64.894840	-0.441217	-125.170635	0.265686
1690.000001	-137.730393	-0.012247	-127.288843	-0.215011	-73.108024	0.281582	-127.321884	-0.085991
1700.000002	-121.616553	-0.481097	-129.440152	-0.417194	-69.212608	0.448415	-132.005274	-0.417449
1710.000002	-127.419100	-0.262956	-119.763841	-0.397532	-76.237998	-0.168850	-122.946848	-0.304786
1720.000002	-121.722760	-0.282577	-121.390403	0.483740	-88.456630	0.193832	-134.068226	-0.054421
1730.000002	-125.885802	-0.058315	-124.851612	-0.196134	-83.726339	-0.223419	-126.519730	-0.037220
1740.000002	-120.405125	-0.461751	-119.317673	0.486458	-73.521329	0.336896	-128.328822	-0.338914
1750.000002	-126.328414	0.239903	-134.968768	-0.138953	-65.782795	0.306719	-126.724590	-0.116821
1760.000002	-125.703186	-0.257540	-133.053078	-0.078698	-73.120382	-0.401791	-127.381443	-0.401291
1770.000002	-125.538679	0.210772	-125.486831	0.064698	-70.330619	-0.112671	-130.700809	-0.422633
1780.000002	-133.917425	0.381543	-127.164553	-0.144394	-73.660571	-0.245234	-120.159580	0.281128
1790.000002	-124.522832	0.195626	-122.690075	0.301207	-77.363951	0.089397	-130.338808	-0.433213
1800.000002	-123.854684	-0.062647	-126.992537	0.242406	-73.378465	0.195197	-102.691285	0.097209
1810.000002	-124.627630	0.164315	-124.897061	-0.264057	-71.182824	0.487135	-122.892219	-0.425133
1820.000002	-122.969537	0.410702	-122.628382	-0.350478	-78.918292	-0.425952	-122.876112	0.287019
1830.000002	-124.973100	0.180087	-127.835777	-0.257886	-76.075854	0.431079	-120.726595	-0.096674
1840.000002	-122.175747	0.128244	-127.681793	0.350475	-68.179171	-0.148440	-129.391364	-0.351789
1850.000002	-130.967808	0.052832	-124.788258	0.312803	-71.218846	0.126174	-128.729771	-0.331347
1860.000002	-124.664678	-0.383050	-125.860847	0.085744	-70.901264	0.086919	-124.125777	-0.244721
1870.000002	-122.484645	-0.112900	-129.654435	-0.467923	-84.184613	-0.314986	-124.852186	0.026863
1880.000002	-124.428259	0.317089	-131.073980	-0.233152	-72.163603	0.466703	-124.072791	-0.351500
1890.000002	-131.990408	-0.201648	-127.731346	-0.469525	-69.980927	-0.220227	-122.248857	-0.308548
1900.000002	-126.889726	0.475392	-132.747047	0.180127	-74.336728	-0.072810	-116.604574	-0.456951
1910.000002	-130.085106	-0.077928	-123.606319	-0.296585	-77.085413	-0.301456	-119.226840	0.272910
1920.000002	-122.540365	-0.176149	-132.725116	0.123404	-67.808627	0.224235	-119.437391	-0.142773
1930.000002	-136.152217	-0.389823	-117.942758	0.492119	-75.514135	0.254525	-127.051075	0.197210
1940.000002	-126.424176	0.295545	-125.482266	0.260979	-76.534703	-0.109104	-136.770074	-0.064144
1950.000002	-129.716398	0.057821	-135.556430	0.349045	-76.453004	0.363780	-121.643797	0.337937
1960.000002	-133.639818	-0.428208	-124.863453	0.398703	-69.060737	-0.245832	-121.880292	-0.340698
1970.000002	-125.285687	-0.038575	-124.085645	0.353929	-78.098369	0.255410	-122.204830	-0.180405
1980.000002	-126.641323	0.406469	-128.207119	0.219422	-75.936998	-0.436935	-129.837895	0.396211
1990.000002	-130.949141	-0.039441	-121.295591	0.176185	-74.367690	-0.211020	-128.654030	0.410351
2000.000002	-132.409210	-0.271221	-133.773898	0.222755	-78.583888	0.284476	-121.796390	0.487696
2010.000002	-130.108411	-0.331214	-128.099815	-0.146747	-73.623952	-0.297904	-128.047680	-0.409665
2020.000002	-125.007392	0.100642	-130.459518	-0.355991	-73.117793	-0.433461	-127.649249	0.254355
2030.000002	-121.592627	-0.297576	-142.052569	0.149563	-71.762316	0.428585	-131.789217	0.479149
2040.000002	-123.070810	-0.194671	-121.916616	-0.084177	-80.278716	0.210059	-124.053353	-0.060234
2050.000002	-119.481442	0.431720	-124.998704	0.187509	-80.159633	-0.266028	-127.493357	0.430774
2060.000002	-122.513574	0.070283	-121.598031	0.070314	-76.040960	0.228309	-138.405264	0.136337
2070.000002	-128.938890	-0.185622	-134.964528	-0.306909	-69.628974	-0.178309	-126.655144	0.263047
2080.000002	-124.617109	-0.019524	-129.334718	0.200351	-73.807183	0.088311	-124.441829	0.005789
2090.000002	-124.060858	-0.267018	-134.410963	-0.393289	-77.981071	-0.375154	-129.277991	-0.101614
2100.000002	-128.921673	-0.097823	-121.856571	-0.361518	-70.996800	-0.109439	-133.371565	0.244499
2110.000002	-123.281030	-0.021557	-120.868710	-0.094854	-69.149950	-0.481064	-119.172128	-0.163535
2120.000002	-129.388717	0.023546	-123.251387	-0.331095	-72.083756	-0.483203	-123.108882	0.228393
2130.000002	-124.436887	-0.274913	-124.898977	0.459176	-75.416412	0.127054	-131.261580	-0.219479
2140.000002	-120.629732	0.399029	-126.527089	0.177937	-74.118863	-0.030515	-131.369754	0.496161
2150.000002	-126.421668	-0.423033	-130.111816	-0.235418	-67.336543	0.021787	-129.657679	-0.356701
2160.000002	-120.971227	0.284206	-123.602189	0.256243	-73.781641	-0.415016	-128.275281	0.387097
2170.000002	-124.846083	-0.442811	-127.211289	0.109760	-74.511785	-0.054180	-124.840109	0.270250
2180.000002	-131.349163	-0.464002	-133.571542	-0.116198	-82.037588	0.265096	-136.687353	-0.222722
2190.000002	-126.802728	0.280333	-126.226298	-0.476952	-74.813396	0.149632	-123.530928	-0.354414
2200.000002	-128.761747	-0.101199	-126.326544	0.187749	-74.478195	-0.225587	-128.798330	-0.434930
2210.000002	-126.329830	0.270941	-125.694068	-0.350453	-71.630459	0.207713	-128.027103	-0.027270
2220.000002	-123.330541	0.145959	-131.939159	0.070188	-95.714932	0.268296	-127.259957	0.379528
2230.000002	-129.244875	0.383276	-120.087879	-0.443789	-74.607833	0.094528	-121.767575	0.250761
2240.000002	-126.215739	-0.480345	-124.606393	-0.125662	-77.826184	-0.189279	-142.064483	0.003213
2250.000002	-125.723860	0.078058	-132.391205	0.160147	-70.628197	-0.289633	-96.268889	-0.155993
2260.000002	-127.687917	-0.447736	-119.118455	-0.430951	-71.625268	0.430037	-128.753929	0.365733
2270.000002	-131.161583	0.040982	-135.525749	-0.252650	-77.727105	0.437402	-129.441133	0.158551
2280.000002	-125.088662	-0.329657	-124.940825	0.036480	-76.728286	0.017316	-139.322818	-0.003542
2290.000002	-131.629397	0.289608	-122.705159	-0.084642	-79.780061	0.290800	-124.725145	0.298634
2300.000002	-129.028318	0.129740	-123.605445	-0.454475	-69.691410	0.188523	-125.163033	-0.494594
2310.000002	-122.599773	-0.400750	-132.141922	0.147625	-68.205122	-0.198184	-122.006249	0.189661
2320.000002	-127.151980	0.438149	-121.725071	0.094869	-71.316977	0.411263	-130.208502	-0.238605
2330.000002	-123.171354	-0.215430	-139.134424	-0.342119	-74.769919	-0.227624	-123.941123	-0.310036
2340.000002	-135.792697	0.089861	-128.488877	-0.047145	-84.707734	-0.259915	-130.176900	-0.095393
2350.000002	-140.657410	-0.096131	-142.020185	0.355445	-73.365225	-0.366805	-124.889086	-0.181374
2360.000002	-126.048505	-0.332991	-122.299164	-0.107335	-75.710622	-0.139115	-129.761261	-0.300010
2370.000002	-128.511892	0.301450	-127.292133	-0.411858	-77.302261	0.195369	-129.064799	-0.040749
2380.000002	-128.236190	0.349330	-132.397091	0.043705	-76.836547	0.377600	-126.097752	-0.290742
2390.000002	-122.665143	0.151142	-125.323884	0.310068	-81.401971	0.353688	-123.077385	0.474476
2400.000002	-126.653297	0.391745	-128.497688	0.374623	-77.974161	-0.325069	-121.541351	-0.218053
2410.000002	-124.898639	0.358252	-125.923518	-0.493097	-80.322244	0.408716	-126.736200	0.460746
2420.000002	-138.341072	-0.115830	-122.160970	-0.072791	-79.925091	-0.398219	-130.556533	-0.059078
2430.000002	-124.847794	-0.410986	-121.014427	-0.053265	-74.392850	0.329368	-128.041912	0.067202
2440.000002	-124.103627	0.223685	-120.419144	-0.468787	-70.838616	0.068300	-125.743633	0.168110
2450.000002	-132.824982	-0.021194	-133.020368	0.137914	-68.643410	-0.321120	-127.367618	0.380618
2460.000002	-124.962591	-0.404115	-128.464537	0.270700	-76.576778	0.388923	-129.392504	0.487510
2470.000002	-125.651809	-0.261039	-130.226391	-0.215730	-78.572474	0.115911	-127.976469	-0.465230
2480.000002	-130.670022	0.146850	-126.435720	-0.246561	-76.934458	-0.329200	-122.896413	0.369328
2490.000002	-133.551877	0.451118	-132.654522	-0.272905	-77.966347	-0.048854	-120.038023	-0.287665
2500.000002	-127.667591	-0.282578	-123.459143	0.025430	-77.063909	-0.119512	-127.522768	-0.483408
2510.000002	-127.521830	-0.176904	-127.858753	0.052201	-80.385238	-0.178597	-124.888045	-0.151093
2520.000002	-137.540258	0.315532	-122.672278	-0.449129	-76.976111	0.359503	-125.369322	-0.149350
2530.000002	-130.514055	0.325033	-123.953780	0.339417	-78.694309	0.418278	-126.121050	-0.084378
2540.000002	-122.662096	-0.323899	-124.508499	-0.197507	-79.772674	-0.424160	-123.768730	0.200800
2550.000002	-123.589143	0.271992	-126.773479	-0.189758	-71.242804	0.230544	-118.065228	-0.235247
2560.000002	-118.033480	0.259552	-129.762424	-0.252518	-77.581249	0.325394	-121.967093	0.260679
2570.000002	-129.962980	0.346496	-121.688844	-0.277034	-75.819345	0.205307	-120.808304	-0.215093
2580.000002	-127.908319	-0.003824	-121.308305	-0.443013	-74.839145	-0.355647	-126.029469	-0.496751
2590.000002	-132.123141	-0.334832	-132.330337	-0.462153	-74.381749	-0.222212	-142.023289	-0.255707
2600.000002	-132.092554	-0.252024	-121.121970	-0.238629	-72.891636	-0.138714	-130.562051	0.138943
2610.000002	-120.838450	0.183278	-132.979889	0.267884	-87.351997	0.007546	-123.373183	0.358745
2620.000002	-128.987985	-0.048984	-130.772924	-0.070089	-79.395056	0.320221	-129.208038	-0.059138
2630.000002	-133.601144	-0.488156	-125.341869	0.121242	-74.008020	-0.275836	-126.480786	-0.110666
2640.000002	-131.392081	-0.010603	-120.939175	0.100302	-69.590354	0.377163	-118.327221	0.150274
2650.000002	-123.953418	-0.305121	-124.085434	0.061347	-82.361591	0.106929	-142.049045	0.256748
2660.000002	-121.925770	-0.359164	-148.847612	0.444409	-74.167752	0.461012	-127.118441	0.223597
2670.000002	-127.937084	0.127091	-121.593314	-0.497719	-76.646147	-0.175530	-119.677717	-0.198193
2680.000002	-123.247895	-0.341857	-125.934162	0.247863	-77.797767	-0.137772	-126.346119	-0.371477
2690.000002	-127.295658	0.165234	-126.268079	-0.290401	-82.376739	-0.367606	-125.720076	-0.393407
2700.000002	-136.351581	-0.132363	-129.637004	0.087882	-66.355063	-0.253289	-98.482225	0.128561
2710.000002	-120.365585	0.258255	-136.734666	-0.455830	-75.491999	0.321574	-137.905688	0.219735
2720.000002	-139.061042	-0.168129	-123.369484	0.088959	-74.273844	0.373143	-118.260156	0.255446
2730.000002	-128.141252	0.265921	-138.667947	-0.231154	-71.736974	-0.177254	-131.830802	-0.171882
2740.000002	-129.461224	0.163642	-120.756516	0.099909	-82.085033	0.171403	-125.636837	-0.030881
2750.000002	-140.706890	-0.499707	-122.111091	0.338269	-69.804532	0.356577	-129.294894	0.275929
2760.000002	-144.903339	-0.323730	-130.884995	-0.405669	-77.812896	-0.438805	-122.981402	0.060242
2770.000002	-124.497388	0.097293	-125.100759	-0.290582	-79.021970	0.012465	-122.350976	-0.406711
2780.000002	-131.080575	-0.198834	-127.899792	0.037500	-79.399581	-0.449369	-118.990765	0.458348
2790.000002	-128.006442	-0.114657	-126.038281	-0.252542	-74.739649	0.446918	-127.271798	-0.469595
2800.000002	-138.475178	0.038651	-119.021565	-0.268530	-74.711372	0.317283	-124.178679	-0.119132
2810.000002	-126.066688	-0.297779	-128.108444	0.012637	-81.020909	-0.173915	-124.996996	-0.365408
2820.000002	-142.591856	0.396738	-141.219862	-0.365186	-77.459691	0.350861	-126.172891	-0.061904
2830.000003	-122.077753	0.332228	-130.032530	0.164512	-77.575116	0.242240	-121.741732	-0.029265
2840.000003	-120.751509	-0.291319	-120.625898	0.473427	-83.501328	-0.181933	-134.650523	0.428195
2850.000003	-120.334817	-0.283026	-126.780083	-0.175030	-72.749030	0.274825	-123.162177	0.295556
2860.000003	-120.820099	0.440447	-131.340874	0.431242	-85.755688	0.031807	-132.947590	0.303506
2870.000003	-122.013722	0.161193	-122.352556	-0.492615	-73.832130	-0.039890	-122.358596	-0.082740
2880.000003	-118.888221	-0.252853	-127.122173	-0.254911	-76.852845	0.099857	-127.307732	-0.424687
2890.000003	-120.253048	0.352117	-125.411595	0.317393	-75.473290	0.161543	-129.036086	0.357409
2900.000003	-131.206649	-0.248614	-120.077642	-0.155615	-81.504467	0.186482	-129.541893	0.463743
2910.000003	-129.009240	-0.266929	-122.370540	-0.094290	-87.358721	-0.323026	-133.937640	-0.471666
2920.000003	-120.203914	-0.134944	-132.259335	0.237615	-69.120398	-0.288630	-127.501416	-0.047054
2930.000003	-127.144573	-0.054747	-126.558876	0.163601	-78.583989	-0.405051	-127.708642	-0.075909
2940.000003	-122.152240	-0.311047	-116.148073	-0.300026	-74.979604	-0.173586	-119.447014	-0.401081
2950.000003	-124.324594	0.217801	-130.324243	-0.294846	-71.794260	-0.005874	-126.688682	-0.055844
2960.000003	-129.144416	0.061541	-139.372952	-0.109007	-70.619440	-0.332614	-123.152945	0.104388
2970.000003	-129.129122	-0.491286	-130.284573	0.129825	-79.871066	0.007005	-123.914798	0.238837
2980.000003	-128.977244	0.044418	-121.936222	0.224915	-74.080564	0.146700	-128.746196	-0.485692
2990.000003	-130.742981	-0.428869	-128.169699	-0.314649	-75.811576	0.482920	-120.606633	-0.198911
3000.000003	-125.727616	-0.084697	-128.996377	0.180560	-74.940188	0.218128	-131.210583	0.018116
3010.000003	-126.298795	0.401860	-126.780248	-0.171831	-74.120689	0.059602	-128.552858	-0.462845
3020.000003	-125.944254	0.302335	-121.080940	0.263568	-74.580878	-0.183790	-121.370709	0.114288
3030.000003	-144.105005	0.075162	-120.877588	-0.147556	-74.768239	0.006244	-125.153683	-0.442612
3040.000003	-136.107199	-0.191807	-123.908843	0.325003	-78.438423	-0.109203	-123.524201	-0.239224
3050.000003	-127.264373	-0.285211	-122.942349	0.463606	-77.965953	-0.468632	-122.076762	-0.412051
3060.000003	-123.941239	-0.068810	-130.203287	0.230428	-80.604279	-0.296843	-124.915504	-0.087107
3070.000003	-122.291770	-0.349325	-122.471867	-0.331246	-74.820339	-0.343816	-126.586052	-0.432160
3080.000003	-122.479916	0.419125	-124.891026	-0.366770	-74.935479	-0.281812	-127.164430	0.053557
3090.000003	-131.307399	0.074359	-124.630912	-0.177975	-83.972585	0.142609	-126.043246	-0.057025
3100.000003	-128.316990	-0.466641	-128.754670	0.333748	-73.460842	-0.440844	-119.986320	0.353655
3110.000003	-131.683296	0.385768	-126.869312	0.107169	-74.313242	0.109653	-126.502951	-0.049341
3120.000003	-122.546993	-0.372062	-123.035163	-0.426374	-70.433656	-0.165402	-136.673845	-0.482227
3130.000003	-143.264806	-0.311138	-131.601279	0.201460	-75.479045	-0.223820	-138.373446	-0.496068
3140.000003	-130.039168	0.354417	-121.976491	-0.073807	-79.420708	-0.330218	-123.182426	0.316207
3150.000003	-129.026287	-0.065682	-118.828906	0.000352	-89.736132	-0.273674	-96.438325	-0.094031
3160.000003	-131.165383	-0.437951	-130.830281	0.365583	-73.621891	0.173270	-125.982369	0.139458
3170.000003	-124.875831	-0.416049	-127.000974	-0.001605	-86.602335	-0.165821	-121.342250	-0.384002
3180.000003	-124.235618	0.184921	-134.155679	-0.369018	-81.449223	0.051536	-137.713069	-0.262261
3190.000003	-121.520650	-0.360193	-125.658295	-0.265653	-80.154178	-0.332786	-125.783905	-0.215548
3200.000003	-127.687126	-0.321967	-131.014968	-0.414743	-74.392637	-0.298185	-134.475737	-0.025503
3210.000003	-125.039653	-0.455190	-128.513863	-0.028739	-74.086925	-0.031970	-123.116143	0.019149
3220.000003	-125.484017	0.476862	-124.738540	0.035136	-79.348644	0.209572	-123.034198	0.330602
3230.000003	-124.019873	0.008375	-127.097493	-0.331443	-73.146105	-0.303759	-124.809181	0.029404
3240.000003	-122.508666	0.282292	-125.255071	0.415623	-85.246084	0.039753	-125.176604	0.133031
3250.000003	-129.947820	0.412119	-132.177742	-0.171305	-71.251045	-0.276626	-117.990294	-0.330004
3260.000003	-126.135766	0.292077	-120.604527	0.100181	-82.592249	-0.233904	-122.743359	0.122722
3270.000003	-120.971303	0.453981	-119.557540	-0.499425	-74.019687	-0.156543	-122.826173	-0.464304
3280.000003	-126.901710	0.064444	-125.312884	0.463556	-90.231913	-0.032297	-124.276091	0.444861
3290.000003	-125.306373	0.376021	-128.495624	0.090499	-81.943497	-0.346351	-127.896187	0.353142
3300.000003	-119.616554	0.009257	-122.104574	-0.055353	-76.813179	-0.267930	-122.963431	0.091013
3310.000003	-127.911581	-0.141244	-124.404397	-0.153948	-80.689687	0.234223	-122.086591	-0.349540
3320.000003	-131.771441	0.210192	-128.012497	0.259027	-92.927708	0.448280	-123.337105	0.082825
3330.000003	-129.939961	-0.327888	-130.332813	0.144218	-76.614079	0.435923	-123.892727	-0.476680
3340.000003	-127.784749	0.320779	-123.786677	0.091579	-76.919684	0.204774	-121.692511	-0.377703
3350.000003	-125.998502	0.118959	-126.027198	0.375945	-76.139002	-0.233993	-123.780480	-0.103257
3360.000003	-128.834046	0.439545	-128.529995	-0.377561	-73.721307	-0.174080	-129.333715	-0.020382
3370.000003	-134.286259	0.335860	-121.199817	0.420478	-82.003008	-0.130021	-118.637421	0.300334
3380.000003	-132.411669	0.140933	-129.330286	-0.076032	-75.710852	0.150656	-120.804533	-0.019878
3390.000003	-126.464510	-0.305667	-125.747569	-0.437229	-78.804106	-0.489136	-132.899254	-0.495780
3400.000003	-132.646902	-0.383091	-126.003792	-0.334046	-84.380134	0.360881	-129.069892	-0.366803
3410.000003	-124.658023	0.120380	-129.016600	-0.456661	-74.486456	0.198722	-126.663402	0.335009
3420.000003	-123.936865	0.324395	-123.007901	0.430769	-71.514220	0.261941	-129.277353	0.105871
3430.000003	-126.704044	0.362322	-132.748661	-0.142294	-77.214209	-0.382206	-123.412835	-0.353499
3440.000003	-122.377652	0.216172	-135.248162	-0.095421	-86.850278	-0.056689	-135.827424	0.240096
3450.000003	-122.111173	-0.072437	-125.137049	0.018633	-84.603670	-0.136651	-134.981965	-0.275472
3460.000003	-134.506272	0.215531	-131.731569	-0.452143	-83.367264	-0.123563	-126.933913	0.171361
3470.000003	-128.843327	-0.230280	-127.865975	-0.054574	-75.059044	-0.219129	-120.776377	-0.005852
3480.000003	-129.482606	0.140178	-124.259455	-0.459457	-78.721813	-0.294805	-128.467763	0.441973
3490.000003	-128.514253	-0.018971	-129.213932	-0.230328	-76.477465	0.102352	-124.907204	-0.376441
3500.000003	-122.535060	0.461035	-124.403858	0.091912	-73.314248	-0.486010	-120.500451	0.407086
3510.000003	-120.112921	0.455958	-124.344534	-0.432567	-81.179764	-0.136207	-117.219676	-0.406266
3520.000003	-131.118947	-0.102568	-133.527185	-0.350897	-72.372839	-0.028337	-130.131184	0.192822
3530.000003	-139.807593	-0.419263	-122.034398	0.387150	-80.216100	-0.197526	-135.028727	0.030615
3540.000003	-126.443455	0.403281	-139.678368	-0.474947	-84.293484	-0.086795	-134.990067	-0.344059
3550.000003	-139.316855	0.476073	-126.719537	-0.138565	-85.219016	-0.077720	-122.004751	0.292594
3560.000003	-129.921730	0.001274	-120.997190	0.238545	-79.268437	0.321467	-127.502414	-0.064089
3570.000003	-122.995311	-0.122332	-128.670297	0.151358	-91.981391	0.379176	-124.266120	0.055824
3580.000003	-123.313722	0.070470	-131.068374	-0.043875	-76.032950	0.245331	-133.939069	0.232991
3590.000003	-121.028167	-0.488238	-125.215789	-0.196284	-73.899422	-0.422693	-136.393169	0.484173
3600.000003	-126.110265	-0.219745	-125.199766	0.000725	-81.232148	0.169721	-104.576214	0.177140
3610.000003	-130.672369	0.258676	-127.087492	0.408683	-86.891633	0.061683	-131.715004	-0.141137
3620.000003	-132.060172	-0.135994	-131.095628	0.332169	-75.429070	0.012641	-125.263678	0.061107
3630.000003	-124.130722	-0.099785	-120.289138	-0.289617	-76.681323	0.008790	-141.538333	-0.478435
3640.000003	-138.208853	0.364810	-130.676201	0.231814	-84.204461	-0.499381	-121.115811	0.363798
3650.000003	-141.127648	0.252256	-119.403844	0.230764	-78.424870	-0.308880	-124.006746	0.113936
3660.000003	-129.751464	-0.390215	-153.715039	0.343018	-73.592498	-0.434320	-130.545468	-0.339285
3670.000003	-128.231451	0.042950	-127.883795	-0.000435	-74.653449	-0.218623	-131.325916	-0.153516
3680.000003	-124.894442	-0.223420	-133.091988	0.034702	-76.543965	0.153725	-119.974613	0.360780
3690.000003	-128.085642	0.048484	-119.441263	-0.038279	-74.267907	-0.223485	-124.124874	-0.356551
3700.000003	-132.449147	-0.055945	-120.598527	0.293930	-72.777786	0.323665	-136.661084	-0.229140
3710.000003	-123.208424	-0.464842	-122.795283	-0.117839	-77.485941	-0.207614	-123.129406	-0.127621
3720.000003	-127.311786	-0.329845	-123.758725	0.182507	-82.985037	-0.417829	-120.505702	0.183005
3730.000003	-129.034438	0.365813	-148.932152	-0.080909	-79.586155	0.372661	-124.894015	-0.129287
3740.000003	-127.123598	0.323532	-129.384852	-0.280185	-89.149243	0.081764	-127.845510	0.096187
3750.000003	-134.543232	-0.197371	-136.827457	-0.131628	-84.345391	0.251771	-126.849343	0.041861
3760.000003	-120.295357	-0.153553	-127.215505	-0.285402	-85.512928	-0.097949	-130.036766	0.301993
3770.000003	-136.302614	-0.231695	-122.374125	-0.305973	-77.947150	0.166797	-129.876898	-0.225753
3780.000003	-126.864216	-0.014841	-122.599335	0.070375	-76.964923	0.078338	-132.541817	-0.174529
3790.000003	-126.671354	0.355745	-144.278486	0.373923	-81.447929	-0.441258	-129.408749	0.350460
3800.000003	-120.445570	0.214597	-139.498249	-0.370315	-84.900650	-0.443263	-130.061697	0.443145
3810.000003	-120.837078	-0.388402	-127.923884	0.425994	-93.519765	0.239208	-119.876901	0.366584
3820.000003	-119.811779	-0.498323	-125.330889	0.101278	-89.701457	-0.344945	-124.000929	0.217029
3830.000003	-124.477393	-0.337136	-128.188174	-0.037909	-83.963696	0.314672	-126.689616	0.263966
3840.000003	-122.245198	-0.178383	-122.227702	-0.292071	-85.033544	0.415624	-119.876584	-0.235296
3850.000003	-120.320917	-0.029150	-135.275327	0.307738	-75.116606	0.321288	-120.922088	-0.256019
3860.000003	-128.577552	0.335469	-131.738775	-0.095212	-91.033816	-0.295692	-122.551946	-0.146407
3870.000003	-133.953860	0.098146	-124.649074	-0.153285	-80.930202	-0.096417	-129.007611	0.091957
3880.000003	-127.132062	0.000988	-128.173970	-0.074479	-82.654225	0.196231	-119.826177	0.147372
3890.000003	-121.095456	-0.427323	-124.310702	0.294822	-77.040896	0.013614	-126.950547	0.123593
3900.000003	-122.634624	-0.295917	-120.951853	0.405031	-80.418877	-0.440661	-131.666945	0.363505
3910.000003	-123.839535	-0.007467	-122.981527	0.203930	-80.427037	0.297529	-124.043375	0.357099
3920.000003	-122.290972	-0.358759	-119.004784	-0.453182	-78.323390	0.094449	-123.317310	0.493338
3930.000003	-123.166141	-0.168347	-123.640293	-0.296663	-103.210291	0.300728	-122.941231	-0.306988
3940.000003	-123.020182	-0.333473	-125.698134	-0.162529	-75.746163	-0.386662	-127.022683	0.055005
3950.000003	-132.873748	-0.323431	-123.665640	-0.177280	-78.535421	-0.461749	-126.144951	-0.338672
3960.000004	-124.555557	0.172256	-120.253241	0.049393	-86.623323	0.070101	-123.244960	0.223554
3970.000004	-128.499997	-0.257215	-134.887880	-0.406080	-77.543208	0.484940	-129.447350	-0.431222
3980.000004	-124.162378	0.331854	-123.162686	-0.384183	-88.296638	-0.252436	-132.263440	0.492456
3990.000004	-132.589463	0.311085	-126.852751	-0.137930	-89.777783	-0.161319	-137.224127	-0.197653
4000.000004	-122.508732	0.310169	-120.903895	0.417412	-79.918343	0.395251	-133.688476	-0.425162
4010.000004	-126.439329	-0.236645	-126.870760	0.007680	-83.326101	-0.437340	-131.426386	-0.089237
4020.000004	-119.839308	-0.183681	-117.940340	-0.231032	-87.958311	0.109552	-120.058629	0.132511
4030.000004	-124.559077	0.262769	-121.626781	-0.025718	-82.125538	0.199800	-126.433368	0.084328
4040.000004	-140.181835	0.313096	-131.349670	-0.280459	-81.162440	-0.210780	-121.214378	0.398560
4050.000004	-122.661416	0.091066	-124.292160	-0.077907	-76.657103	0.203353	-110.188063	0.476735
4060.000004	-132.572283	0.335261	-125.004033	0.170371	-81.846754	-0.070552	-125.511007	0.233287
4070.000004	-127.280094	0.313740	-126.103158	0.276121	-77.966062	0.234985	-132.032998	-0.313910
4080.000004	-127.145025	0.441849	-137.022113	-0.239146	-82.533242	0.373522	-128.466789	-0.422910
4090.000004	-123.172342	-0.084821	-127.186915	0.275521	-86.046445	-0.099318	-121.610411	-0.306084
4100.000004	-129.910419	-0.499914	-130.207423	0.474454	-76.673789	0.396770	-131.148161	-0.342628
4110.000004	-135.452405	-0.410049	-116.976313	-0.137129	-74.511503	0.210539	-122.294980	0.085957
4120.000004	-130.881186	-0.060011	-130.442782	0.377896	-78.506420	0.075170	-124.463957	-0.055067
4130.000004	-129.610513	0.393187	-131.929081	-0.093619	-87.539502	0.429152	-124.824427	0.359827
4140.000004	-118.415157	-0.105288	-121.296550	-0.150815	-77.152903	-0.126553	-131.518833	-0.464111
4150.000004	-122.904502	-0.322340	-124.269215	-0.363338	-77.552913	0.195573	-125.920024	-0.303188
4160.000004	-123.131437	-0.028465	-129.747729	-0.105533	-76.617671	-0.468300	-131.011404	-0.213975
4170.000004	-121.524802	0.331541	-125.183604	0.425060	-79.453713	-0.468038	-123.917315	-0.391379
4180.000004	-132.060290	0.467676	-122.768285	-0.216170	-76.049487	-0.215006	-129.915999	-0.029731
4190.000004	-131.577730	-0.091983	-133.398071	-0.354416	-73.970156	0.073920	-125.030930	0.401973
4200.000004	-132.547675	-0.024124	-126.397582	-0.121516	-88.553494	-0.232460	-117.755886	0.124274
4210.000004	-128.394341	-0.088422	-126.499239	0.292509	-78.173541	-0.246370	-140.818058	0.251881
4220.000004	-126.988011	-0.291062	-127.056835	0.466059	-79.614590	0.442220	-127.686866	-0.497562
4230.000004	-123.450000	-0.348494	-120.051593	-0.438195	-76.853594	0.072365	-122.592192	0.296340
4240.000004	-126.256385	0.178541	-124.386660	0.258128	-87.188653	0.048195	-122.923511	-0.057462
4250.000004	-129.216155	-0.277690	-122.144734	-0.224269	-73.495994	-0.333513	-145.145698	-0.395025
4260.000004	-123.102152	0.314036	-118.217266	0.349742	-79.279765	-0.288813	-134.343575	0.066126
4270.000004	-125.934908	-0.038720	-122.229605	0.235655	-81.586455	0.099863	-123.054325	0.208931
4280.000004	-124.205062	-0.360145	-126.220008	-0.373820	-75.570893	-0.446735	-124.188592	-0.479566
4290.000004	-130.673301	0.087138	-134.475237	0.395886	-76.192990	0.377026	-121.743686	-0.350758
4300.000004	-136.306123	-0.307349	-121.444194	0.158110	-79.914602	-0.457798	-132.129536	-0.292257
4310.000004	-128.638997	-0.256416	-133.343965	0.197781	-78.527681	0.131044	-122.833829	-0.494144
4320.000004	-125.102265	-0.279731	-131.140210	0.116169	-81.837040	0.044568	-141.284429	0.296049
4330.000004	-120.451193	-0.385347	-136.789339	0.263126	-77.894759	0.474569	-130.079131	-0.275388
4340.000004	-122.092776	-0.351470	-121.179855	-0.215871	-81.645373	0.491077	-129.266463	-0.445266
4350.000004	-138.607809	-0.026014	-127.716901	-0.452471	-87.172646	0.173466	-124.927181	-0.396522
4360.000004	-130.096661	-0.356815	-127.474834	0.194099	-77.745312	-0.057861	-121.693950	-0.395303
4370.000004	-127.531391	0.397978	-134.930121	0.118220	-88.009873	-0.442829	-126.456565	0.489291
4380.000004	-123.967377	-0.471299	-120.175349	-0.400835	-84.197077	-0.333313	-123.850939	0.224695
4390.000004	-135.353684	-0.432501	-123.096407	0.173998	-73.261559	-0.252148	-125.999618	-0.466982
4400.000004	-131.614270	0.291146	-125.159144	0.340678	-83.798844	-0.450351	-130.776755	-0.472210
4410.000004	-125.261760	-0.256405	-120.906583	-0.325410	-80.896994	0.331514	-126.954513	-0.413550
4420.000004	-126.056392	-0.222820	-125.191373	0.070754	-77.169911	-0.477723	-138.613951	0.430535
4430.000004	-126.850610	-0.389587	-122.012479	-0.309006	-85.670742	0.277126	-124.369180	0.275675
4440.000004	-123.509628	-0.061248	-127.637920	0.112351	-84.999567	0.164667	-121.571990	-0.124050
4450.000004	-116.138630	0.300258	-126.739845	0.357459	-86.200154	0.154410	-124.688359	0.329839
4460.000004	-123.969339	0.123899	-126.636356	0.207892	-77.174312	0.319456	-117.309298	0.045965
4470.000004	-129.060450	0.066213	-129.036023	0.159395	-80.673780	-0.374448	-132.543852	0.024848
4480.000004	-120.399228	0.245794	-122.200208	0.287621	-78.962402	-0.106421	-133.858601	-0.132313
4490.000004	-130.047449	-0.274058	-130.191448	0.469645	-73.115425	-0.392592	-130.179297	-0.420551
4500.000004	-145.667356	-0.262622	-119.789660	-0.027618	-78.187852	-0.462346	-109.251980	0.216534
4510.000004	-132.015492	0.334675	-123.315924	0.362481	-77.018858	-0.442462	-131.733813	-0.488579
4520.000004	-124.847893	0.281223	-131.431268	-0.361954	-74.460563	-0.447476	-126.195315	-0.077139
4530.000004	-126.293086	0.443237	-129.380852	-0.306984	-90.712129	0.296601	-130.063089	-0.227572
4540.000004	-125.535849	0.079273	-125.309067	-0.320864	-83.533999	0.293669	-124.391312	0.366564
4550.000004	-117.019389	-0.465344	-133.468486	0.425848	-84.685762	-0.230761	-120.677879	-0.426387
4560.000004	-127.538075	-0.150213	-122.458067	0.292318	-76.173651	0.098908	-124.336258	0.313401
4570.000004	-131.881486	-0.208175	-123.073307	0.194212	-85.936376	0.183734	-121.727991	0.229405
4580.000004	-121.973348	-0.215226	-124.626029	0.389444	-92.212694	-0.277141	-128.262397	-0.385687
4590.000004	-132.876067	0.253660	-123.934432	0.267523	-78.108626	0.383579	-123.479042	0.211643
4600.000004	-127.198066	-0.164376	-135.390687	0.250935	-77.852949	-0.219918	-132.240193	0.231641
4610.000004	-125.172000	-0.190166	-124.034600	0.298591	-78.075799	0.474486	-118.585601	0.062804
4620.000004	-128.242288	0.065094	-121.303649	0.044184	-91.093111	-0.071477	-121.848105	0.267986
4630.000004	-126.828228	-0.060312	-160.309554	-0.343610	-78.366185	-0.373884	-139.324532	0.449450
4640.000004	-132.092593	-0.049577	-121.540143	-0.138179	-78.932557	0.486454	-119.185525	-0.096010
4650.000004	-132.008439	0.229069	-117.291156	0.334439	-95.884316	0.223970	-120.621530	-0.256246
4660.000004	-133.308089	0.220441	-136.525677	-0.226050	-80.250986	-0.458611	-143.164742	0.292527
4670.000004	-122.518090	0.049449	-126.654306	-0.043815	-74.592002	0.323404	-128.616540	-0.037767
4680.000004	-127.422191	0.173281	-126.888618	0.106662	-91.781673	-0.245082	-134.576468	-0.378420
4690.000004	-121.419461	0.344075	-124.069122	0.403186	-95.746109	-0.276192	-130.007457	0.236815
4700.000004	-129.708098	-0.209425	-131.827148	0.156489	-75.028156	-0.366200	-133.484595	-0.004855
4710.000004	-126.932374	-0.210128	-130.607606	0.149918	-82.061394	0.063788	-123.522799	0.232664
4720.000004	-124.570228	0.218034	-125.241548	-0.193369	-77.138583	0.386211	-125.425226	-0.481590
4730.000004	-128.203178	-0.179933	-122.672393	-0.002469	-86.665407	-0.074968	-125.746555	0.484276
4740.000004	-124.064605	0.211893	-131.256215	0.024593	-80.491286	-0.192004	-121.417929	-0.388580
4750.000004	-128.998749	-0.483761	-123.928930	0.135660	-79.705507	0.044137	-129.204347	-0.144820
4760.000004	-132.549038	0.069057	-124.909693	-0.077414	-89.422685	-0.415934	-128.525308	0.449677
4770.000004	-134.720954	-0.117105	-125.646874	0.483749	-82.894953	0.080098	-130.831531	-0.360715
4780.000004	-120.992513	0.076731	-135.319631	-0.072430	-81.946804	0.071747	-125.438704	0.172998
4790.000004	-135.975774	-0.165327	-139.320823	-0.166703	-84.796580	0.070390	-124.235664	-0.423840
4800.000004	-119.013059	-0.437503	-129.109472	0.140867	-87.914306	0.256879	-125.454039	-0.419071
4810.000004	-127.176504	0.459875	-127.861758	-0.256179	-74.990046	-0.191620	-120.312303	-0.336432
4820.000004	-127.690154	-0.054460	-138.840317	-0.411590	-80.199872	0.184545	-127.375844	-0.066526
4830.000004	-128.298911	0.028253	-131.915260	0.274257	-84.440731	0.278401	-122.130487	0.143858
4840.000004	-129.408384	0.247002	-127.837160	-0.458164	-75.012607	0.238484	-126.608792	0.335359
4850.000004	-121.866832	-0.041229	-120.797552	-0.288581	-78.001100	0.156558	-131.717223	0.391707
4860.000004	-122.515037	-0.497427	-130.871759	-0.439472	-79.368964	-0.427413	-123.989134	-0.173389
4870.000004	-139.595664	-0.118605	-127.172959	-0.308491	-77.433267	-0.454672	-131.503884	0.040236
4880.000004	-121.419441	-0.270365	-121.863749	-0.240257	-82.197346	0.126158	-118.616988	-0.205388
4890.000004	-128.003954	-0.133665	-125.100789	0.228188	-78.275605	0.014953	-130.579353	0.247699
4900.000004	-125.773647	0.130240	-124.595968	0.199171	-79.402159	-0.086481	-134.721876	0.424362
4910.000004	-121.828321	0.145872	-119.185822	0.378785	-75.192858	0.308955	-131.998446	-0.075791
4920.000004	-128.161555	0.211831	-135.378811	0.170465	-84.724286	-0.274214	-120.804224	-0.127715
4930.000004	-126.805586	-0.411080	-124.718032	-0.220327	-76.991122	-0.439885	-123.433660	-0.018684
4940.000004	-121.885506	0.371724	-122.298498	0.173620	-84.235772	-0.004541	-128.000221	0.218784
4950.000004	-127.788811	0.451347	-138.956413	0.243861	-84.713982	-0.026838	-105.104739	0.489750
4960.000004	-135.261893	-0.316829	-134.425575	-0.068314	-82.060774	0.346107	-126.998409	-0.135147
4970.000004	-126.700036	-0.140202	-130.917213	0.021913	-80.134164	-0.149746	-123.822046	0.154958
4980.000004	-122.533468	0.029757	-125.570162	-0.200102	-76.794942	0.469998	-127.035810	-0.220119
4990.000004	-134.529420	-0.172984	-127.442853	0.370820	-88.016838	0.306678	-127.564311	0.107990
5000.000004	-119.070672	-0.101007	-117.527766	-0.087006	-85.806615	-0.405852	-124.146023	0.061979
5010.000004	-120.345029	-0.437950	-129.388892	0.059519	-79.315582	0.082223	-123.660310	0.352851
5020.000004	-127.678028	0.012476	-121.538590	-0.150341	-77.466137	0.273184	-123.461455	-0.146499
5030.000004	-123.385412	0.130983	-121.718835	0.260509	-75.349862	0.220606	-124.894358	-0.193209
5040.000004	-121.794294	-0.052028	-122.876347	0.195465	-82.527527	-0.216711	-127.182986	0.391332
5050.000004	-125.654108	-0.159120	-142.362377	0.362940	-91.148238	-0.239528	-122.955828	0.180438
5060.000004	-121.190641	-0.217681	-124.785104	-0.317462	-78.458496	-0.008795	-133.627815	0.045632
5070.000004	-127.052616	-0.374680	-127.266367	-0.020126	-86.240737	-0.211608	-118.895036	0.019581
5080.000005	-130.586403	-0.198670	-136.901343	-0.322452	-80.201294	-0.280004	-124.387543	-0.300304
5090.000005	-126.232021	0.313757	-136.567088	0.364052	-77.632518	-0.315981	-130.839499	0.171702
5100.000005	-126.948945	0.049491	-123.790387	-0.010297	-80.849411	0.357569	-123.774375	-0.059905
5110.000005	-124.141986	0.338213	-132.388715	0.329309	-101.766834	0.132516	-133.540065	0.140684
5120.000005	-126.557028	-0.147059	-119.518075	-0.203408	-77.813672	0.229614	-121.772595	-0.280008
5130.000005	-128.783225	0.042559	-126.095980	0.459972	-80.913261	0.276725	-119.993166	0.354156
5140.000005	-127.195997	0.133723	-124.366932	0.210179	-97.159968	0.173050	-127.558908	-0.159246
5150.000005	-127.709871	-0.227366	-125.567053	-0.221336	-80.128011	0.066257	-123.386664	-0.443956
5160.000005	-127.626080	-0.232035	-128.089631	-0.368612	-90.439851	-0.348232	-133.415334	-0.035063
5170.000005	-136.190719	0.111129	-122.076272	0.465292	-81.884327	0.417107	-125.135656	-0.326993
5180.000005	-126.758556	0.109020	-129.044564	0.002546	-82.504448	0.025556	-131.024277	-0.210961
5190.000005	-130.235219	-0.364772	-133.000781	0.199432	-90.234851	-0.404924	-125.185142	-0.316554
5200.000005	-126.246451	0.240426	-126.543861	0.246957	-77.134590	0.231190	-136.286687	0.310167
5210.000005	-126.077758	0.065424	-124.919887	0.419449	-114.884660	0.394123	-127.801767	-0.006830
5220.000005	-133.527778	0.078047	-119.278358	-0.296299	-80.465161	-0.189486	-123.334215	0.016827
5230.000005	-131.180684	0.441538	-123.677493	0.131028	-75.810138	0.496942	-133.391781	-0.007557
5240.000005	-128.275771	0.057574	-138.223988	0.165203	-78.527170	0.456307	-133.424965	0.044340
5250.000005	-131.891362	0.259810	-129.149345	0.401430	-76.906350	-0.400847	-126.336964	0.389958
5260.000005	-117.638802	0.247626	-131.567908	0.093716	-86.644330	-0.368172	-126.825347	0.012765
5270.000005	-129.728212	-0.114747	-132.414737	-0.023269	-81.431589	-0.127570	-131.431819	-0.012469
5280.000005	-124.338327	-0.481082	-125.343403	-0.408224	-81.546424	0.123458	-130.635824	0.008944
5290.000005	-130.584015	-0.281367	-124.408291	0.338772	-83.874263	-0.225363	-134.915535	-0.080941
5300.000005	-132.066432	-0.388145	-136.743428	-0.426167	-85.001916	-0.491925	-128.875811	-0.215611
5310.000005	-127.906974	0.108105	-125.327521	-0.437574	-79.422683	-0.274487	-125.183594	-0.370850
5320.000005	-138.990978	0.201474	-129.991766	0.209004	-81.405520	0.474120	-129.628323	0.189176
5330.000005	-130.017010	-0.048734	-130.410804	0.280010	-82.478563	0.323953	-120.813871	-0.062814
5340.000005	-135.035983	0.382940	-125.030329	0.042137	-88.625474	0.179283	-122.990671	-0.145707
5350.000005	-137.823845	0.414176	-130.740172	0.096180	-81.998507	-0.087246	-129.671471	0.077818
5360.000005	-131.226721	0.425188	-126.922238	0.444105	-88.558532	0.351513	-120.993748	-0.167283
5370.000005	-126.927710	0.073247	-122.392861	-0.412972	-95.356964	-0.415275	-122.710933	-0.117686
5380.000005	-124.316525	-0.171612	-135.489476	0.184576	-77.940044	-0.413610	-125.299005	-0.144223
5390.000005	-135.385937	-0.175263	-118.726010	-0.419341	-77.852273	0.304214	-128.190909	-0.408093
5400.000005	-126.198711	0.366082	-122.443146	0.109373	-82.560993	-0.304780	-110.663434	-0.209050
5410.000005	-143.002277	-0.171585	-120.061091	-0.088010	-75.398786	-0.238308	-124.960782	-0.230987
5420.000005	-123.147834	0.205180	-130.045027	0.264780	-80.999760	-0.436918	-122.577974	-0.033118
5430.000005	-122.907521	-0.342091	-142.221710	-0.039452	-80.611202	0.273106	-131.221351	-0.334308
5440.000005	-122.053273	-0.480706	-125.546525	-0.010301	-84.382235	-0.211502	-127.056395	-0.123809
5450.000005	-131.532818	0.290292	-128.684050	0.214505	-90.501209	-0.282107	-132.107169	-0.125959
5460.000005	-130.666815	-0.199992	-124.242261	-0.028567	-83.242366	0.132270	-129.788076	0.371919
5470.000005	-133.574255	-0.384435	-125.200252	-0.187962	-83.439862	-0.082817	-116.404845	0.403322
5480.000005	-128.075884	-0.228852	-122.087935	0.017235	-86.578163	-0.358971	-124.606528	-0.431650
5490.000005	-123.014684	0.475481	-128.496411	0.035522	-79.864153	0.052061	-130.914351	0.105136
5500.000005	-132.651129	0.167507	-119.709827	-0.430194	-76.729988	-0.392979	-119.747152	0.478082
5510.000005	-125.741768	-0.386900	-127.191173	-0.021309	-82.928659	0.424427	-129.712736	0.259541
5520.000005	-122.856873	-0.133637	-125.310592	0.297635	-76.760753	-0.442760	-125.322294	-0.212673
5530.000005	-122.676618	-0.164574	-124.964185	-0.177836	-82.612831	0.101498	-122.655841	0.136501
5540.000005	-123.521208	-0.359929	-126.887100	-0.444081	-84.381889	0.049088	-128.091227	0.321820
5550.000005	-122.066418	0.251380	-134.466928	0.190814	-75.680071	-0.451825	-126.122418	0.389849
5560.000005	-126.373610	0.472941	-122.970158	0.420159	-75.213654	0.308194	-130.421563	-0.144149
5570.000005	-124.886905	0.175060	-138.224662	-0.091674	-83.429794	-0.279397	-142.129776	0.400913
5580.000005	-118.314482	-0.383606	-123.268860	-0.279471	-81.608028	-0.010745	-124.870601	-0.400160
5590.000005	-124.756461	-0.248064	-139.691142	0.377078	-78.735567	0.281217	-121.328603	0.049746
5600.000005	-121.513216	-0.261987	-127.832228	-0.404949	-86.123163	-0.306351	-131.787662	-0.182082
5610.000005	-126.768168	0.330916	-133.752464	0.022147	-81.054506	0.480267	-131.181330	-0.149911
5620.000005	-134.522709	0.307354	-124.526575	0.443812	-90.786059	-0.051961	-128.018078	-0.177761
5630.000005	-120.867784	0.220787	-121.622825	0.173414	-91.517972	-0.019459	-128.186208	-0.330029
5640.000005	-122.548000	-0.496499	-134.431997	-0.372975	-79.350129	-0.291629	-137.690966	0.360948
5650.000005	-132.319409	-0.481642	-122.918894	0.476076	-88.265389	-0.155146	-122.361455	0.492046
5660.000005	-125.657767	0.407640	-135.141653	-0.404160	-82.073286	-0.475788	-128.028691	0.409678
5670.000005	-119.462933	-0.137489	-125.249004	0.469559	-78.742956	0.122456	-128.802633	0.093192
5680.000005	-128.252111	-0.473154	-124.884381	0.226680	-99.975467	-0.017017	-123.260833	-0.217785
5690.000005	-122.100442	0.407450	-128.190767	-0.331420	-83.728871	0.392762	-126.998742	-0.446025
5700.000005	-121.669222	0.324648	-123.069885	-0.485576	-79.045863	0.264482	-139.141303	0.210104
5710.000005	-126.800707	-0.045975	-130.807130	-0.386889	-82.250987	-0.381309	-126.659682	0.235515
5720.000005	-130.861401	-0.436759	-123.253146	0.152342	-82.210801	0.104592	-123.959267	0.181726
5730.000005	-123.719788	-0.214604	-132.013045	0.012860	-81.580397	-0.107762	-125.782172	-0.421213
5740.000005	-135.089470	0.451471	-127.492539	-0.142829	-84.624799	0.099662	-135.861516	-0.110830
5750.000005	-125.389049	0.276463	-128.750574	0.173176	-85.898573	0.496744	-128.718100	0.308198
5760.000005	-133.999518	0.263207	-125.498884	-0.472155	-85.814536	-0.419085	-126.427725	-0.394122
5770.000005	-129.093097	-0.200656	-121.048930	0.361609	-86.601603	-0.222183	-134.496087	-0.088455
5780.000005	-130.190347	0.095696	-123.995614	-0.326752	-74.603359	0.060843	-124.409266	0.256561
5790.000005	-125.849341	-0.090677	-121.921468	-0.180854	-91.086175	-0.062773	-124.387064	-0.417411
5800.000005	-125.501293	-0.335670	-126.041985	-0.074858	-89.035899	-0.004637	-121.343942	0.160634
5810.000005	-128.962852	-0.182251	-131.052448	-0.491723	-83.846417	0.019521	-127.778751	0.294289
5820.000005	-126.174541	-0.108701	-121.055305	-0.492824	-80.180306	0.244355	-125.964602	0.009424
5830.000005	-131.233412	0.205601	-127.912280	0.164061	-81.585002	0.302912	-129.728026	-0.165018
5840.000005	-118.685634	0.417552	-128.315058	0.021675	-82.920134	0.109211	-131.172177	-0.370160
5850.000005	-125.777047	0.432916	-138.248144	0.238355	-81.167925	-0.062151	-102.976670	0.015407
5860.000005	-122.146255	0.090697	-121.398219	0.122298	-77.631153	-0.239844	-125.200949	0.491675
5870.000005	-125.115490	0.412727	-136.182583	-0.473979	-84.745336	0.369352	-123.468305	0.475017
5880.000005	-138.705821	0.294842	-123.338476	-0.416836	-81.458268	0.207084	-126.424105	0.215302
5890.000005	-121.403889	-0.303936	-131.230808	-0.160712	-76.502850	-0.261030	-124.229901	-0.178187
5900.000005	-134.913111	-0.270921	-122.272659	0.136421	-77.764325	-0.443411	-149.396334	0.391104
5910.000005	-133.235454	-0.229765	-125.378834	0.209750	-92.423835	-0.131437	-121.871734	0.134169
5920.000005	-119.493040	0.054481	-133.300913	0.124486	-87.829126	-0.310826	-121.421938	-0.323018
5930.000005	-138.026737	0.252904	-122.442082	-0.132351	-81.805075	0.141852	-120.634887	-0.107712
5940.000005	-140.606910	-0.221082	-135.275735	0.233165	-79.280800	-0.005435	-128.040140	-0.459392
5950.000005	-130.194351	0.275278	-136.647185	0.394621	-81.927360	0.146260	-123.694462	0.293609
5960.000005	-123.169325	-0.223425	-126.743567	-0.351010	-77.047297	-0.237365	-123.372940	-0.001393
5970.000005	-122.175289	0.284033	-124.709264	0.096108	-81.653089	0.435859	-128.048420	-0.232661
5980.000005	-123.334437	0.498377	-122.467258	-0.365669	-88.398847	0.016002	-122.061300	0.327435
5990.000005	-130.294096	0.456749	-124.359005	-0.307527	-83.141938	-0.382804	-128.084465	0.465045
6000.000005	-126.710809	-0.308957	-127.971587	-0.048107	-83.471592	-0.481847	-139.188019	-0.382405
6010.000005	-129.138066	0.168113	-126.256895	-0.244546	-84.949570	0.082871	-122.056086	-0.317908
6020.000005	-123.237111	-0.372549	-126.667882	-0.120118	-79.084147	0.134617	-122.060519	-0.459080
6030.000005	-123.407042	-0.048248	-132.681540	-0.085353	-85.126107	0.435361	-134.224325	0.178832
6040.000005	-121.242714	-0.292531	-125.734242	-0.419469	-75.552585	0.446039	-127.456636	0.264767
6050.000005	-121.130191	-0.279677	-124.268449	0.366831	-84.928769	0.085697	-125.847568	-0.007087
6060.000005	-124.788203	-0.093690	-129.429765	0.310542	-81.009146	0.024770	-129.639550	0.257131
6070.000005	-124.860715	-0.272813	-125.621835	-0.124516	-78.748836	0.189445	-124.601482	0.070290
6080.000005	-121.309556	0.208326	-129.526100	0.001694	-81.603354	-0.108705	-129.646804	-0.410157
6090.000005	-132.456720	0.028740	-116.059132	0.086629	-86.968122	-0.144630	-132.407274	0.490678
6100.000005	-123.453632	0.285565	-130.803533	-0.172509	-79.483372	0.268645	-119.617877	0.330494
6110.000005	-129.340834	0.338056	-131.453797	0.138757	-80.488270	-0.270232	-140.197111	0.316907
6120.000005	-121.053965	-0.339078	-126.614278	-0.470913	-85.075082	0.146799	-133.877836	0.278911
6130.000005	-136.217649	-0.195938	-126.607391	-0.347168	-82.330229	0.393654	-126.698065	0.149203
6140.000005	-119.497497	0.009102	-118.825589	-0.033801	-80.112702	-0.166464	-127.903170	-0.135897
6150.000005	-128.481957	0.086339	-126.152067	0.262879	-81.076937	0.397249	-120.941143	0.212361
6160.000005	-128.980795	0.289273	-128.603018	-0.364253	-77.199320	-0.260037	-125.447333	-0.400742
6170.000005	-131.907496	-0.086862	-128.566487	-0.154041	-88.097116	-0.390713	-126.612029	0.199376
6180.000005	-125.564388	-0.347179	-122.636581	-0.134172	-84.871012	0.200404	-129.332943	0.384841
6190.000005	-126.294383	0.334051	-130.756892	0.372895	-79.445113	-0.432438	-127.446578	0.146463
6200.000005	-124.473257	-0.409367	-122.342574	-0.379230	-84.189400	-0.155495	-141.903775	0.419434
6210.000006	-126.587852	-0.277299	-124.914487	-0.123238	-96.330973	0.008591	-120.005160	0.071529
6220.000006	-130.906890	0.132905	-128.664515	0.337085	-83.775871	0.224585	-133.567059	0.236838
6230.000006	-120.066961	-0.470085	-122.435830	0.269470	-92.795011	0.184188	-138.054827	0.362494
6240.000006	-129.788935	-0.210225	-128.216797	-0.088206	-82.463180	0.197185	-119.866615	-0.131034
6250.000006	-121.764058	-0.191803	-125.713490	0.174346	-82.663632	-0.011727	-121.962671	0.326478
6260.000006	-126.971442	-0.341164	-125.134859	-0.044801	-90.668062	0.394849	-127.216742	0.066585
6270.000006	-121.185723	-0.464209	-123.211898	-0.078321	-90.959601	0.231772	-125.453513	0.447303
6280.000006	-126.230601	-0.130288	-130.613527	-0.365464	-80.431744	-0.046993	-131.867260	-0.312994
6290.000006	-143.340478	-0.321219	-135.920930	0.335328	-79.561324	0.266399	-118.129676	0.002627
6300.000006	-128.353796	0.261553	-127.970189	0.485348	-80.500930	-0.028983	-115.456293	0.315447
6310.000006	-121.196261	-0.326445	-130.098218	-0.479863	-76.316522	-0.010058	-127.607557	0.008417
6320.000006	-129.049151	-0.307060	-130.177258	0.483140	-94.078191	-0.287411	-132.227063	0.010677
6330.000006	-124.829124	-0.487883	-121.518556	-0.200245	-82.843993	-0.292210	-121.504900	0.074864
6340.000006	-122.246469	0.130514	-124.548325	0.269881	-87.563247	0.032422	-132.735667	-0.300080
6350.000006	-132.549543	0.175773	-127.382712	-0.092740	-79.600594	0.393526	-122.777988	0.267397
6360.000006	-127.895086	-0.420803	-130.274599	0.088269	-79.187260	0.165144	-125.522388	-0.008297
6370.000006	-126.299415	0.486960	-118.596462	0.154239	-79.866360	-0.297209	-136.721818	0.352189
6380.000006	-126.490678	0.479651	-131.361768	-0.343083	-72.492338	0.354985	-124.107918	0.417712
6390.000006	-126.659465	-0.171673	-123.917399	-0.224870	-76.389867	0.214370	-126.548805	-0.218547
6400.000006	-124.530465	0.452673	-124.076659	0.341065	-78.758844	0.164360	-121.190514	-0.411630
6410.000006	-136.257825	0.457992	-124.339979	0.059678	-82.159862	0.299517	-124.648363	-0.042499
6420.000006	-120.196947	0.258948	-123.794354	0.164597	-83.873588	-0.014622	-129.852285	-0.118087
6430.000006	-127.562764	0.146067	-129.892774	0.432646	-76.423369	-0.120206	-128.855413	0.149292
6440.000006	-123.992739	-0.374493	-119.571082	0.466482	-78.403849	-0.377043	-120.869759	0.126487
6450.000006	-133.049411	0.474678	-120.380493	0.161368	-82.566882	0.482573	-136.073313	0.082116
6460.000006	-143.280831	-0.469067	-125.424593	-0.321763	-83.681050	-0.407182	-137.075472	0.353414
6470.000006	-122.618405	-0.338900	-128.790209	-0.460429	-85.320035	0.481317	-136.288396	0.107396
6480.000006	-124.833266	-0.032161	-134.016370	0.347501	-83.201809	-0.450641	-127.786453	-0.436647
6490.000006	-130.348152	0.226166	-136.348705	0.237458	-80.383145	-0.109334	-126.574217	-0.340999
6500.000006	-128.677587	0.164955	-119.429137	0.105151	-88.927221	-0.431885	-129.998733	0.225632
6510.000006	-132.294743	0.121127	-134.347647	-0.165016	-85.296960	-0.216615	-130.887719	-0.053437
6520.000006	-134.722547	0.363705	-121.880293	-0.030405	-82.534327	-0.274240	-126.727682	0.241990
6530.000006	-124.319605	-0.398420	-135.911371	0.233990	-90.561289	-0.326060	-129.121446	-0.050400
6540.000006	-128.356695	-0.167320	-123.065932	-0.105030	-82.622081	0.399018	-124.541200	0.247295
6550.000006	-147.050172	0.353709	-124.573155	-0.478305	-82.180154	-0.467513	-122.337799	-0.406053
6560.000006	-124.869585	-0.170729	-122.948431	0.250602	-78.471853	-0.020387	-127.351141	-0.048157
6570.000006	-120.922844	0.362327	-121.456562	-0.356982	-84.527921	0.198086	-128.181361	0.146446
6580.000006	-126.572350	-0.375260	-129.320658	-0.083805	-77.819312	0.236086	-123.189114	0.048798
6590.000006	-126.988602	-0.211099	-124.531893	-0.348162	-76.810438	-0.310441	-121.303987	-0.280318
6600.000006	-122.828681	-0.317158	-125.432463	-0.043517	-82.597989	-0.421242	-127.170736	0.026185
6610.000006	-128.122235	0.136492	-126.128683	0.391340	-79.612578	-0.054468	-131.238082	0.227236
6620.000006	-130.803662	-0.462927	-129.819171	-0.259640	-83.795734	-0.476595	-119.682601	-0.491781
6630.000006	-126.336813	0.321675	-125.663164	-0.031867	-86.531588	0.393273	-141.990062	0.020652
6640.000006	-132.440635	0.216955	-128.169617	0.051430	-83.855398	-0.114727	-131.567994	-0.392272
6650.000006	-133.935683	0.425424	-126.146803	-0.479676	-87.264107	-0.104111	-123.804665	-0.213092
6660.000006	-129.541018	-0.138815	-119.335763	0.455807	-96.442240	-0.436262	-129.255720	0.009671
6670.000006	-131.070461	-0.240752	-120.515331	0.388907	-97.541945	-0.057072	-120.382843	-0.488754
6680.000006	-127.528606	0.067054	-132.593522	0.260214	-79.414619	0.021165	-142.981353	-0.310494
6690.000006	-126.023513	0.022559	-119.890191	0.040476	-94.515280	-0.053213	-126.304471	-0.314519
6700.000006	-121.150067	-0.349820	-125.181090	0.201655	-82.262582	-0.224568	-124.190282	0.448972
6710.000006	-126.607603	-0.281732	-124.904366	-0.147195	-79.863021	0.077913	-125.812231	-0.071127
6720.000006	-136.073823	-0.249401	-131.145873	-0.147258	-86.412864	0.105996	-126.473255	-0.454449
6730.000006	-130.518926	0.055941	-122.836991	-0.171525	-86.583587	0.491613	-119.568993	-0.067191
6740.000006	-125.662906	0.106610	-119.429325	-0.464203	-76.151976	0.226222	-124.769934	0.311366
6750.000006	-126.917217	0.323159	-132.272731	-0.341060	-85.031045	0.146361	-107.874871	0.071958
6760.000006	-123.811023	0.109359	-129.229242	0.141186	-84.727520	0.267805	-128.813898	0.469505
6770.000006	-140.756100	0.067082	-123.309914	0.197388	-90.423237	-0.324654	-131.143500	-0.222339
6780.000006	-141.015182	0.351084	-128.293640	-0.090757	-97.421639	0.417221	-130.301955	-0.377557
6790.000006	-127.360105	0.017439	-128.647153	-0.486446	-91.056294	0.398259	-124.997366	0.373402
6800.000006	-125.698565	-0.110866	-126.664878	-0.141338	-85.331684	-0.274753	-120.010162	-0.217210
6810.000006	-132.426972	0.441758	-123.496628	-0.133101	-93.996201	0.085797	-126.123189	0.264001
6820.000006	-125.708682	0.003695	-120.789123	0.423138	-81.613338	0.208123	-125.684055	0.255166
6830.000006	-127.983317	-0.013651	-125.535232	-0.265175	-80.674451	-0.138041	-123.505229	0.477308
6840.000006	-127.527559	-0.373574	-130.575165	0.388864	-93.366950	0.479462	-122.119939	-0.474917
6850.000006	-126.096697	-0.044175	-126.470305	-0.415880	-75.743838	0.339879	-122.640785	0.388017
6860.000006	-124.616258	-0.192683	-138.064321	0.194453	-78.299015	-0.251905	-123.068696	-0.248503
6870.000006	-124.331161	0.245042	-128.447942	-0.352101	-81.445311	0.431332	-125.366412	0.418517
6880.000006	-122.458898	0.101765	-129.780196	-0.042220	-83.300930	-0.105727	-135.858847	-0.335870
6890.000006	-125.005642	0.312303	-129.712523	0.029682	-86.086000	-0.037095	-124.591946	0.427166
6900.000006	-131.357351	0.028828	-122.056693	0.319609	-86.125059	-0.435331	-125.730209	-0.393334
6910.000006	-123.999237	0.199997	-127.881911	-0.026928	-89.520475	-0.480725	-130.279612	0.244597
6920.000006	-132.929360	-0.406254	-127.033496	-0.257772	-84.890745	-0.311629	-125.839690	-0.281101
6930.000006	-130.513633	0.128161	-121.409871	-0.157757	-79.241366	0.096300	-127.836610	0.442792
6940.000006	-133.545788	0.010063	-135.380442	0.477522	-82.921838	0.489348	-124.059414	0.468562
6950.000006	-124.037575	0.098459	-131.843873	0.052223	-82.616864	-0.093356	-129.440385	-0.472869
6960.000006	-121.209143	0.229781	-121.068345	-0.234932	-78.666192	-0.307948	-126.779954	-0.081547
6970.000006	-122.334356	-0.072703	-132.949958	0.089711	-91.994347	-0.304691	-120.054560	-0.445522
6980.000006	-135.250254	0.271373	-131.312072	0.152297	-91.819919	-0.245625	-127.044404	0.491202
6990.000006	-130.611220	-0.015206	-119.583566	-0.003368	-83.580946	-0.169813	-127.979726	0.310373
7000.000006	-131.336285	-0.439276	-122.568628	0.133419	-89.432315	0.425525	-128.760949	0.364702
7010.000006	-133.525034	0.429277	-125.663838	0.062251	-80.994210	-0.391588	-139.636789	-0.350856
7020.000006	-128.388912	0.411426	-129.604751	0.261745	-82.377973	0.132886	-131.118764	0.010808
7030.000006	-124.394815	0.342130	-126.063168	0.376905	-85.202145	0.395383	-120.405331	-0.471057
7040.000006	-131.656481	-0.203598	-141.285386	0.281024	-81.498934	0.079661	-126.260478	0.345277
7050.000006	-128.139704	0.264686	-126.001243	-0.384978	-85.274052	0.016454	-126.244037	0.096309
7060.000006	-122.981891	-0.094868	-133.893912	-0.377711	-84.586776	0.482343	-125.924053	0.057442
7070.000006	-137.129798	-0.474178	-129.666129	0.461511	-77.963485	-0.169889	-123.526779	-0.375793
7080.000006	-119.587567	0.173750	-125.008974	0.050574	-90.177285	-0.056931	-120.775600	0.403062
7090.000006	-139.837572	-0.349272	-128.419440	-0.010198	-88.670644	0.262352	-124.982761	-0.222860
7100.000006	-126.100051	-0.259898	-127.654436	-0.301226	-91.980618	-0.179400	-121.454613	-0.352200
7110.000006	-122.254020	-0.026992	-122.967339	0.129400	-92.004820	-0.489626	-125.653844	-0.104837
7120.000006	-120.486744	-0.220078	-125.423105	-0.303618	-83.196098	-0.313547	-120.654369	-0.361758
7130.000006	-128.463134	0.084151	-126.429340	0.097943	-83.732656	-0.011250	-128.645407	0.314151
7140.000006	-123.757539	-0.130644	-123.652523	0.407111	-76.569274	-0.354771	-128.090274	0.090782
7150.000006	-119.578951	-0.062282	-124.027074	0.053435	-93.878888	-0.487458	-131.118052	-0.061497
7160.000006	-127.717874	-0.234724	-122.021564	-0.319434	-81.576575	0.178334	-123.999691	-0.449689
7170.000006	-124.041750	0.160818	-125.326255	0.222063	-78.988833	0.160679	-129.283442	0.296578
7180.000006	-143.384980	-0.269088	-132.921583	0.357424	-95.200564	0.398046	-139.002467	0.172528
7190.000006	-126.027230	0.375799	-128.732369	0.063215	-89.555258	-0.060370	-120.693319	0.234757
7200.000006	-124.086173	0.271510	-129.552208	0.335275	-82.001660	-0.384353	-103.865571	0.335842
7210.000006	-135.767011	0.060450	-133.263080	-0.220031	-81.901305	-0.105110	-120.268400	-0.327421
7220.000006	-121.630652	0.135054	-121.913473	0.145919	-82.719084	-0.055748	-124.175585	-0.459679
7230.000006	-123.272747	0.301947	-124.075737	-0.268435	-86.197513	-0.299158	-123.401782	-0.345530
7240.000006	-123.452391	-0.289164	-125.590564	0.401878	-103.358947	-0.263636	-117.842902	0.299192
7250.000006	-131.387646	0.215458	-131.151058	0.035711	-83.720318	0.444368	-119.677998	0.213596
7260.000006	-129.131203	-0.129672	-133.417454	0.271924	-81.333696	0.219140	-134.490943	0.097678
7270.000006	-129.136905	0.346761	-123.999744	-0.107674	-85.498065	-0.218954	-128.985234	0.475088
7280.000006	-126.437847	0.335700	-126.703568	0.355797	-84.408516	-0.405957	-134.850695	0.199114
7290.000006	-120.070716	-0.299464	-128.066176	-0.161559	-90.210426	-0.110964	-127.911397	-0.152659
7300.000006	-127.005985	-0.124881	-129.050358	0.096804	-91.268178	0.220874	-123.974851	-0.222069
7310.000006	-126.333259	-0.253205	-126.288938	0.002456	-81.762232	-0.158868	-126.285880	0.361404
7320.000006	-126.632314	-0.198901	-119.490495	0.304515	-82.110684	0.399578	-123.990329	0.394249
7330.000006	-129.020576	-0.348075	-123.086543	0.407976	-81.039920	-0.262498	-126.783475	0.460561
7340.000007	-123.430094	-0.006089	-133.133195	-0.377339	-84.246462	0.483431	-130.951447	-0.442193
7350.000007	-133.943603	-0.314342	-120.396316	0.315742	-83.941029	-0.134300	-124.532201	0.364169
7360.000007	-138.901667	-0.227436	-125.291596	0.406750	-83.873012	-0.030695	-136.403679	-0.346353
7370.000007	-126.275598	-0.343382	-128.146303	0.459207	-96.781070	-0.119155	-124.707843	-0.222141
7380.000007	-128.791322	-0.128486	-127.550404	0.177141	-77.050534	0.009858	-125.877764	0.125982
7390.000007	-135.994473	0.332492	-125.371398	0.178135	-86.378447	0.099173	-131.561485	-0.151759
7400.000007	-123.021748	0.330914	-121.463920	0.204643	-77.103088	0.310624	-135.191352	-0.222666
7410.000007	-122.057347	-0.250578	-127.690267	-0.348800	-78.208550	-0.135265	-141.734773	0.048306
7420.000007	-130.134771	-0.188159	-117.098996	0.362459	-79.100376	-0.302652	-123.683291	-0.428086
7430.000007	-127.281884	-0.362758	-139.433836	-0.374119	-89.242548	0.100313	-132.207708	0.030323
7440.000007	-119.352545	0.290437	-125.807688	0.253428	-83.258016	0.288134	-134.218194	0.337310
7450.000007	-132.390294	-0.474735	-148.589126	-0.128497	-83.214239	0.486622	-122.199537	0.023532
7460.000007	-132.835077	0.327273	-130.804960	0.005249	-100.754578	-0.109343	-139.870668	0.192040
7470.000007	-131.310479	0.447026	-133.046705	-0.194851	-85.082945	0.251026	-131.449273	0.063258
7480.000007	-131.014595	0.091446	-134.928163	-0.450103	-93.389405	0.332583	-129.848452	-0.066501
7490.000007	-128.736195	-0.046141	-131.043669	-0.207400	-80.192233	-0.273709	-120.679600	0.308302
7500.000007	-126.752333	0.063949	-127.099320	0.114173	-87.903392	-0.072321	-133.212376	0.285930
7510.000007	-125.562801	0.098351	-123.063197	0.454104	-80.912938	0.269175	-125.497489	0.415056
7520.000007	-126.636383	-0.047415	-139.319772	0.106300	-91.080984	-0.306843	-126.285019	0.334226
7530.000007	-120.878561	-0.269872	-128.435457	0.305945	-87.152566	0.387750	-139.047673	-0.482456
7540.000007	-138.231261	0.305349	-133.656530	-0.231715	-85.479753	0.135561	-129.227464	0.058764
7550.000007	-129.631192	0.063192	-126.743506	-0.477196	-77.327883	0.213116	-128.572634	-0.184283
7560.000007	-138.559997	0.099116	-130.892381	0.457432	-76.460218	-0.147224	-122.918625	-0.341960
7570.000007	-119.793046	0.371369	-125.866655	-0.494071	-87.663738	-0.338022	-126.014475	-0.120110
7580.000007	-124.682504	-0.338109	-124.102238	0.034930	-93.321280	0.210934	-126.793106	0.394114
7590.000007	-126.044725	0.249542	-126.033603	0.330747	-86.263142	0.342032	-125.933876	0.256546
7600.000007	-127.470778	-0.369770	-125.970387	0.277133	-83.011048	0.466706	-123.754105	-0.222686
7610.000007	-135.308686	0.222482	-133.141045	0.248406	-81.095952	-0.237249	-124.746607	-0.484533
7620.000007	-122.722758	0.387110	-120.106650	0.320991	-88.162197	0.018336	-136.740983	0.052129
7630.000007	-126.015714	0.272541	-131.252398	0.281611	-92.481913	0.015740	-129.054266	0.425296
7640.000007	-134.636549	-0.384987	-124.104355	-0.402285	-93.889583	0.358364	-121.437245	0.471679
7650.000007	-123.171711	0.291718	-124.492893	0.275598	-86.988584	0.455896	-100.982185	-0.393078
7660.000007	-125.632920	0.014795	-122.539465	-0.499913	-83.102667	0.145224	-131.899740	0.285109
7670.000007	-125.972682	0.293908	-126.365072	-0.240537	-83.745739	0.263609	-142.130027	-0.496666
7680.000007	-127.724035	0.107450	-129.051090	0.222068	-79.611668	0.447162	-124.793792	-0.045526
7690.000007	-140.994103	0.233110	-128.033075	0.305805	-92.715360	0.057383	-131.047910	-0.123050
7700.000007	-123.565563	0.437055	-124.215431	0.325782	-91.006115	-0.316864	-121.678895	-0.234643
7710.000007	-131.582239	-0.020559	-122.765304	-0.183903	-91.161892	-0.382306	-128.645790	-0.371171
7720.000007	-124.813791	0.344793	-122.137423	-0.171391	-84.657195	0.363187	-129.708586	-0.329868
7730.000007	-125.252452	0.097441	-137.286533	0.267772	-89.238068	0.332827	-123.482877	-0.271086
7740.000007	-130.366575	0.074090	-126.155113	-0.246965	-84.346396	-0.458876	-125.152743	-0.097438
7750.000007	-129.326618	0.368766	-128.206045	0.213929	-86.503554	-0.118474	-125.447067	0.490994
7760.000007	-130.685388	0.286357	-133.412018	0.139776	-84.196379	0.101288	-129.916439	0.374842
7770.000007	-125.196277	-0.048564	-126.927196	-0.160705	-86.509270	0.267044	-127.988631	-0.130002
7780.000007	-125.577670	0.478206	-124.682914	0.331472	-88.391480	0.329714	-125.586287	0.381609
7790.000007	-134.308127	0.076655	-123.935729	0.100576	-94.080360	0.241163	-136.304620	0.277094
7800.000007	-122.577979	-0.049504	-125.058604	-0.018809	-86.854356	0.233568	-121.723065	-0.281729
7810.000007	-128.650738	-0.482011	-135.884641	0.195293	-83.004598	0.265507	-137.236594	0.396440
7820.000007	-140.061645	-0.348837	-122.217230	0.227255	-91.585595	0.038632	-121.082833	0.465644
7830.000007	-126.420598	-0.036218	-123.309337	-0.191124	-80.403906	-0.472805	-132.354016	0.461056
7840.000007	-119.103674	0.448941	-134.133058	0.400599	-93.133590	0.051397	-128.407756	0.427920
7850.000007	-134.767175	0.416005	-130.321879	-0.354532	-81.777538	0.330142	-135.541960	-0.447740
7860.000007	-149.733542	0.043097	-129.385547	-0.441425	-84.843499	-0.223580	-129.082645	-0.099759
7870.000007	-143.470177	0.262872	-123.696360	-0.337085	-89.352522	-0.046376	-123.178482	0.437882
7880.000007	-126.057144	0.415202	-126.554334	0.166302	-79.669564	-0.233173	-124.690380	0.389958
7890.000007	-126.245512	-0.448065	-135.187625	-0.023778	-80.025623	-0.412171	-121.916762	0.119894
7900.000007	-126.263909	-0.091001	-127.370380	0.101455	-89.650687	-0.229404	-123.380695	0.211854
7910.000007	-129.064634	-0.041943	-126.864718	0.167945	-79.697006	-0.210058	-129.558643	0.059761
7920.000007	-129.624623	0.285735	-121.997273	0.279462	-80.089338	0.340363	-130.736738	-0.235521
7930.000007	-133.431393	-0.052221	-124.248201	-0.460075	-88.049130	-0.149765	-124.139635	0.499940
7940.000007	-127.058426	0.103563	-126.699951	-0.270464	-88.206061	0.254355	-126.872752	0.291472
7950.000007	-125.224987	0.174766	-127.237472	0.284797	-78.889519	0.172678	-134.198586	0.328826
7960.000007	-125.364710	-0.359639	-121.103815	0.129727	-83.765907	-0.013895	-126.447754	0.372390
7970.000007	-131.891208	-0.117264	-126.887713	-0.316650	-87.209175	-0.332644	-126.124645	0.110358
7980.000007	-139.730865	0.469259	-120.317682	-0.398599	-93.561213	-0.057565	-129.747054	-0.321458
7990.000007	-124.553770	-0.320696	-142.925624	0.321333	-84.346677	-0.476147	-129.973795	-0.018385
8000.000007	-119.290613	-0.236364	-126.758573	-0.048357	-87.595012	0.232364	-123.061137	-0.084721
8010.000007	-119.947765	-0.069064	-119.637917	0.015027	-90.726247	-0.396750	-123.532742	0.079523
8020.000007	-122.980378	-0.454177	-123.770851	0.350857	-80.408402	-0.242641	-126.478860	-0.333953
8030.000007	-124.109330	0.410756	-127.465239	0.171715	-82.025444	-0.141998	-130.432266	-0.154039
8040.000007	-125.397931	0.457651	-122.456198	0.410642	-85.480988	-0.042567	-122.447393	0.057924
8050.000007	-126.596502	-0.482100	-121.450670	-0.475091	-83.268433	-0.458498	-129.455902	0.254526
8060.000007	-131.897334	0.473694	-121.964379	-0.436752	-92.371208	-0.269282	-126.115999	-0.482576
8070.000007	-120.498450	0.477167	-136.652979	0.466075	-83.501624	-0.485768	-126.654473	-0.143252
8080.000007	-120.578739	-0.218212	-127.528056	0.440905	-83.471631	0.087390	-130.129573	0.081677
8090.000007	-129.190921	0.406664	-121.144035	-0.334198	-93.720316	0.284388	-133.038364	-0.345111
8100.000007	-123.989239	-0.445163	-125.019958	-0.313542	-91.272908	-0.438803	-128.888027	0.193711
8110.000007	-127.065482	0.484207	-120.180827	-0.489193	-83.590071	-0.220199	-120.191820	-0.404038
8120.000007	-124.317338	-0.299357	-124.489001	0.300846	-94.329243	0.325884	-128.963557	0.104855
8130.000007	-130.882103	-0.154987	-128.442403	0.494114	-85.083608	0.382637	-125.993874	-0.185462
8140.000007	-119.335329	-0.242759	-134.873954	-0.097224	-80.896748	0.397452	-131.657280	-0.141129
8150.000007	-126.541362	-0.251703	-122.323300	0.459922	-85.548710	-0.250439	-123.415098	-0.203302
8160.000007	-122.872831	0.160322	-124.086780	-0.487225	-99.972054	-0.463498	-132.117333	-0.491848
8170.000007	-128.735363	-0.249118	-129.827660	-0.246321	-83.968474	-0.401238	-129.077370	0.007794
8180.000007	-125.743455	-0.135004	-122.321957	0.152277	-95.412612	-0.357640	-131.821804	-0.466448
8190.000007	-123.458884	0.095864	-124.373820	-0.234413	-81.334295	-0.077777	-126.710886	-0.151303
8200.000007	-122.419367	0.309394	-139.052225	-0.187099	-85.041673	-0.245745	-137.361793	-0.180720
8210.000007	-129.870521	0.009338	-122.263318	0.008527	-79.546248	0.079136	-123.734459	0.035953
8220.000007	-124.594981	0.494790	-131.449896	0.053284	-91.965594	-0.300604	-120.456357	-0.430868
8230.000007	-116.543568	0.366924	-128.566436	0.146540	-87.260803	-0.341347	-124.745659	0.214315
8240.000007	-124.485639	-0.376895	-128.303405	-0.276257	-78.475567	-0.003875	-126.697835	-0.383902
8250.000007	-139.059743	0.309476	-125.117551	0.159101	-83.775273	0.192694	-127.202720	-0.375576
8260.000007	-133.007690	-0.069140	-126.467393	0.400999	-83.439374	0.064779	-127.022137	-0.035086
8270.000007	-127.717043	-0.280072	-121.330707	-0.383273	-82.607191	0.094290	-122.607353	-0.312723
8280.000007	-118.280893	-0.015187	-125.141952	-0.420469	-85.575098	0.401433	-119.395196	-0.121674
8290.000007	-143.724306	-0.164517	-123.309644	0.072483	-82.103553	-0.334395	-132.241665	-0.376198
8300.000007	-127.568571	-0.057596	-122.219729	-0.308455	-90.218235	-0.214103	-119.785339	0.274507
8310.000007	-136.201974	0.418353	-123.239722	0.191225	-90.116012	-0.162449	-122.157026	0.257255
8320.000007	-138.318840	-0.076596	-122.024104	-0.467220	-88.336454	-0.257988	-132.912950	-0.255269
8330.000007	-122.114662	0.174241	-125.009812	0.394949	-83.147684	-0.189840	-123.019573	0.163670
8340.000007	-125.506886	-0.027860	-135.229673	-0.273088	-85.782562	0.102972	-140.717841	0.030507
8350.000007	-155.855304	-0.048826	-126.858490	0.480672	-83.268911	0.098452	-123.123341	-0.387068
8360.000007	-124.736061	-0.015070	-129.401360	-0.126898	-81.559395	0.285755	-126.335031	0.302848
8370.000007	-145.231693	0.394867	-121.974666	-0.470709	-81.846631	-0.188491	-130.121590	0.451670
8380.000007	-123.974150	-0.389409	-142.630816	0.354943	-103.418943	-0.405158	-125.304132	0.486636
8390.000007	-129.389033	-0.085082	-129.443769	-0.336878	-83.011011	0.175404	-124.038487	0.118267
8400.000007	-123.141972	0.030207	-129.860339	-0.085548	-83.922809	-0.252462	-122.114494	-0.291334
8410.000007	-123.192979	-0.482190	-128.025231	-0.254345	-88.308147	0.090005	-128.382938	0.420124
8420.000007	-117.782288	0.016515	-125.326324	0.204571	-91.597576	-0.080443	-123.796825	-0.369651
8430.000007	-122.092982	0.447267	-120.122998	0.184709	-100.727680	0.431420	-124.950330	0.401672
8440.000007	-122.646935	-0.009124	-127.056908	-0.132624	-82.367909	-0.103603	-124.360376	-0.018771
8450.000007	-135.981731	0.094398	-126.116299	-0.211385	-83.244674	-0.126801	-122.705353	-0.170711
8460.000007	-120.826241	-0.404724	-122.949138	-0.390783	-80.184713	-0.487404	-121.959999	-0.293621
8470.000008	-128.608992	-0.167734	-117.560496	-0.282383	-95.231325	0.139525	-123.302275	-0.284302
8480.000008	-123.612901	0.138372	-127.432446	0.114499	-87.209563	-0.348754	-121.509757	0.291258
8490.000008	-124.211805	-0.339284	-141.538383	0.295808	-85.542850	-0.387885	-131.708838	-0.145110
8500.000008	-121.845158	-0.383409	-129.383701	0.200920	-92.103499	0.262115	-130.133300	-0.278448
8510.000008	-121.542226	0.060188	-138.239880	0.154749	-96.420654	0.304560	-129.585397	0.209561
8520.000008	-126.183022	0.093748	-134.049270	0.364850	-84.615748	-0.454251	-127.138091	-0.223861
8530.000008	-126.966314	0.456502	-127.327039	0.494268	-85.675944	0.057163	-126.738873	0.065746
8540.000008	-131.342564	-0.444600	-130.939151	-0.271308	-85.918562	0.397417	-124.905205	0.414339
8550.000008	-122.873607	0.192604	-122.362118	0.035282	-87.971017	0.482686	-105.710029	-0.333547
8560.000008	-120.222077	-0.028424	-126.309661	0.001634	-105.704254	-0.235126	-121.092167	0.158685
8570.000008	-121.621447	0.153468	-127.907873	0.052093	-81.762408	-0.156902	-133.740764	0.026335
8580.000008	-132.024289	-0.385558	-135.995883	-0.126290	-86.527470	0.351298	-125.551202	-0.200225
8590.000008	-122.701077	0.058071	-131.658247	0.479632	-85.418338	-0.338297	-126.266849	-0.056567
8600.000008	-136.778265	0.025196	-123.258483	0.219309	-89.748183	-0.423197	-129.798206	-0.135648
8610.000008	-129.004976	-0.475602	-135.922496	0.042864	-94.537777	0.456877	-128.787990	-0.498367
8620.000008	-129.058630	0.314773	-119.007842	-0.147105	-82.872276	-0.378075	-125.242046	-0.155073
8630.000008	-127.565066	0.036032	-126.316982	0.375971	-97.252789	-0.333476	-132.280596	0.347639
8640.000008	-144.567487	0.160870	-125.879385	-0.251622	-86.644304	-0.090837	-128.553809	0.153005
8650.000008	-130.079530	-0.263079	-132.689332	0.258719	-81.286765	-0.137141	-131.420149	-0.129919
8660.000008	-126.353031	-0.300307	-144.397984	0.477485	-87.813265	0.257455	-129.913254	-0.216838
8670.000008	-128.549479	0.297422	-131.851185	-0.212189	-82.020974	0.312687	-124.140409	0.226083
8680.000008	-132.155123	0.380677	-123.817803	0.387800	-80.529397	-0.266117	-124.863665	-0.473991
8690.000008	-144.138766	0.184013	-123.976638	-0.148452	-89.873321	0.242726	-143.812365	-0.115552
8700.000008	-130.808148	0.063437	-132.134932	0.196191	-76.913804	-0.242369	-124.988612	0.136605
8710.000008	-130.124457	-0.073140	-124.427553	-0.211387	-83.693589	-0.447816	-141.720448	-0.358878
8720.000008	-125.282839	0.243635	-122.672619	-0.337025	-78.481607	0.235033	-122.464409	-0.253314
8730.000008	-126.713989	0.008303	-120.855683	-0.421495	-80.258416	-0.096869	-129.323070	-0.043086
8740.000008	-128.700520	0.135611	-122.428107	0.451924	-83.308061	0.324353	-128.606079	0.423240
8750.000008	-136.359235	0.438228	-127.686395	0.208778	-87.794599	0.216756	-125.066212	0.253471
8760.000008	-117.300786	0.347829	-130.123410	0.007098	-84.398635	0.105783	-132.607949	-0.272880
8770.000008	-127.948776	0.275284	-127.583360	0.279791	-89.810380	-0.409610	-126.839166	0.266152
8780.000008	-122.267157	-0.247345	-124.434390	-0.387701	-85.453102	-0.250715	-129.297053	-0.396954
8790.000008	-134.014459	0.331837	-117.222483	0.295438	-96.114808	0.398346	-123.307700	-0.065107
8800.000008	-123.660690	0.044643	-128.471509	-0.286903	-78.041088	0.354728	-127.146110	-0.398714
8810.000008	-128.115853	-0.251658	-134.770214	0.453666	-85.120508	-0.138052	-130.883002	0.475043
8820.000008	-130.575340	-0.201131	-125.441109	-0.295553	-92.586980	0.377638	-132.026783	-0.303611
8830.000008	-129.150496	0.175086	-133.698788	-0.017191	-95.142777	-0.446665	-144.981706	-0.315134
8840.000008	-122.851214	0.040301	-124.663451	0.139171	-92.397352	0.048864	-122.918632	-0.440272
8850.000008	-130.926724	0.356399	-136.686786	-0.423502	-82.303266	0.159425	-126.093653	0.410280
8860.000008	-128.154692	-0.159085	-132.495205	-0.056358	-95.559161	0.052208	-119.753827	-0.358869
8870.000008	-119.147552	-0.349942	-133.898125	-0.185812	-82.533392	0.211368	-133.799254	0.456293
8880.000008	-133.817792	-0.140669	-124.063439	-0.120693	-80.398083	-0.055707	-124.154428	-0.242308
8890.000008	-128.097559	0.145996	-130.890103	0.293238	-89.164096	0.215743	-129.616471	0.419585
8900.000008	-134.931988	-0.034385	-127.423329	-0.084687	-85.130753	0.260511	-124.555920	0.049009
8910.000008	-124.887880	-0.495717	-122.354302	-0.131608	-84.276212	0.055731	-138.398560	-0.330436
8920.000008	-131.287947	-0.215543	-120.900333	0.279453	-79.926580	-0.394322	-135.805839	0.156106
8930.000008	-128.308107	0.286983	-137.718971	0.367454	-82.545118	0.113661	-124.461269	0.480149
8940.000008	-139.226147	0.215076	-124.232231	-0.224639	-79.300743	0.494305	-130.869068	0.100330
8950.000008	-123.157636	0.156870	-125.574859	0.370450	-84.763345	0.444232	-130.891685	0.155117
8960.000008	-138.510230	-0.444846	-127.898000	0.272632	-83.590331	-0.117041	-125.432527	0.395896
8970.000008	-125.820498	0.295332	-137.645059	0.108085	-81.521430	0.089934	-130.832676	-0.225201
8980.000008	-129.500595	-0.104989	-119.986465	0.194306	-82.839350	-0.006366	-131.194814	-0.306375
8990.000008	-122.063281	0.393651	-128.521782	-0.354178	-83.339146	-0.458069	-127.241346	-0.474918
9000.000008	-117.835886	0.279453	-119.776301	0.249009	-92.744637	-0.397009	-104.191662	-0.086451
9010.000008	-121.051838	0.118369	-126.863534	0.356207	-87.444568	-0.427888	-130.604292	0.195140
9020.000008	-123.138165	0.037148	-123.057380	0.036730	-78.411405	-0.078937	-125.725705	0.168476
9030.000008	-121.457988	0.234955	-122.378510	0.155964	-79.105753	-0.277092	-124.471024	0.338557
9040.000008	-124.694928	-0.259012	-131.692549	-0.081184	-81.776195	-0.190846	-128.798710	-0.183935
9050.000008	-129.591586	-0.012728	-123.433076	0.318708	-86.334656	0.118857	-124.367766	0.005927
9060.000008	-126.407359	-0.067302	-122.290599	0.127362	-86.787874	0.116141	-129.331852	-0.332744
9070.000008	-129.398490	-0.283980	-125.062276	0.315531	-87.148980	-0.442644	-127.187486	0.338028
9080.000008	-121.312341	0.072018	-123.357263	0.304888	-82.624138	0.284966	-132.705279	-0.061920
9090.000008	-122.178057	0.113115	-133.887408	0.229523	-80.866085	0.060443	-127.737561	0.161362
9100.000008	-124.010001	0.401102	-138.335381	-0.117091	-87.766922	-0.149027	-123.656347	0.241724
9110.000008	-123.447797	0.441080	-122.095550	-0.081527	-82.788018	-0.199052	-125.983608	-0.247578
9120.000008	-126.366871	-0.124199	-122.809237	-0.305219	-89.627164	-0.020441	-126.432081	-0.113993
9130.000008	-119.691128	0.146979	-123.166266	-0.022830	-81.833524	-0.004675	-120.985228	0.231555
9140.000008	-125.499083	-0.183131	-129.293003	0.393240	-83.283373	-0.359437	-128.675843	-0.464891
9150.000008	-142.035194	-0.233381	-136.939538	0.355883	-83.825141	0.175178	-125.101417	0.136722
9160.000008	-119.880321	-0.158966	-120.175640	-0.118272	-88.158186	0.193345	-128.102545	0.464366
9170.000008	-122.997442	-0.163098	-124.952216	0.121536	-87.239810	-0.191944	-130.967736	0.075852
9180.000008	-127.545092	0.107179	-124.767437	0.139169	-84.422325	-0.299577	-134.755733	0.262441
9190.000008	-133.189352	0.006896	-137.716644	-0.003022	-88.139894	-0.211253	-141.102222	-0.065252
9200.000008	-124.752290	-0.498135	-125.541549	0.002086	-88.495182	-0.298520	-127.807254	-0.207510
9210.000008	-119.897459	-0.023998	-131.072843	-0.094469	-96.566227	-0.096006	-123.999856	0.259948
9220.000008	-129.148278	0.013467	-124.312665	-0.236952	-82.777688	0.023940	-126.634895	0.166251
9230.000008	-127.258826	0.071540	-125.108803	-0.294352	-84.562919	0.278259	-132.495484	-0.191553
9240.000008	-125.652759	-0.285146	-121.447597	0.499679	-88.754492	0.135850	-133.030416	0.316385
9250.000008	-133.566820	-0.296702	-124.045746	0.475551	-84.806303	-0.114361	-125.967596	0.013068
9260.000008	-126.768429	-0.447275	-133.293672	0.202001	-86.020090	-0.229788	-133.557767	-0.029352
9270.000008	-124.131230	-0.214828	-127.870206	-0.017038	-85.383066	-0.345122	-129.120346	-0.373444
9280.000008	-130.582670	0.191748	-122.851082	0.234965	-90.227070	0.047456	-133.644277	-0.167376
9290.000008	-125.711083	-0.239248	-124.050149	0.093741	-80.999606	0.325014	-124.934963	0.482879
9300.000008	-129.774987	-0.156329	-121.754914	-0.272439	-96.217189	0.075864	-129.457112	-0.229555
9310.000008	-137.772788	0.234445	-118.658273	-0.075605	-88.259803	0.200583	-120.599850	-0.164390
9320.000008	-125.900081	0.045533	-127.660112	0.037932	-98.017438	-0.270776	-125.930150	0.305979
9330.000008	-132.883801	-0.490194	-120.184910	0.221678	-81.196825	-0.314090	-126.380984	-0.404908
9340.000008	-126.042303	-0.344540	-132.940262	0.486223	-81.053482	0.472699	-119.591791	-0.007737
9350.000008	-117.043853	0.197574	-134.493480	-0.005335	-92.459604	-0.335970	-128.298066	0.395664
9360.000008	-121.142121	0.002112	-130.565729	-0.154466	-89.253917	0.165482	-129.676215	-0.142759
9370.000008	-123.929175	-0.042024	-129.367434	0.281057	-94.724283	-0.102026	-125.564766	0.309604
9380.000008	-124.629290	0.276915	-128.375977	-0.432493	-86.809344	-0.322201	-127.047023	-0.278891
9390.000008	-121.608575	0.093065	-127.334412	0.369489	-87.942216	-0.130427	-141.262911	0.076071
9400.000008	-125.323291	-0.277316	-130.243985	-0.233035	-91.521714	-0.160620	-121.099170	0.368178
9410.000008	-130.525527	0.005008	-122.254383	0.260371	-83.863243	0.275064	-124.936573	0.280843
9420.000008	-121.684154	0.497815	-124.924115	-0.275145	-82.926569	-0.400510	-126.950139	0.447994
9430.000008	-122.892599	-0.192009	-123.520481	-0.349339	-84.821636	-0.190123	-127.211978	-0.392841
9440.000008	-127.551767	0.198694	-130.495086	-0.446858	-80.055895	0.319613	-127.601284	0.482958
9450.000008	-120.146173	-0.020471	-125.731358	-0.404742	-82.680439	-0.124959	-118.758651	0.173311
9460.000008	-142.583128	0.100204	-120.789165	-0.240030	-87.745109	-0.236513	-132.024981	0.422590
9470.000008	-136.931512	-0.430356	-127.216529	0.182035	-78.774919	-0.405150	-126.229039	-0.324411
9480.000008	-123.777118	0.323555	-128.562884	0.414536	-89.191983	-0.279472	-129.815252	0.320348
9490.000008	-133.131200	-0.291919	-123.605123	-0.092073	-87.227411	-0.385689	-137.876535	-0.098824
9500.000008	-130.707281	0.190618	-122.948655	-0.481778	-81.335615	0.291791	-126.523232	-0.464644
9510.000008	-128.982090	0.139520	-125.035584	0.076942	-99.845265	0.492782	-133.357672	0.283106
9520.000008	-135.085144	-0.335763	-120.089413	-0.491538	-82.590715	0.022699	-130.243122	-0.109822
9530.000008	-131.125334	-0.069778	-124.983637	0.228291	-87.384773	0.307099	-135.344608	0.171346
9540.000008	-126.305053	0.293814	-120.139702	-0.404226	-96.332258	0.366557	-132.879394	-0.084574
9550.000008	-130.814232	0.227384	-119.850587	-0.173988	-103.694531	0.151138	-123.620187	-0.061395
9560.000008	-129.668771	0.404709	-121.988891	0.007945	-100.113613	0.290910	-125.518953	-0.164490
9570.000008	-132.377851	-0.472708	-124.294223	0.255173	-89.134037	-0.172937	-125.307425	-0.121410
9580.000008	-128.789927	-0.175933	-125.808141	-0.213760	-96.135394	-0.402999	-126.815163	0.391951
9590.000008	-128.802388	0.205868	-124.421054	0.239369	-96.975357	-0.301870	-124.985728	-0.438553
9600.000009	-130.685516	0.228033	-127.032836	-0.087503	-83.094102	-0.230908	-120.998151	-0.059514
9610.000009	-138.286914	-0.300043	-123.176033	-0.228526	-87.804532	-0.398995	-137.775864	0.413456
9620.000009	-124.671117	0.031418	-120.709111	-0.281525	-84.144138	-0.333132	-132.245259	0.070353
9630.000009	-120.127010	-0.159497	-122.933641	0.135603	-82.723522	0.013487	-121.335761	-0.166233
9640.000009	-120.336760	0.415980	-129.668953	-0.347826	-80.976817	0.349846	-127.354946	0.265610
9650.000009	-134.975653	-0.181784	-147.690512	0.037910	-83.839684	-0.121081	-126.065336	0.272805
9660.000009	-120.653288	0.279684	-135.098816	0.059578	-85.317919	-0.172621	-124.317239	0.022422
9670.000009	-123.964529	0.261487	-123.794005	0.192950	-89.013712	0.292453	-125.184861	-0.062077
9680.000009	-135.478760	0.118266	-132.946351	0.074270	-83.696180	-0.048734	-130.706148	0.028080
9690.000009	-127.551824	-0.431669	-124.453557	0.459459	-91.714187	-0.272421	-123.980454	-0.321495
9700.000009	-126.735590	-0.034691	-125.621201	0.363609	-82.706484	-0.021434	-124.228076	0.400677
9710.000009	-120.080246	-0.391815	-129.343600	0.439532	-87.036567	-0.238872	-127.198111	-0.190852
9720.000009	-132.809865	0.436914	-132.922528	-0.382475	-84.022166	-0.316399	-125.144347	-0.265329
9730.000009	-125.189887	-0.002277	-122.644378	-0.197912	-78.910571	-0.490106	-138.421460	0.315967
9740.000009	-124.672427	-0.496666	-124.971809	-0.220521	-81.678837	0.100777	-121.406657	0.423638
9750.000009	-126.308925	0.321720	-125.623016	-0.149217	-82.787102	0.129034	-126.916037	-0.204708
9760.000009	-121.771166	-0.034682	-129.528833	0.463056	-87.352497	0.195542	-122.926400	-0.221253
9770.000009	-123.694030	-0.384009	-131.696987	-0.176145	-78.092489	0.279771	-123.554236	-0.379500
9780.000009	-123.385179	0.481307	-130.038649	-0.110097	-83.880317	-0.282220	-130.356464	0.037899
9790.000009	-128.959090	0.117073	-126.839500	-0.409675	-84.750753	-0.479205	-138.309468	-0.128591
9800.000009	-123.285441	-0.259710	-133.278467	-0.474115	-96.219342	-0.313815	-123.617397	0.170666
9810.000009	-123.663870	-0.446410	-125.798330	0.215629	-88.000975	-0.009513	-124.676207	-0.496654
9820.000009	-119.275239	0.097996	-122.278469	-0.428814	-80.392307	0.244414	-117.080551	-0.326166
9830.000009	-126.171976	-0.125462	-120.883670	0.018307	-88.385598	-0.339255	-125.479815	0.283646
9840.000009	-130.552075	-0.449761	-124.379309	-0.223401	-87.364289	0.267961	-118.786938	-0.349620
9850.000009	-121.982435	0.486857	-125.067348	-0.462613	-88.009129	-0.089479	-127.099924	0.497181
9860.000009	-121.802081	-0.068038	-126.630314	0.411353	-87.977754	0.265714	-124.955933	-0.004936
9870.000009	-136.587189	-0.262332	-122.928760	0.002920	-94.866626	0.025139	-123.042169	0.091081
9880.000009	-130.860098	0.279804	-120.336101	0.196876	-96.081450	-0.041864	-123.089373	-0.270435
9890.000009	-136.558772	0.147949	-121.575378	0.123011	-84.962691	0.380156	-124.512751	0.006616
9900.000009	-125.288853	0.075378	-123.518639	-0.295031	-93.500313	0.403203	-122.366945	0.362555
9910.000009	-122.397988	0.263046	-126.762059	-0.459659	-85.142065	0.217099	-129.035634	0.427783
9920.000009	-135.038121	0.139074	-123.322648	-0.296457	-82.852680	0.428553	-125.551424	-0.104122
9930.000009	-138.226689	0.485009	-125.330327	-0.420021	-91.008746	0.162946	-136.611532	0.347998
9940.000009	-130.557010	0.466662	-128.602797	0.031492	-82.579205	0.459275	-130.422403	-0.423069
9950.000009	-128.579994	-0.045146	-139.411104	-0.048721	-85.198485	0.395344	-142.902708	0.431968
9960.000009	-129.789604	0.313197	-120.677726	-0.440762	-90.008174	-0.359549	-123.149605	-0.008273
9970.000009	-120.041472	0.134865	-123.736135	0.202329	-99.921419	0.131793	-123.519189	-0.369037
9980.000009	-133.654654	0.014445	-125.846993	-0.046148	-83.045973	0.279421	-132.079824	0.391810
9990.000009	-120.723634	-0.030920	-118.821984	-0.176507	-87.013473	-0.202175	-120.866212	-0.082142
10000.000009	-135.455916	-0.261453	-125.616710	0.349636	-83.448896	0.384719	-124.544617	0.165528
