% f106.txt
% Date Sat, Jun 26, 2021 5:37 PM
% Sine seq
% Response spectrum
% Stim level (V pk) 0.500, 0 dB filter gain, 120.0 dB attenuation
% Stim RMS (V) 0.000
% Freq [Hz]	Ch0 Mag [dB]	Ch0 Phase [cyc]	Ch1 Mag [dB]	Ch1 Phase [cyc]	Ch2 Mag [dB]	Ch2 Phase [cyc]	Ch3 Mag [dB]	Ch3 Phase [cyc]
%%end
10.000000	-126.846046	0.420293	-120.924777	-0.138329	-71.772976	0.085147	-115.169365	0.035520
20.000000	-116.471965	-0.119764	-129.908069	-0.436196	-64.131776	0.088138	-118.630673	-0.285194
30.000000	-116.004810	-0.413798	-114.742279	0.242446	-62.660942	-0.271684	-132.690285	-0.005952
40.000000	-151.282414	-0.055041	-113.842233	0.029741	-75.672550	-0.142440	-132.620944	-0.273039
50.000000	-120.978906	0.264489	-121.779313	0.426203	-65.810994	-0.492466	-119.358482	-0.025127
60.000000	-97.261432	0.452161	-89.675609	-0.248998	-64.115958	0.033037	-100.738068	0.194305
70.000000	-118.989103	-0.035631	-124.642712	0.105246	-66.785255	0.143641	-126.524699	0.089441
80.000000	-127.089334	-0.480178	-124.311744	0.438500	-67.067008	0.440138	-115.745144	0.321368
90.000000	-132.960884	-0.242739	-122.432388	0.093529	-64.596825	0.105334	-121.020070	0.296888
100.000000	-124.927766	-0.488857	-120.659903	-0.174917	-58.139913	-0.127872	-119.510855	-0.440377
110.000000	-123.854188	-0.196326	-125.785116	0.337568	-61.829525	0.393654	-124.227042	0.252051
120.000000	-122.334194	0.035083	-123.047086	0.192189	-60.621191	-0.363213	-122.647580	0.120427
130.000000	-120.457992	0.335824	-120.714996	0.456262	-61.983319	-0.150317	-122.526988	-0.047806
140.000000	-120.379549	-0.397724	-124.631772	0.458255	-55.624468	0.094232	-128.110293	0.477213
150.000000	-121.570495	0.318233	-120.387242	0.286759	-59.120677	0.247981	-117.933668	0.209510
160.000000	-123.841267	-0.434485	-121.179609	-0.075157	-63.617301	-0.050028	-124.053911	-0.328623
170.000000	-128.422261	0.001454	-119.314721	-0.044530	-54.046495	0.174856	-117.824921	-0.255825
180.000000	-106.509928	-0.212834	-95.673454	-0.253546	-57.698868	0.423981	-96.096568	0.129472
190.000000	-136.096841	-0.426986	-130.845644	0.082992	-62.129596	0.434532	-121.758188	-0.279824
200.000000	-118.330625	0.120159	-129.038045	-0.067653	-52.255418	-0.078061	-126.064677	-0.021596
210.000000	-126.503558	-0.284406	-123.727526	-0.197663	-59.625817	-0.401685	-124.688223	-0.187533
220.000000	-119.082791	-0.156860	-118.373719	0.023160	-60.241020	-0.185303	-124.726205	0.390699
230.000000	-128.463181	-0.183889	-121.189817	0.383973	-60.777967	-0.071881	-127.129946	-0.170724
240.000000	-127.667688	0.046596	-126.078362	0.134992	-72.694650	0.452423	-124.111620	-0.306516
250.000000	-128.625548	-0.052061	-128.942964	-0.003391	-74.718343	0.093856	-128.125597	0.106664
260.000000	-130.067897	-0.310167	-127.623596	-0.238156	-78.261758	-0.110080	-131.751965	0.074723
270.000000	-146.420323	-0.267243	-120.109893	0.382410	-69.727354	-0.340097	-122.598424	-0.128098
280.000000	-123.581233	0.248140	-129.232019	-0.433648	-63.821617	-0.223597	-124.992894	0.015808
290.000000	-124.591080	0.035965	-129.266261	-0.155636	-59.544088	-0.416019	-152.442374	0.470679
300.000000	-114.183566	0.278638	-113.014951	-0.232102	-65.818521	-0.078399	-114.884835	0.060633
310.000000	-117.503243	-0.402124	-135.779269	0.205797	-64.401325	0.366710	-120.655559	-0.074982
320.000000	-123.888401	-0.167259	-120.116016	0.275260	-59.350338	-0.479155	-120.521390	0.076296
330.000000	-129.070759	-0.197831	-124.502041	0.255266	-58.929607	0.118932	-134.748469	-0.259539
340.000000	-121.352344	-0.324720	-132.348405	0.275453	-68.057402	-0.124517	-120.682540	-0.069766
350.000000	-120.178038	-0.057982	-125.983296	-0.119133	-80.558450	0.361177	-121.667470	0.138293
360.000000	-119.712926	-0.462803	-125.514409	0.199279	-59.679026	0.194996	-126.819576	-0.125029
370.000000	-120.771920	-0.005368	-120.313703	0.172118	-75.713472	-0.327580	-125.377199	-0.318345
380.000000	-124.214047	0.464840	-122.686722	-0.000701	-56.771338	0.233284	-121.344610	0.185211
390.000000	-127.895173	0.038652	-130.921826	-0.446569	-57.071771	-0.001590	-127.444652	-0.120280
400.000000	-122.237592	-0.390681	-122.858846	-0.374873	-66.457735	-0.120464	-127.818989	0.053081
410.000000	-121.190688	0.154035	-127.493845	-0.046056	-65.731534	0.442730	-123.776506	0.431885
420.000000	-134.353404	0.195945	-122.851192	-0.469561	-66.548108	0.277664	-128.748294	-0.332021
430.000000	-118.760759	-0.482669	-119.670753	0.407735	-66.086402	-0.175211	-123.621543	0.388578
440.000000	-131.218687	-0.072536	-128.862185	-0.426517	-61.504734	-1.023137E-5	-133.320215	0.138216
450.000000	-125.168609	-0.360538	-121.705990	-0.100581	-63.201777	-0.336035	-128.400907	-0.246849
460.000000	-122.690945	-0.158204	-125.429604	-0.009917	-58.755136	-0.190917	-134.040239	0.007197
470.000000	-126.290087	-0.253753	-119.971949	-0.313147	-67.950580	0.333367	-128.443656	-0.495552
480.000000	-126.693192	-0.159498	-124.947172	0.032941	-65.238568	0.106744	-124.441757	-0.246115
490.000000	-121.101296	-0.151739	-126.816581	-0.042363	-60.426649	0.145540	-121.254704	0.182252
500.000000	-121.458144	-0.049670	-120.596956	-0.118223	-59.560649	-0.363431	-117.773264	0.053853
510.000000	-120.072477	-0.060437	-144.224028	-0.417127	-66.318204	-0.186424	-133.631327	0.074903
520.000000	-124.692383	-0.419859	-123.433539	-0.349377	-67.989880	0.496299	-132.472641	-0.464784
530.000000	-126.085139	-0.368201	-122.113764	-0.145014	-57.366969	0.116219	-127.257976	-0.078360
540.000000	-130.264645	0.061574	-120.628483	0.240629	-61.810387	0.056262	-128.688998	0.484309
550.000000	-131.540531	-0.290810	-140.860630	0.458760	-81.250881	-0.061327	-119.069113	0.287678
560.000000	-129.591773	0.152036	-142.276652	-0.164266	-65.073162	-0.059081	-142.406710	0.071444
570.000001	-130.277871	-0.242242	-127.628145	-0.089338	-64.913744	-0.159715	-132.326325	0.231509
580.000001	-121.607951	-0.229006	-125.260505	-0.099238	-68.876942	-0.374645	-123.394755	-0.005604
590.000001	-123.547820	0.108851	-124.812551	-0.272857	-62.700154	0.062501	-123.700887	-0.316783
600.000001	-124.811196	-0.138817	-125.308796	-0.238566	-64.212447	0.114972	-122.613099	-0.009858
610.000001	-126.931747	0.232047	-126.289957	-0.047708	-60.569333	-0.146332	-118.854049	0.466502
620.000001	-123.240267	0.167546	-125.168854	0.377293	-65.189676	-0.236165	-119.970193	0.062535
630.000001	-123.975648	0.422185	-119.731616	-0.447234	-63.114245	0.158124	-127.277372	0.296226
640.000001	-122.709332	-0.122142	-119.911103	-0.008194	-63.056640	0.059464	-129.167494	0.142014
650.000001	-137.828374	0.220838	-123.399392	0.170060	-69.662660	-0.149130	-122.689282	0.256074
660.000001	-121.062407	0.159060	-118.485020	0.095292	-66.431914	-0.129473	-122.499039	0.219855
670.000001	-123.710472	-0.289497	-121.359319	-0.076914	-61.457455	-0.109714	-126.830602	0.112815
680.000001	-132.786413	-0.351142	-127.862080	0.342973	-68.364433	0.110284	-130.214357	0.186634
690.000001	-126.649717	0.013535	-130.575607	0.141671	-68.558318	0.229884	-125.729394	-0.068484
700.000001	-122.560422	0.228984	-122.802554	0.160427	-77.395855	-0.450130	-130.393136	-0.060076
710.000001	-130.201637	0.258532	-123.064934	-0.380409	-65.590994	-0.324434	-122.585669	-0.307522
720.000001	-133.683283	0.092729	-123.670865	0.080095	-75.055014	0.450195	-121.133228	0.314661
730.000001	-125.661356	0.489713	-128.428974	0.452293	-63.455030	0.135503	-130.460244	-0.081582
740.000001	-125.690360	0.413003	-143.032329	-0.154675	-62.276360	-0.182298	-132.852930	0.149527
750.000001	-119.116274	0.292974	-123.171984	0.355370	-65.888765	0.168012	-123.317577	-0.169731
760.000001	-127.371437	0.258180	-137.915116	0.421739	-68.461484	-0.211732	-128.874402	-0.108290
770.000001	-125.775324	-0.375024	-126.016125	0.382187	-80.742635	-0.318055	-126.994195	0.408598
780.000001	-120.153630	0.372100	-115.595951	-0.386629	-64.661175	0.135546	-128.269986	0.085870
790.000001	-123.153612	0.294129	-127.526458	0.267493	-67.264949	0.405367	-123.967135	0.199475
800.000001	-125.833914	0.079557	-123.188944	0.255514	-64.425876	-0.288004	-118.460750	-0.059253
810.000001	-121.578393	-0.441977	-127.166894	0.162815	-63.242346	0.419587	-124.618936	-0.435194
820.000001	-129.318330	0.430788	-122.508548	-0.390975	-65.949905	0.321429	-118.772929	0.346453
830.000001	-137.907335	0.445189	-127.501515	-0.074308	-61.261908	-0.070586	-125.143392	-0.066906
840.000001	-126.122337	0.379476	-123.907417	-0.413959	-71.560122	-0.072784	-124.875944	0.095019
850.000001	-129.088664	0.385169	-131.224080	-0.147431	-66.170530	-0.275537	-123.690231	0.441833
860.000001	-127.722905	-0.399479	-121.693549	-0.188663	-80.324115	-0.378951	-130.544723	-0.191195
870.000001	-121.911397	0.078464	-120.659692	0.160370	-63.228463	0.176610	-127.836154	0.337187
880.000001	-122.498798	-0.148492	-125.557220	-0.411250	-78.050395	0.486593	-121.965343	0.284566
890.000001	-133.179557	0.088277	-119.488325	-0.129144	-65.607556	0.139534	-130.419579	-0.106859
900.000001	-126.914685	0.163624	-130.258395	0.190918	-68.671253	0.485655	-132.161292	-0.271519
910.000001	-125.352821	-0.326977	-118.237706	-0.334441	-0.587684	0.416763	-24.378633	-0.207199
920.000001	-124.538691	-0.183669	-121.803430	0.111896	-76.924587	-0.195562	-124.797547	0.419506
930.000001	-132.129837	-0.484744	-127.640430	0.330551	-69.185273	-0.012718	-132.428886	0.115219
940.000001	-123.711817	0.189588	-127.720611	0.258994	-59.935905	-0.466428	-124.526569	0.237693
950.000001	-124.459764	0.427693	-132.270407	-0.335929	-65.545551	0.204223	-131.061979	0.417991
960.000001	-126.912591	0.434932	-136.065017	-0.204040	-64.981481	0.224747	-130.809339	-0.473579
970.000001	-131.503522	-0.476126	-122.307361	0.487475	-68.928960	0.154047	-122.659390	-0.499647
980.000001	-126.295465	0.405220	-125.413847	0.009868	-68.298938	-0.107387	-122.527574	0.459880
990.000001	-130.548537	-0.428647	-122.554723	0.398164	-60.381745	-0.368439	-121.031829	-0.085400
1000.000001	-130.100840	0.101709	-132.023368	-0.003319	-70.772288	0.196781	-123.362233	0.295828
1010.000001	-132.725423	-0.006914	-125.493190	0.292455	-78.448011	0.037539	-138.531852	-0.155451
1020.000001	-124.590055	-0.028783	-124.591003	0.026291	-72.671394	-0.074903	-126.188131	0.033622
1030.000001	-125.504132	0.489373	-140.524676	-0.157152	-73.459089	0.250939	-138.281914	0.304327
1040.000001	-128.424169	0.324745	-125.812492	-0.465274	-77.192192	0.167159	-123.772615	-0.269899
1050.000001	-127.915022	0.360415	-135.073362	0.322998	-69.149899	-0.341978	-124.406616	0.496167
1060.000001	-135.822512	-0.470631	-130.286438	-0.264559	-63.252392	-0.110202	-119.880802	0.397946
1070.000001	-132.874990	0.138775	-124.505765	0.397276	-71.283580	-0.018380	-123.902281	-0.373945
1080.000001	-123.651505	-0.191091	-122.069978	0.231992	-69.619533	0.428024	-124.252722	0.024753
1090.000001	-119.575488	0.199278	-125.522913	0.401972	-62.547905	-0.466543	-133.670789	-0.250966
1100.000001	-123.768115	-0.476021	-120.089009	0.409602	-68.449394	-0.190485	-122.378945	0.046456
1110.000001	-126.611798	0.366795	-121.877632	-0.493847	-60.464724	-0.452707	-137.620933	-0.445505
1120.000001	-125.678833	0.279705	-117.646553	0.463600	-75.549804	-0.136004	-127.444228	0.434832
1130.000001	-119.880926	0.038752	-127.684807	-0.172787	-65.321863	-0.116538	-124.939100	0.263944
1140.000001	-119.800704	-0.409396	-133.643023	0.158514	-74.382964	-0.392383	-129.437273	-0.231348
1150.000001	-129.433758	-0.139745	-134.124918	0.189851	-77.186553	0.000544	-136.924401	-0.445424
1160.000001	-135.950744	-0.463107	-127.713532	-0.146167	-67.806091	-0.050777	-135.563780	0.201673
1170.000001	-118.414950	-0.197634	-114.545819	-0.123580	-74.210135	-0.462337	-132.909201	-0.176296
1180.000001	-133.476296	0.136009	-127.010967	0.272907	-69.998995	-0.211832	-121.609939	0.132311
1190.000001	-132.304444	0.488169	-126.917823	0.415401	-64.477914	-0.118316	-129.066093	-0.475157
1200.000001	-129.770039	-0.432348	-119.814960	-0.201877	-65.579807	0.107502	-133.891479	-0.098802
1210.000001	-127.241935	-0.187041	-123.586836	-0.272156	-70.117209	-0.111357	-124.476306	-0.112361
1220.000001	-124.605126	-0.425256	-125.262218	-0.094645	-78.105269	-0.060132	-126.339141	-0.417422
1230.000001	-120.668425	-0.228098	-121.097653	-0.280148	-76.360603	-0.261902	-125.253242	-0.130487
1240.000001	-136.857869	0.485080	-117.383975	0.044886	-69.760820	-0.408106	-124.314383	-0.304259
1250.000001	-122.098282	0.427517	-133.699534	-0.000826	-70.034965	-0.245646	-137.579295	0.448410
1260.000001	-136.290932	-0.133204	-120.427811	-0.004896	-71.886851	-0.109478	-127.400623	0.487425
1270.000001	-126.762323	-0.321630	-131.506049	-0.245525	-70.420465	-0.223342	-129.414390	-0.110874
1280.000001	-129.223742	-0.121843	-125.007609	-0.074676	-67.964216	-0.029998	-132.157482	-0.491425
1290.000001	-116.648947	0.491099	-117.488565	0.149401	-67.224868	0.384897	-126.924238	0.336226
1300.000001	-125.332765	-0.477011	-120.550691	0.373335	-65.631456	-0.007927	-133.437878	-0.137290
1310.000001	-123.945093	0.311350	-144.960633	-0.124057	-73.305913	0.087695	-122.736353	0.258053
1320.000001	-127.088721	-0.217131	-125.132883	0.108697	-89.471969	0.419524	-128.460244	-0.480663
1330.000001	-121.950282	-0.065021	-113.469128	0.378342	-68.457000	0.443773	-127.374997	0.318274
1340.000001	-118.107551	-0.066490	-117.986580	-0.385245	-72.150905	-0.289219	-125.853140	0.105067
1350.000001	-120.786341	0.447966	-112.402617	0.153299	-73.792456	0.262563	-120.405485	-0.423047
1360.000001	-122.135804	0.056899	-112.067741	0.338488	-75.925906	-0.257632	-126.621617	0.115203
1370.000001	-128.885650	-0.323046	-113.961455	0.434744	-84.803749	0.109131	-134.144239	0.328605
1380.000001	-132.286185	0.432708	-124.975944	0.310233	-73.204533	0.264912	-133.001872	0.371990
1390.000001	-122.672098	0.061599	-127.005422	0.050373	-66.386632	0.304043	-124.649944	-0.440510
1400.000001	-125.380677	-0.206765	-114.762941	0.408350	-67.635409	0.155006	-119.133161	0.104502
1410.000001	-126.422152	-0.091815	-121.164917	0.421554	-70.505697	-0.086498	-118.354811	0.093321
1420.000001	-125.526376	0.198056	-125.719771	-0.266419	-69.215027	0.306913	-130.688687	-0.178884
1430.000001	-129.080026	-0.247809	-117.883877	0.161836	-64.952902	0.097089	-127.741756	-0.053058
1440.000001	-144.224566	0.157223	-123.822706	-0.093498	-72.494731	0.493348	-126.804373	-0.397212
1450.000001	-128.167952	0.005015	-114.126422	-0.137262	-68.100142	0.032752	-134.124448	0.026054
1460.000001	-128.717158	-0.332114	-120.163633	-0.244935	-67.322340	-0.110052	-121.824129	-0.428657
1470.000001	-130.802638	0.459476	-113.966519	-0.405994	-75.150749	-0.126968	-123.969298	0.244530
1480.000001	-135.607358	0.310597	-112.181919	-0.162885	-74.540155	-0.227083	-122.018731	-0.440361
1490.000001	-129.266108	0.456480	-119.562888	0.012574	-77.465640	-0.228408	-126.040586	0.114914
1500.000001	-126.069639	-0.314323	-120.600489	-0.159097	-72.164530	0.176399	-130.148348	0.335959
1510.000001	-126.062450	-0.217957	-122.095788	0.391959	-68.793274	0.417516	-127.833581	-0.106533
1520.000001	-124.932388	0.352766	-130.216099	-0.493444	-69.774339	-0.098126	-123.133363	-0.358952
1530.000001	-127.006165	0.325807	-122.812540	-0.170953	-72.820972	0.158272	-125.039821	-0.085578
1540.000001	-130.851670	-0.191391	-125.546721	0.098800	-84.721355	-0.118840	-142.836144	0.173059
1550.000001	-119.557174	0.311448	-121.083136	0.197866	-73.275493	-0.461605	-128.418171	0.257829
1560.000001	-143.672522	-0.316377	-133.878347	-0.141177	-69.408730	0.185798	-122.109033	0.021859
1570.000001	-123.751924	-0.199596	-132.212685	-0.209606	-71.319245	-0.272366	-124.154448	-0.348548
1580.000001	-121.604744	0.209928	-120.153080	-0.102792	-64.903666	-0.335152	-121.738090	0.213626
1590.000001	-126.226638	0.079880	-118.529687	-0.455106	-70.044047	0.058117	-127.674584	-0.110785
1600.000001	-127.352824	0.050145	-124.781511	-0.275203	-74.781598	0.187979	-130.391760	0.434906
1610.000001	-127.650447	-0.458413	-118.541545	-0.364987	-70.271704	0.465310	-124.696516	0.352540
1620.000001	-136.596471	-0.339739	-120.232222	0.272008	-72.032693	0.093839	-135.275498	-0.276464
1630.000001	-122.942164	0.331562	-121.348622	0.009713	-67.142753	0.107904	-127.074305	-0.383697
1640.000001	-121.638369	-0.410093	-122.532595	0.050236	-72.254543	-0.135218	-119.836560	-0.084068
1650.000001	-126.166502	-0.231778	-127.079984	0.479499	-77.830270	-0.341006	-125.137623	-0.393905
1660.000001	-127.778335	-0.287250	-122.871998	0.053979	-80.275224	-0.460812	-119.600351	-0.348705
1670.000001	-118.683183	-0.399071	-143.841871	0.149671	-69.452175	-0.330797	-129.608649	0.065863
1680.000001	-135.194995	0.022747	-141.378480	-0.223561	-89.535469	0.464941	-128.437724	0.317063
1690.000001	-119.962430	-0.149087	-125.694128	0.056121	-70.934503	-0.357746	-127.549554	-0.025321
1700.000002	-123.957309	-0.302202	-118.417214	-0.463087	-66.440496	-0.314623	-124.638317	-0.152857
1710.000002	-120.453413	0.146104	-134.091900	0.172370	-77.936864	0.408389	-128.422731	0.392669
1720.000002	-125.894164	0.307262	-124.794032	-0.025597	-72.202666	0.206016	-132.837051	0.052930
1730.000002	-124.219321	-0.473850	-124.275764	-0.133996	-69.286178	-0.287051	-122.473310	-0.252856
1740.000002	-126.180370	-0.125076	-121.464823	0.438942	-69.269495	0.463188	-122.260693	0.475374
1750.000002	-129.985352	0.199712	-119.134960	0.487637	-77.317017	0.095059	-124.958174	-0.435312
1760.000002	-132.173214	-0.417056	-125.743840	-0.200740	-80.145269	0.172015	-121.515182	0.205571
1770.000002	-123.386550	-0.073320	-119.314006	0.178535	-77.640049	-0.089446	-133.124252	0.393823
1780.000002	-132.490725	-0.033874	-136.790230	-0.431562	-68.909077	0.384978	-126.060367	0.346075
1790.000002	-130.884028	-0.405170	-133.208012	0.319614	-72.747695	-0.056188	-124.066834	0.261856
1800.000002	-142.077853	-0.061651	-129.849619	0.434243	-77.858171	-0.243275	-129.914269	0.239606
1810.000002	-120.600795	-0.205748	-125.600302	-0.445296	-84.212585	-0.044041	-131.937477	-0.293069
1820.000002	-128.798340	-0.037967	-132.390952	0.118998	-69.779294	0.424272	-85.554054	-0.417016
1830.000002	-136.462498	0.390864	-127.218118	0.475711	-79.546535	-0.108152	-126.329746	-0.426409
1840.000002	-120.793926	0.339974	-127.409974	0.166632	-83.640650	-0.413379	-122.365429	-0.157188
1850.000002	-131.220802	-0.386731	-125.104867	0.148615	-70.655637	-0.295604	-125.225238	0.304072
1860.000002	-128.943912	0.349899	-129.747878	0.264842	-72.915145	-0.157361	-131.899704	-0.107586
1870.000002	-123.926594	-0.266674	-121.756065	0.402844	-70.502699	-0.263205	-123.056137	-0.291173
1880.000002	-126.003727	-0.139990	-123.188473	-0.327410	-77.201371	0.053994	-115.584395	0.154142
1890.000002	-129.159670	0.408731	-127.972801	0.060456	-69.155531	0.149479	-136.444304	-0.417200
1900.000002	-123.772040	0.233144	-120.393480	0.495617	-68.334610	-0.100105	-120.399831	0.312890
1910.000002	-122.316414	0.140646	-135.550510	-0.168864	-72.522959	-0.469114	-127.648441	0.350465
1920.000002	-124.923425	-0.143911	-129.185035	0.283442	-72.960987	-0.265828	-134.794911	0.001407
1930.000002	-121.961413	-0.064112	-133.427274	0.336159	-76.784415	0.260088	-122.068680	0.280887
1940.000002	-127.150802	0.099585	-126.597244	-0.487232	-73.393980	0.321522	-125.331041	0.405404
1950.000002	-126.967404	0.102265	-131.141231	-0.212950	-74.353061	-0.063440	-129.214009	0.250427
1960.000002	-129.085170	0.411856	-141.635473	-0.397850	-83.108444	-0.309802	-123.979753	-0.449703
1970.000002	-127.955395	-0.076306	-130.663033	0.048531	-75.458271	0.061792	-120.091581	-0.185379
1980.000002	-129.231370	-0.348244	-125.931324	0.430914	-85.098155	0.247008	-126.840418	-0.016902
1990.000002	-128.899975	-0.438109	-142.306786	0.317987	-74.453722	-0.042439	-123.441855	0.088292
2000.000002	-122.181825	-0.366536	-130.224787	0.444328	-72.543795	0.307390	-123.219416	-0.408730
2010.000002	-126.428488	-0.114418	-126.354702	-0.489022	-71.624874	0.196936	-126.403999	-0.358120
2020.000002	-127.127665	-0.232119	-130.882846	-0.159239	-82.730911	-0.186126	-124.470636	-0.365736
2030.000002	-126.607284	-0.287169	-122.702015	-0.358184	-76.578773	-0.272803	-136.634279	0.233287
2040.000002	-122.494399	0.246564	-125.963477	0.383889	-64.866541	-0.271178	-126.700371	0.135223
2050.000002	-127.238625	0.435575	-125.549576	-0.329643	-76.566010	-0.217948	-123.547221	0.475401
2060.000002	-127.913615	-0.048234	-123.583970	0.068563	-72.968206	-0.124453	-125.803218	0.144931
2070.000002	-125.172366	0.351313	-132.312209	0.350345	-80.669886	0.382400	-139.014016	-0.005030
2080.000002	-125.874145	0.485458	-124.446426	-0.372849	-73.405015	-0.004787	-116.695818	0.111580
2090.000002	-130.051612	-0.327435	-128.077898	0.189257	-74.941500	-0.399039	-125.948175	0.048600
2100.000002	-134.879156	0.027744	-121.928185	0.119875	-73.710986	0.312389	-119.538937	-0.456565
2110.000002	-125.360456	-0.217176	-123.938389	0.417232	-84.736594	0.480814	-130.247243	0.480645
2120.000002	-121.848758	0.300792	-142.048250	0.498778	-66.543832	-0.148018	-123.869844	0.446775
2130.000002	-142.136674	0.068493	-130.923117	-0.376586	-68.295684	0.331649	-134.366067	-0.019870
2140.000002	-125.075985	-0.004889	-122.683328	0.298025	-89.474796	-0.399701	-125.750606	0.285665
2150.000002	-124.227091	-0.102114	-128.485803	-0.189650	-73.785223	0.179951	-126.472206	-0.256382
2160.000002	-125.489915	-0.221432	-125.337574	-0.190989	-82.390323	0.194483	-133.458188	-0.164451
2170.000002	-133.513637	-0.144185	-123.574502	0.273390	-78.344457	0.070772	-119.764315	0.199142
2180.000002	-127.351875	0.417364	-132.879662	0.189889	-73.050005	0.427575	-126.292874	0.073738
2190.000002	-134.528995	-0.206697	-123.435845	-0.234322	-71.008624	0.090963	-128.531727	-0.184740
2200.000002	-122.602597	0.194895	-123.113835	0.494075	-73.165384	0.121548	-129.986637	0.101465
2210.000002	-123.687274	0.435623	-128.984555	0.104730	-70.658828	-0.164162	-122.584567	0.481812
2220.000002	-125.811443	-0.274955	-126.748477	0.380940	-72.630840	0.443453	-121.295086	0.163917
2230.000002	-128.055706	-0.278058	-125.437145	0.301619	-80.704986	-0.221636	-122.930190	-0.086793
2240.000002	-129.507143	-0.338874	-124.404491	0.030127	-78.827974	0.027081	-129.651023	-0.485983
2250.000002	-125.146882	-0.185097	-118.760211	0.355557	-78.243161	-0.423252	-130.219066	-0.235612
2260.000002	-123.377400	0.402940	-132.462920	-0.436983	-83.901474	0.285261	-137.020772	0.211556
2270.000002	-142.290789	-0.397821	-134.562359	-0.410243	-72.519710	0.455040	-121.090843	0.183206
2280.000002	-126.915155	-0.362572	-127.240876	0.397302	-72.220493	0.374616	-122.990099	0.461973
2290.000002	-132.174252	-0.174947	-129.536387	0.205495	-76.611981	0.304355	-128.616239	-0.394327
2300.000002	-131.603628	0.346949	-131.384176	-0.194656	-79.688716	0.069093	-126.832476	-0.107944
2310.000002	-122.536514	-0.406289	-132.528534	-0.151603	-81.819521	-0.007128	-123.710152	0.137841
2320.000002	-133.012671	0.227922	-130.261094	-0.475443	-74.466161	0.489403	-124.181971	-0.280757
2330.000002	-137.690274	0.313888	-128.039445	0.048872	-88.999004	-0.372251	-120.065884	0.283261
2340.000002	-137.450651	-0.020021	-125.514027	0.192437	-84.006428	0.466439	-123.921012	0.155043
2350.000002	-123.076204	-0.311120	-138.072642	0.483233	-78.460628	-0.375671	-130.159868	0.127467
2360.000002	-131.278677	0.105622	-137.262051	0.239117	-70.800435	-0.463637	-123.155207	0.276510
2370.000002	-122.485351	0.087527	-125.190812	0.096765	-72.688054	-0.225359	-122.032851	-0.394787
2380.000002	-120.961211	-0.060173	-127.483703	-0.209676	-67.729316	0.324219	-122.387128	0.306091
2390.000002	-122.494922	-0.164893	-135.056546	0.011542	-71.476915	0.020857	-121.020630	0.479840
2400.000002	-126.352387	0.033180	-128.914485	0.181953	-78.051274	0.141418	-127.419168	0.091838
2410.000002	-129.254061	0.419217	-128.673653	0.386843	-88.593357	0.440002	-123.082258	-0.080918
2420.000002	-124.884170	-0.259011	-125.822756	-0.164073	-72.080397	0.442159	-129.626636	0.095473
2430.000002	-124.207422	-0.170472	-130.256817	0.127354	-73.041541	-0.026108	-118.657620	0.016666
2440.000002	-123.271359	0.462665	-126.659689	0.228445	-72.278647	0.059976	-131.158355	-0.097992
2450.000002	-128.584339	-0.057963	-128.045960	-0.098020	-80.612603	-0.384568	-123.956628	0.205614
2460.000002	-127.064164	0.104918	-123.006128	0.273553	-75.574714	0.402491	-137.437167	0.196689
2470.000002	-123.902159	-0.481149	-130.410248	0.041865	-82.562569	-0.352149	-123.848308	0.409621
2480.000002	-128.798112	-0.454577	-147.201717	0.085613	-75.734435	0.165038	-123.907706	-0.383765
2490.000002	-137.850713	0.238537	-142.009933	0.275236	-71.315758	0.277148	-132.781638	-0.070030
2500.000002	-122.049405	-0.118138	-123.206840	-0.016052	-73.401623	-0.047381	-143.845318	0.047157
2510.000002	-127.843275	-0.030033	-130.966446	-0.068665	-68.230596	0.015808	-129.568770	0.138159
2520.000002	-124.944504	0.403802	-131.923190	0.150331	-73.761246	0.299413	-120.218077	0.352906
2530.000002	-128.784195	0.196997	-124.226700	0.343521	-77.326951	-0.231197	-133.704645	0.065562
2540.000002	-134.910322	-0.486973	-121.490546	0.162125	-73.391676	-0.006547	-134.479297	-0.138109
2550.000002	-124.217477	-0.210559	-125.031364	-0.054653	-71.776457	-0.336335	-133.502097	0.123519
2560.000002	-137.194220	-0.438561	-130.000849	0.166480	-72.336145	0.225898	-126.928920	0.173186
2570.000002	-125.711579	-0.017244	-131.005716	-0.195743	-82.630369	-0.303336	-125.202517	-0.208736
2580.000002	-129.748740	0.480064	-135.177570	-0.314504	-87.253610	0.395961	-126.115325	0.276423
2590.000002	-120.081622	-0.017770	-126.003150	0.261193	-78.073941	0.483948	-132.116975	0.100664
2600.000002	-122.361288	0.326887	-131.530496	0.309558	-74.679654	0.264858	-126.329606	0.212936
2610.000002	-133.767993	0.053007	-138.410102	0.150504	-72.998012	0.145276	-122.653781	0.209166
2620.000002	-121.244258	0.214243	-129.770866	0.068409	-75.214656	-0.356040	-124.294793	0.421245
2630.000002	-123.747617	0.471729	-138.163100	0.183991	-78.258136	0.212092	-124.762797	0.422455
2640.000002	-130.513308	0.415012	-120.848362	0.439889	-73.624766	0.106662	-122.188484	0.273187
2650.000002	-128.399538	-0.490572	-121.337147	-0.442898	-82.634379	-0.388944	-116.904375	-0.304020
2660.000002	-126.915025	0.134012	-122.211243	0.481796	-82.387190	-0.354355	-143.666179	-0.319751
2670.000002	-121.802242	-0.030908	-127.442230	-0.258485	-72.703867	-0.192038	-125.978268	0.173051
2680.000002	-127.661399	0.325789	-133.080612	0.175102	-84.184378	0.456406	-129.092851	0.338628
2690.000002	-125.370238	-0.226926	-124.192659	-0.221995	-79.975167	-0.229891	-130.099935	0.168119
2700.000002	-135.294479	0.207130	-129.848929	0.145410	-74.945090	-0.031746	-129.133290	0.307563
2710.000002	-128.651547	0.258656	-121.773402	0.215088	-87.271883	0.011842	-127.438022	-0.478299
2720.000002	-122.224115	0.016800	-132.659934	0.327359	-89.815605	-0.407792	-124.501067	-0.188114
2730.000002	-128.187683	-0.171256	-128.274259	-0.122980	-62.592140	0.333145	-88.405778	-0.214363
2740.000002	-127.590521	-0.181010	-123.759120	0.057207	-75.192059	-0.313612	-136.248602	-0.340341
2750.000002	-118.909997	-0.099084	-123.072718	-0.436308	-79.828007	-0.046438	-135.012863	0.203810
2760.000002	-118.502907	0.131490	-127.404671	-0.254278	-68.291601	-0.089249	-124.752697	0.207409
2770.000002	-119.924025	-0.313208	-131.812932	0.417316	-73.506032	0.399779	-143.374724	-0.353469
2780.000002	-124.866369	0.284339	-143.469311	0.296662	-76.364737	-0.346654	-124.476693	0.442786
2790.000002	-121.075124	-0.441622	-120.772945	0.110239	-75.653034	-0.375546	-127.596629	-0.070915
2800.000002	-127.411051	-0.139384	-127.016154	0.464011	-76.967093	-0.218958	-130.764890	-0.443965
2810.000002	-129.585870	-0.076948	-127.606905	0.074157	-76.003260	-0.079682	-115.416108	-0.331670
2820.000002	-130.723527	-0.106111	-123.789467	-0.098672	-92.668414	-0.261451	-123.880008	-0.437550
2830.000003	-128.239069	-0.090105	-128.198504	0.477393	-84.744036	0.125715	-132.150846	0.452788
2840.000003	-134.812486	-0.460899	-130.482067	0.244877	-82.186292	0.061858	-132.019376	0.431485
2850.000003	-129.844224	-0.307817	-122.388671	-0.446946	-70.985278	-0.315479	-126.567597	-0.395921
2860.000003	-142.953180	0.172906	-124.145820	-0.011074	-77.104503	-0.412939	-136.868793	0.361056
2870.000003	-127.114370	0.008828	-120.047335	0.110812	-73.318029	0.288131	-133.085516	0.229936
2880.000003	-121.726963	0.405437	-128.635920	0.311061	-79.935035	0.060906	-123.420293	-0.164462
2890.000003	-124.997491	0.018713	-132.369896	0.043873	-82.924460	0.267357	-119.265952	-0.089093
2900.000003	-137.362150	-0.124807	-128.728078	-0.011917	-78.792783	0.210084	-126.336791	-0.021352
2910.000003	-122.188211	0.218141	-125.847947	0.176381	-80.660674	-0.221039	-123.192431	-0.124187
2920.000003	-124.286533	0.473596	-126.620701	-0.005519	-80.450827	0.354005	-125.657777	0.063284
2930.000003	-121.510932	-0.494586	-122.964700	-0.357030	-73.156849	0.347996	-126.831575	-0.255070
2940.000003	-138.648667	0.078419	-130.041123	-0.135094	-78.731515	-0.270916	-127.552316	0.241565
2950.000003	-122.200872	-0.047127	-126.843231	0.132594	-78.941157	-0.454237	-124.813393	0.064507
2960.000003	-123.342510	0.450880	-127.379180	0.351198	-68.802131	-0.410256	-135.072764	-0.445281
2970.000003	-135.230908	-0.277501	-126.404982	0.091718	-79.841708	0.289814	-124.330225	-0.091083
2980.000003	-122.628273	0.220103	-131.034154	0.350627	-91.844690	0.105313	-125.108857	0.380459
2990.000003	-125.360813	-0.336467	-125.481365	0.221049	-71.704472	0.490332	-130.984170	-0.171239
3000.000003	-126.813386	0.332463	-128.995960	0.132625	-72.837566	0.328288	-142.296731	-0.074804
3010.000003	-129.445670	0.393711	-122.430155	-0.085814	-81.937076	-0.273979	-145.210247	0.153501
3020.000003	-122.682312	0.256864	-126.368331	0.372667	-72.239280	0.158091	-127.860904	0.200893
3030.000003	-131.448985	-0.441254	-123.551567	0.402545	-84.517607	0.435805	-129.399307	-0.053097
3040.000003	-123.049225	-0.270624	-119.936984	0.393081	-75.351852	0.316319	-127.120100	-0.406294
3050.000003	-122.294486	0.295765	-128.507192	-0.146158	-76.726403	0.353746	-123.200451	0.035127
3060.000003	-134.852045	-0.392782	-126.592666	-0.322135	-76.425679	-0.064073	-141.325104	-0.228152
3070.000003	-120.787968	0.243115	-129.605061	-0.075478	-71.067566	0.011476	-122.887937	0.018662
3080.000003	-121.820654	0.070251	-129.129513	0.226306	-78.821016	0.340216	-134.734986	0.184738
3090.000003	-119.237877	-0.211807	-129.586980	-0.281631	-78.636662	0.246237	-128.303819	-0.398587
3100.000003	-121.139341	0.111018	-128.593707	0.225402	-70.453357	-0.368505	-130.272093	0.010294
3110.000003	-126.093572	-0.358963	-123.967884	0.062651	-81.784968	0.198775	-117.832931	-0.295617
3120.000003	-129.796123	-0.327517	-130.090741	0.047501	-87.002662	0.165389	-122.940748	0.370422
3130.000003	-127.135987	-0.165454	-123.436640	-0.313907	-84.946184	-0.160170	-138.630063	-0.146459
3140.000003	-127.747587	0.242181	-126.718175	-0.038127	-76.832080	-0.192495	-119.088205	-0.313400
3150.000003	-132.176666	-0.155205	-128.352390	-0.023152	-76.906152	-0.205874	-137.341742	-0.326460
3160.000003	-118.579114	0.082181	-130.149737	0.037982	-92.344265	0.439621	-127.598838	0.150144
3170.000003	-132.169563	0.090968	-121.317788	0.115533	-86.634535	-0.087017	-121.901013	-0.125587
3180.000003	-122.228389	0.152729	-125.599724	-0.497055	-77.904016	-0.162370	-129.628034	-0.331033
3190.000003	-119.680015	0.455005	-121.338600	-0.414029	-73.863290	-0.301074	-127.631446	-0.040922
3200.000003	-125.142990	-0.035262	-127.869125	-0.332451	-73.689048	0.293043	-125.087051	0.003907
3210.000003	-122.554411	-0.421559	-124.154461	0.010318	-71.684022	-0.451566	-129.279956	0.422263
3220.000003	-124.585780	-0.110574	-130.606787	0.436629	-79.838649	0.082000	-127.125837	0.017587
3230.000003	-127.127785	-0.339069	-125.565269	0.033303	-75.504913	0.318469	-129.525964	0.158328
3240.000003	-123.271063	0.337687	-131.488920	-0.038238	-70.765225	-0.167918	-135.462152	-0.033956
3250.000003	-127.818587	-0.064267	-123.780144	0.302526	-83.503485	-0.461225	-130.841230	-0.407679
3260.000003	-124.994285	-0.215480	-122.252300	-0.139852	-81.613761	-0.096061	-129.677068	-0.180747
3270.000003	-127.468357	0.453417	-119.883035	0.434785	-80.791983	0.264362	-128.418829	0.437883
3280.000003	-123.220056	0.473461	-126.726637	-0.363413	-77.811077	-0.022371	-128.956979	0.204788
3290.000003	-130.840911	0.181476	-125.507283	0.466456	-69.880609	0.256923	-124.786417	-0.465011
3300.000003	-134.955912	-0.261194	-124.462589	0.025233	-78.599825	-0.085735	-134.378758	-0.087652
3310.000003	-125.074029	0.224289	-130.159472	0.382503	-78.476519	0.217001	-121.789728	0.025938
3320.000003	-123.334919	0.265419	-129.034849	0.431951	-74.448655	-0.355947	-125.630868	-0.298339
3330.000003	-121.732058	0.141392	-125.272238	-0.349703	-76.742759	-0.129345	-129.264025	-0.437718
3340.000003	-124.701437	-0.226878	-137.068365	-0.395213	-77.192825	-0.114076	-130.428332	0.355687
3350.000003	-123.758258	-0.240992	-136.340232	0.244807	-81.170272	0.275616	-129.401287	0.092039
3360.000003	-127.109045	-0.146074	-123.412449	-0.203580	-82.792862	-0.309194	-128.143347	0.323134
3370.000003	-118.505965	-0.398174	-122.104716	-0.023114	-73.417707	0.457641	-141.676776	0.095956
3380.000003	-142.748768	-0.145729	-139.092231	0.433343	-83.000516	0.162882	-124.253172	0.301269
3390.000003	-128.053709	-0.186431	-123.948540	-0.388593	-84.488820	0.403561	-126.375593	-0.127595
3400.000003	-138.291723	0.172439	-133.698942	0.430649	-80.328223	-0.331354	-120.656842	-0.061175
3410.000003	-132.027228	0.377626	-129.900783	0.451121	-81.473990	0.298483	-124.098550	-0.423359
3420.000003	-121.118625	-0.195099	-127.267183	-0.489701	-71.764275	-0.165867	-135.276398	0.228950
3430.000003	-124.536219	-0.034801	-121.563603	0.170431	-78.684925	0.036026	-124.169574	0.251067
3440.000003	-122.312366	-0.269735	-130.204525	-0.362491	-74.048178	-0.023404	-139.708654	-0.072225
3450.000003	-135.070565	-0.262393	-120.566188	0.409554	-82.578810	-0.314592	-128.889422	-0.364758
3460.000003	-126.152988	-0.026736	-124.892162	0.334012	-83.183171	0.029458	-126.029568	0.257577
3470.000003	-124.092535	0.309771	-125.565988	0.278604	-80.988438	-0.244609	-128.123345	0.410074
3480.000003	-127.817048	-0.206276	-134.041517	-0.107965	-76.753862	0.259029	-124.408546	0.022931
3490.000003	-125.486045	0.201690	-121.123062	-0.438860	-75.766175	0.497983	-124.211653	0.422709
3500.000003	-126.746615	0.479676	-129.678068	-0.252133	-82.443784	-0.462053	-124.666046	-0.115350
3510.000003	-128.986032	-0.343642	-149.491975	-0.109677	-76.724703	0.132355	-128.011290	-0.443565
3520.000003	-136.082624	-0.439873	-125.486076	0.298898	-95.454263	-0.136382	-127.143262	-0.282888
3530.000003	-133.703029	0.357026	-128.851984	-0.368767	-76.131555	0.388747	-126.951536	-0.148149
3540.000003	-145.507449	0.235741	-127.001840	-0.472944	-78.681455	-0.184299	-122.735279	-0.267680
3550.000003	-123.546467	0.480165	-135.221520	-0.290230	-80.871850	0.243047	-121.781064	0.294623
3560.000003	-126.270807	0.070678	-127.309632	-0.261528	-90.173084	0.168520	-136.937966	0.249775
3570.000003	-124.638778	-0.481087	-121.766521	0.150284	-78.371110	0.343604	-122.775538	0.215961
3580.000003	-131.884944	-0.444465	-131.611515	-0.181046	-75.743691	0.432307	-126.281141	-0.179609
3590.000003	-141.749684	-0.015916	-132.001013	0.202334	-86.474933	-0.098534	-144.572448	-0.192003
3600.000003	-133.712144	0.059048	-126.042145	-0.473254	-84.365124	-0.471192	-123.348101	-0.312583
3610.000003	-124.713369	-0.497617	-127.738429	0.293225	-74.799689	-0.459360	-125.962483	0.070248
3620.000003	-129.348054	0.215451	-125.116307	-0.040260	-86.637321	-0.395207	-124.057374	0.047769
3630.000003	-124.593565	-0.038650	-128.801930	0.219847	-79.357240	0.347382	-129.948142	-0.085227
3640.000003	-126.212440	0.010182	-126.074142	-0.135372	-75.589853	-0.302051	-122.421451	0.414130
3650.000003	-123.954250	-0.485738	-135.769946	0.448097	-82.738046	-0.460491	-125.268826	-0.471177
3660.000003	-125.132226	-0.262854	-130.217297	-0.156512	-80.424716	-0.138323	-127.476171	-0.107131
3670.000003	-128.380814	-0.419971	-118.484878	0.251162	-75.372533	-0.409363	-127.371521	-0.201707
3680.000003	-120.233268	-0.187226	-121.949079	-0.136291	-81.397844	0.096607	-123.695258	-0.011577
3690.000003	-147.537744	0.201749	-122.419830	-0.079622	-78.488862	-0.296222	-127.586283	-0.336425
3700.000003	-131.541523	0.334388	-122.535116	0.291986	-70.106272	0.286152	-126.787174	-0.071066
3710.000003	-127.910060	-0.433831	-132.763225	-0.167670	-75.275790	0.074874	-128.357460	0.087055
3720.000003	-137.981875	0.417492	-120.534350	-0.440131	-77.280189	-0.271600	-137.618827	-0.166434
3730.000003	-124.073484	-0.064097	-121.559379	0.104385	-78.446165	0.025513	-125.609763	-0.417059
3740.000003	-136.385839	0.341267	-131.913653	-0.147095	-78.918216	-0.200324	-120.991047	0.412698
3750.000003	-142.120804	0.491832	-121.816024	-0.319394	-73.636225	-0.424066	-127.349234	0.019641
3760.000003	-122.624517	-0.035021	-141.475377	-0.476154	-74.859758	0.306117	-131.365734	-0.400471
3770.000003	-122.354027	0.171916	-120.602910	0.008810	-75.652415	0.444431	-121.404308	0.095168
3780.000003	-119.196064	0.279476	-132.030986	-0.331083	-75.951674	0.130433	-134.610518	0.235337
3790.000003	-131.433556	-0.459529	-130.124915	0.138389	-105.728124	-0.082532	-123.707332	-0.390294
3800.000003	-129.413952	-0.263378	-122.874551	-0.080912	-92.759826	0.314754	-137.895754	0.232438
3810.000003	-133.244529	-0.114768	-132.294844	0.011138	-81.107373	-0.275346	-129.580640	0.275408
3820.000003	-122.437810	0.307902	-121.123734	-0.194585	-84.740684	-0.155456	-123.214673	-0.264703
3830.000003	-127.928132	-0.348085	-118.731091	-0.178063	-72.177435	0.235837	-130.718719	-0.028823
3840.000003	-126.434689	0.444961	-127.987627	0.412226	-77.687729	0.108602	-121.071599	0.163537
3850.000003	-126.826999	-0.332419	-128.086834	0.455380	-75.755547	-0.042414	-123.132532	-0.039602
3860.000003	-122.037292	0.022298	-121.220012	-0.153913	-82.096340	0.293832	-126.911544	-0.175204
3870.000003	-132.462937	0.198265	-130.480600	-0.433962	-77.325811	0.153914	-122.982900	-0.275560
3880.000003	-122.131546	-0.264237	-136.646394	-0.297775	-76.158992	-0.432504	-127.974315	0.034688
3890.000003	-121.494763	-0.135895	-131.788486	0.362755	-75.501065	-0.127769	-126.240284	-0.369760
3900.000003	-122.408908	0.182616	-123.521340	0.286779	-80.131778	0.126946	-123.587551	0.411325
3910.000003	-127.248282	-0.420240	-124.616185	0.462306	-77.829827	-0.284756	-129.714825	-0.036713
3920.000003	-120.328944	-0.190113	-138.194267	0.378313	-78.652421	0.428381	-122.559752	-0.065097
3930.000003	-131.652745	0.056639	-125.026032	0.136226	-79.791720	-0.094151	-127.317845	-0.040274
3940.000003	-123.889502	-0.183009	-130.254843	0.205278	-75.625792	0.328298	-137.415964	-0.055633
3950.000003	-124.580498	0.438218	-128.204832	-0.383959	-88.008198	0.396877	-125.645715	0.298099
3960.000004	-125.411120	0.099146	-122.063348	-0.088599	-75.175099	-0.412906	-130.899418	-0.262401
3970.000004	-123.535080	-0.224269	-130.826733	-0.261938	-84.792367	0.394702	-128.831382	-0.402595
3980.000004	-124.656700	0.458459	-121.428484	-0.297866	-80.813154	0.111256	-121.469366	0.390745
3990.000004	-121.140950	0.327306	-117.648930	0.157860	-80.416755	-0.088044	-116.524047	0.037307
4000.000004	-122.665899	-0.402294	-138.167263	0.465771	-80.978246	0.040587	-120.724460	-0.132926
4010.000004	-126.502947	-0.445351	-125.956155	0.329729	-77.472976	-0.234606	-123.598200	-0.258594
4020.000004	-134.139781	-0.270816	-129.760351	0.296947	-79.105159	0.238644	-124.882280	0.493737
4030.000004	-125.672134	-0.063681	-134.781407	0.304056	-76.881776	-0.015825	-135.242262	0.403713
4040.000004	-127.183555	-0.405261	-128.997096	-0.423070	-77.341400	-0.114026	-125.702087	-0.119458
4050.000004	-140.011914	-0.384598	-121.996620	0.273675	-86.366836	0.381580	-130.701291	0.127609
4060.000004	-121.735591	-0.232381	-126.966870	-0.252408	-88.121154	-0.019877	-125.543584	-0.019416
4070.000004	-141.386058	0.286439	-131.817676	0.355908	-91.169429	0.444096	-131.892463	-0.096885
4080.000004	-129.180469	-0.458528	-130.058658	0.340794	-75.663727	-0.114171	-120.162624	-0.494401
4090.000004	-123.371239	-0.367983	-130.244466	0.222101	-81.147968	0.258715	-121.323018	-0.327189
4100.000004	-130.125164	-0.398320	-129.513500	0.239334	-77.517721	-0.268738	-131.001056	0.001452
4110.000004	-120.701923	0.441502	-127.784675	0.405932	-79.205519	0.123513	-131.013560	0.205940
4120.000004	-132.836679	0.140166	-134.205026	0.498119	-82.176689	0.423682	-123.007980	-0.371570
4130.000004	-128.609308	-0.188647	-128.194617	0.249411	-74.929618	0.275325	-122.481344	-0.155375
4140.000004	-130.825339	-0.300645	-121.485539	0.194918	-73.823819	0.029489	-125.413849	0.390978
4150.000004	-122.292021	0.411097	-127.896773	0.021427	-82.671214	-0.257219	-127.939435	-0.365958
4160.000004	-121.439033	-0.004826	-123.710930	0.083930	-85.846619	0.447607	-121.391781	-0.468309
4170.000004	-121.160540	-0.061711	-128.260028	0.041002	-76.887257	-0.360791	-124.998669	0.104631
4180.000004	-134.231499	0.123743	-128.148335	-0.258558	-90.732837	-0.346894	-135.429768	-0.484395
4190.000004	-139.591166	0.325821	-134.094850	0.360591	-72.724408	-0.255070	-133.746414	-0.008523
4200.000004	-121.869516	0.412409	-127.281470	0.303384	-92.126158	-0.250190	-135.232932	-0.156393
4210.000004	-132.137324	0.331630	-126.745327	0.019173	-91.440242	0.367689	-125.800139	-0.021473
4220.000004	-119.763791	0.254383	-123.129524	0.142890	-75.853702	0.353451	-131.813029	0.295140
4230.000004	-123.345431	0.373388	-126.843307	0.213955	-80.532560	0.246402	-131.338725	-0.015735
4240.000004	-122.971647	0.030880	-132.804489	-0.438790	-78.212385	-0.262547	-135.677480	-0.299449
4250.000004	-133.065561	-0.478254	-121.722657	-0.329305	-78.295468	0.317742	-122.531069	0.353824
4260.000004	-117.883517	0.210434	-124.489811	-0.458320	-87.692379	-0.150424	-123.309504	-0.071084
4270.000004	-123.020284	0.440240	-137.376812	-0.380697	-78.447923	0.095864	-131.678986	0.056359
4280.000004	-122.771591	-0.059024	-122.423310	0.326314	-78.898432	-0.190970	-128.709697	-0.262469
4290.000004	-119.365037	0.364551	-120.139936	0.053969	-84.036508	-0.027910	-127.685927	0.411693
4300.000004	-125.647002	0.345862	-121.387571	0.295254	-77.942267	0.042361	-123.447258	0.271837
4310.000004	-130.814781	0.200710	-136.765199	-0.143802	-81.650045	-0.092004	-123.292354	-0.251927
4320.000004	-122.675911	0.262537	-140.734942	0.149471	-93.677257	0.088044	-125.995173	0.316625
4330.000004	-133.577332	-0.335477	-142.131561	-0.312087	-81.697054	-0.248565	-127.820530	0.432609
4340.000004	-124.094754	0.049235	-127.023687	-0.057165	-82.732737	0.391034	-121.746836	-0.204335
4350.000004	-134.002995	-0.300095	-123.815857	0.279420	-82.642246	0.491633	-128.012496	-0.196591
4360.000004	-133.428534	-0.024018	-127.127938	-0.425178	-78.455954	0.389683	-121.245332	-0.358345
4370.000004	-130.437549	-0.020511	-125.994134	-0.282934	-84.085578	0.357747	-138.426032	-0.032744
4380.000004	-137.870836	0.420949	-121.487066	0.325656	-81.962563	-0.095715	-127.025924	-0.407545
4390.000004	-127.895842	0.106476	-129.472008	-0.060652	-78.022099	0.377491	-132.231096	0.287768
4400.000004	-129.556532	-0.487256	-122.061466	-0.435096	-77.259073	0.381277	-124.747729	0.474036
4410.000004	-134.759608	0.176039	-126.219745	-0.111558	-83.093200	-0.086685	-125.844054	-0.146087
4420.000004	-142.299082	0.131796	-121.868303	0.247804	-75.838242	0.311908	-121.258734	-0.187120
4430.000004	-128.749206	-0.358018	-126.718958	-0.305800	-75.023621	0.089987	-125.030019	0.362219
4440.000004	-128.628729	-0.446429	-123.756885	0.009592	-74.347106	-0.206165	-129.050828	0.239507
4450.000004	-127.931468	-0.232478	-120.384257	-0.031273	-80.395116	-0.448165	-133.513604	-0.020484
4460.000004	-132.072313	-0.173927	-123.710513	0.117320	-84.751252	-0.154904	-133.570442	0.063074
4470.000004	-132.214393	0.368021	-122.039134	-0.238579	-80.948468	0.030843	-116.784344	-0.343622
4480.000004	-134.473941	0.235060	-129.226056	0.206796	-87.760386	0.291386	-122.279137	-0.014281
4490.000004	-127.928854	0.252294	-134.624597	-0.412809	-98.142496	0.455124	-121.444974	-0.467796
4500.000004	-129.554087	0.494970	-125.095140	-0.228292	-80.611145	-0.153057	-149.080236	-0.369122
4510.000004	-134.900803	0.376746	-133.960051	0.074273	-78.987075	-0.309776	-127.606508	0.233873
4520.000004	-128.179713	-0.469177	-126.445755	0.477049	-95.143240	0.018548	-124.179917	0.048173
4530.000004	-136.489242	-0.202625	-139.724696	-0.426873	-77.838976	0.220813	-132.641518	0.344364
4540.000004	-120.924632	-0.136538	-125.394357	0.105521	-95.632061	0.083022	-129.499475	-0.192074
4550.000004	-130.724488	-0.264962	-142.390889	0.161600	-71.184496	-0.222888	-97.694470	0.011710
4560.000004	-127.142698	0.198660	-127.462176	0.453297	-81.625046	-0.262803	-131.989896	0.081029
4570.000004	-122.298710	0.356145	-122.231931	-0.201721	-99.910686	-0.434328	-134.944801	-0.439181
4580.000004	-125.218131	-0.453973	-122.195756	-0.036756	-93.902149	-0.362949	-132.075554	0.075808
4590.000004	-134.705331	-0.061848	-128.848423	-0.186359	-81.472470	0.140011	-128.075231	-0.306905
4600.000004	-121.037277	-0.365230	-133.300021	0.269335	-87.784597	-0.337697	-127.864952	-0.337142
4610.000004	-128.437850	0.396495	-128.274463	0.437254	-75.282480	-0.419220	-126.291340	0.140350
4620.000004	-125.183336	-0.257987	-122.698670	-0.086316	-81.887258	-0.420588	-126.018325	0.491220
4630.000004	-143.088501	-0.366782	-127.980471	0.001518	-75.385399	-0.488062	-114.323263	-0.282756
4640.000004	-124.035232	-0.050788	-134.127841	0.330076	-74.977956	-0.240202	-135.644053	0.043568
4650.000004	-122.275952	0.243183	-126.325611	0.385285	-78.319276	0.196609	-123.158849	-0.021811
4660.000004	-123.290618	-0.076555	-126.883358	-0.036767	-87.327251	0.291311	-123.401032	-0.147728
4670.000004	-120.105967	0.415049	-126.843177	0.260396	-79.619954	0.066849	-122.423397	0.249570
4680.000004	-122.051452	0.443625	-122.064652	-0.203088	-82.424783	-0.204953	-124.555579	-0.453278
4690.000004	-120.330324	-0.000331	-127.840182	-0.433984	-73.146514	0.483937	-141.167741	0.211870
4700.000004	-123.234054	-0.075859	-137.404757	0.430844	-78.862037	-0.194021	-132.372130	-0.028158
4710.000004	-134.559454	0.007740	-127.161082	-0.042525	-80.888238	-0.055211	-124.262780	-0.093743
4720.000004	-120.989899	0.282751	-121.614784	0.097775	-77.429390	-0.149592	-122.914173	0.240333
4730.000004	-127.984160	0.364477	-126.665705	0.167875	-79.200357	-0.184876	-121.854551	-0.394421
4740.000004	-119.717245	-0.370799	-130.390883	0.390705	-78.287092	-0.440623	-128.026472	0.031576
4750.000004	-120.943482	0.488707	-125.480447	0.338409	-77.874805	-0.004476	-117.565909	0.180743
4760.000004	-123.272939	-0.220299	-138.680279	0.113176	-85.532156	0.128728	-123.712000	-0.340602
4770.000004	-116.819599	0.075299	-127.600847	-0.072423	-82.455848	0.124606	-127.820664	-0.435799
4780.000004	-124.984570	0.194841	-118.483364	0.024755	-81.878946	0.167395	-131.114771	-0.390712
4790.000004	-135.718346	-0.292759	-124.015694	0.364051	-80.862162	0.470771	-127.233756	-0.017491
4800.000004	-128.881347	0.337754	-123.325954	0.074967	-79.903051	-0.329119	-140.363783	-0.322394
4810.000004	-129.068233	0.389455	-124.795076	0.463814	-72.976667	0.463338	-122.964303	0.080014
4820.000004	-130.719857	-0.048922	-125.115357	0.442769	-75.911141	-0.288505	-125.188099	0.141526
4830.000004	-121.469567	-0.284596	-123.947278	-0.320927	-85.631021	-0.275153	-130.814181	-0.355089
4840.000004	-128.648982	0.201629	-128.112023	-0.160829	-88.525521	0.225907	-123.371559	-0.119864
4850.000004	-127.942281	0.237259	-128.049610	-0.221919	-91.010013	-0.252588	-119.581544	-0.124041
4860.000004	-124.662852	-0.039246	-133.149929	0.137688	-78.826462	0.080347	-122.918931	0.026489
4870.000004	-122.358900	-0.026197	-126.252382	-0.419214	-77.955385	0.200275	-130.015560	-0.026935
4880.000004	-131.372335	-0.394794	-122.231477	0.421030	-82.057374	-0.476874	-126.310693	-0.015143
4890.000004	-125.691307	-0.106120	-127.184881	-0.487366	-79.899593	0.168173	-126.750803	-0.388368
4900.000004	-122.338430	0.116768	-128.466846	0.067106	-79.566728	-0.267757	-120.524312	0.052148
4910.000004	-139.953378	0.308007	-133.029254	-0.332218	-73.644315	-0.231838	-129.126803	-0.084976
4920.000004	-130.623717	-0.298008	-135.069217	-0.335704	-74.332169	-0.197222	-121.943893	0.103488
4930.000004	-122.798887	0.032253	-129.819294	-0.357864	-77.864326	0.376667	-122.784056	-0.147109
4940.000004	-125.601926	0.318181	-137.560573	-0.248069	-85.897304	0.142300	-144.590589	-0.271673
4950.000004	-122.802938	-0.005788	-135.178663	0.088766	-83.371439	0.395978	-124.373924	0.245460
4960.000004	-129.756062	-0.315901	-141.154402	-0.246209	-106.873448	-0.070319	-122.633847	-0.062222
4970.000004	-125.821623	-0.301204	-130.416930	0.480169	-75.366177	0.234398	-125.670319	0.199414
4980.000004	-132.503911	0.468011	-128.006269	0.160496	-86.880728	0.292477	-130.792301	0.096174
4990.000004	-119.425520	-0.373239	-123.827180	-0.289781	-74.588982	0.330054	-127.501033	0.253332
5000.000004	-129.217695	-0.171080	-121.561290	-0.264762	-82.631037	0.415680	-125.925219	-0.297868
5010.000004	-124.468940	0.269239	-122.468261	0.363810	-93.149341	0.075010	-139.008168	-0.106700
5020.000004	-131.948232	-0.138354	-124.765292	0.428607	-82.870572	-0.261288	-122.693308	0.435407
5030.000004	-128.529171	-0.366765	-119.852804	0.302885	-78.589695	0.400358	-121.022270	0.254718
5040.000004	-138.933284	0.302496	-125.701038	0.313625	-82.987898	0.082701	-146.531964	-0.101619
5050.000004	-125.429872	0.333553	-132.224481	0.124008	-83.494246	-0.177226	-130.789767	0.308937
5060.000004	-134.025758	0.188990	-129.165996	-0.123341	-85.601357	0.265889	-135.896412	0.097021
5070.000004	-118.906957	-0.298634	-132.610918	-0.139103	-82.711618	-0.456874	-130.625956	-0.055671
5080.000005	-123.429477	0.264831	-123.457791	-0.411178	-77.191433	0.414592	-119.903302	0.369510
5090.000005	-127.629307	0.023837	-123.699850	0.084396	-83.864326	-0.221949	-126.541910	0.235774
5100.000005	-125.925198	0.311542	-125.839536	-0.150176	-74.529359	-0.391599	-122.366961	-0.159306
5110.000005	-124.549907	-0.071756	-120.731420	-0.121192	-81.776961	-0.438881	-124.204624	-0.063954
5120.000005	-127.752105	-0.351371	-136.927971	-0.061661	-83.410966	-0.033978	-134.182802	-0.273406
5130.000005	-130.087687	-0.278878	-127.578780	-0.227170	-80.977344	-0.177524	-123.360060	0.471214
5140.000005	-131.421669	-0.311561	-133.554691	0.218956	-77.961549	-0.433217	-137.086642	-0.384040
5150.000005	-129.902710	0.148109	-132.107465	0.296234	-77.724443	0.427395	-127.164275	-0.205718
5160.000005	-134.248406	-0.205375	-127.546931	-0.427666	-79.279887	0.226324	-119.378791	-0.099509
5170.000005	-128.464519	-0.030507	-126.013994	0.496132	-81.899120	-0.315957	-131.074745	0.231330
5180.000005	-121.610051	-0.001141	-124.661334	0.326971	-83.550317	0.012895	-131.667797	0.114964
5190.000005	-127.055202	0.280928	-119.677306	0.295894	-81.891050	-0.209677	-122.586667	0.108073
5200.000005	-124.064707	0.487567	-122.336070	0.324606	-85.338724	0.294505	-127.487025	0.152179
5210.000005	-122.672259	-0.135266	-121.797718	-0.345205	-71.288003	0.095720	-130.119486	-0.349329
5220.000005	-122.977842	-0.231326	-122.664374	-0.490674	-79.464110	-0.047687	-131.020128	0.292881
5230.000005	-126.028574	0.073816	-126.494072	0.158678	-82.799615	0.229253	-123.215635	0.377288
5240.000005	-123.681630	-0.089962	-131.221993	-0.491026	-78.624264	0.228371	-125.309757	0.019465
5250.000005	-119.968291	-0.135413	-121.705548	-0.331430	-84.898806	0.186162	-127.557056	-0.253779
5260.000005	-120.466927	0.116703	-144.795717	-0.345509	-94.947888	0.223328	-161.608756	-0.165851
5270.000005	-122.903913	-0.262664	-122.449261	0.156526	-78.488827	-0.197923	-134.985654	0.237657
5280.000005	-127.165528	-0.358021	-132.800697	0.307275	-84.274797	0.153992	-125.740930	-0.204283
5290.000005	-134.066211	0.362882	-124.854182	0.395312	-82.552546	-0.426982	-125.235187	-0.465113
5300.000005	-120.532717	-0.177597	-130.306403	-0.358388	-84.414017	-0.114938	-121.090074	0.137575
5310.000005	-126.468873	-0.002698	-122.879906	-0.117186	-82.281490	-0.047226	-125.062659	0.013647
5320.000005	-123.270627	-0.241349	-120.369905	-0.420117	-88.703039	-0.335727	-130.187054	-0.032797
5330.000005	-125.631067	-0.120108	-127.805775	-0.209021	-79.643833	0.006930	-127.436168	-0.089671
5340.000005	-125.174814	0.176036	-121.616059	-0.332375	-94.839128	0.243141	-125.609663	-0.409778
5350.000005	-128.127021	-0.030662	-122.988943	-0.084180	-87.347178	-0.447853	-130.139556	0.259555
5360.000005	-128.441939	0.399983	-122.047049	-0.473118	-96.425537	0.176268	-127.062697	0.067783
5370.000005	-151.346334	0.098594	-128.633988	-0.155618	-71.756926	0.257237	-128.053241	0.316309
5380.000005	-123.672588	0.130306	-128.764789	-0.285011	-81.519814	0.427793	-123.599808	-0.337376
5390.000005	-144.190430	0.287173	-122.166060	-0.029182	-78.947467	-0.032204	-128.260133	0.187861
5400.000005	-125.200477	0.401326	-125.216914	-0.067116	-78.410873	0.241624	-121.733278	-0.371103
5410.000005	-120.300780	0.464635	-135.226265	-0.215529	-79.751669	0.294726	-120.006402	-0.104198
5420.000005	-127.325640	-0.498861	-133.653132	-0.071920	-77.814957	0.438974	-126.439560	-0.252404
5430.000005	-121.952650	-0.122100	-135.526123	-0.298519	-77.386397	-0.188197	-128.740548	0.469349
5440.000005	-126.128614	0.499226	-119.766358	0.388125	-86.088078	-0.424974	-129.759986	0.337209
5450.000005	-122.368842	0.055810	-134.872951	0.265062	-83.179034	-0.297118	-117.303921	0.495179
5460.000005	-127.160092	-0.175205	-135.207661	-0.301348	-75.944067	-0.143532	-96.084931	0.264451
5470.000005	-125.443908	-0.118209	-131.522294	-0.369785	-80.091954	-0.076480	-126.120708	0.292577
5480.000005	-117.350011	0.377485	-127.917651	0.490137	-91.363263	-0.207942	-124.065954	-0.292296
5490.000005	-128.095240	0.248815	-125.008967	0.119621	-89.675074	-0.035162	-130.065503	0.430011
5500.000005	-131.982710	0.286209	-128.157352	0.233629	-77.754948	0.096318	-129.277726	-0.075584
5510.000005	-120.784465	-0.171078	-119.514583	-0.325186	-76.272395	0.314082	-131.352184	-0.040467
5520.000005	-121.249654	0.331455	-125.881655	0.208375	-84.630856	-0.433490	-131.056498	0.175112
5530.000005	-126.871934	0.232590	-128.155097	0.276409	-84.439804	-0.275004	-128.275654	-0.006608
5540.000005	-124.168886	0.263876	-131.313947	0.384070	-90.450656	0.067528	-120.431657	0.215602
5550.000005	-122.450917	-0.454524	-132.183436	-0.026949	-78.021230	0.037992	-129.338351	-0.087930
5560.000005	-120.546178	0.136008	-123.573423	0.318012	-87.840055	0.255800	-130.804469	-0.418046
5570.000005	-127.314945	0.062981	-123.456341	-0.260963	-98.245566	0.444614	-122.139443	-0.115166
5580.000005	-129.444462	0.470356	-128.945954	-0.478704	-93.278005	-0.059219	-133.441811	-0.191317
5590.000005	-130.207291	0.075136	-125.295187	0.374806	-73.237634	-0.140824	-132.018787	-0.458044
5600.000005	-125.729022	0.417053	-125.337789	-0.372240	-75.601332	0.250023	-142.970800	0.279938
5610.000005	-137.917509	0.013773	-126.803712	0.143941	-91.417714	0.495553	-131.394000	-0.009281
5620.000005	-118.616268	-0.324459	-124.450793	-0.067339	-87.358087	-0.273740	-124.405788	0.038516
5630.000005	-121.512145	0.023313	-132.273113	-0.133567	-77.920760	-0.002676	-130.785288	-0.017916
5640.000005	-119.716835	0.098320	-125.725929	0.013045	-76.422277	-0.195352	-122.495315	0.306638
5650.000005	-119.102658	-0.458867	-121.819669	0.116687	-78.245507	-0.166865	-129.051523	0.423446
5660.000005	-120.806739	0.171818	-132.765222	-0.435767	-87.939641	-0.232036	-125.044862	0.282933
5670.000005	-128.012541	-0.296915	-124.088941	-0.117854	-82.242639	-0.390813	-123.835682	0.117346
5680.000005	-121.826857	0.141729	-121.365750	-0.225947	-86.616458	0.294004	-121.731462	0.037429
5690.000005	-126.482356	-0.288111	-130.980155	0.161970	-92.170566	0.035907	-129.362762	0.106255
5700.000005	-120.882315	0.092606	-123.641195	0.326789	-85.658506	-0.107530	-119.569311	0.073579
5710.000005	-132.614033	0.136463	-125.370980	-0.084971	-96.403947	-0.047283	-122.229023	0.129447
5720.000005	-122.318584	0.313853	-128.666425	-0.392265	-79.641130	-0.049344	-132.036660	-0.478343
5730.000005	-124.494332	-0.111063	-128.175668	0.204170	-82.398379	-0.272355	-122.405093	0.237570
5740.000005	-123.118620	0.169094	-130.409400	-0.265208	-78.483982	-0.367958	-129.022351	0.181155
5750.000005	-136.106839	0.442665	-128.585606	0.044255	-89.612931	0.159405	-123.252028	-0.187427
5760.000005	-129.692960	0.155879	-122.939817	-0.022090	-83.724672	0.095818	-122.443165	-0.467747
5770.000005	-137.347320	-0.433126	-126.731507	-0.039466	-88.056579	0.142959	-123.027490	0.487296
5780.000005	-119.234044	-0.085968	-123.227386	0.335801	-95.003523	0.159565	-126.100201	0.133163
5790.000005	-122.282870	0.081555	-133.006646	-0.161786	-88.696602	-0.089920	-126.206076	-0.066925
5800.000005	-122.632507	0.469100	-137.894078	0.200966	-81.860668	0.187305	-122.930755	0.271384
5810.000005	-121.220981	-0.006504	-125.777362	-0.372567	-77.056361	-0.457528	-123.427730	0.060812
5820.000005	-124.694858	-0.164602	-125.085054	0.040017	-80.995677	-0.279380	-124.163907	0.118638
5830.000005	-127.076339	0.091776	-123.386897	-0.068517	-78.603946	0.192905	-138.159312	0.315925
5840.000005	-140.412674	-0.219089	-124.183800	-0.304419	-88.521256	-0.424806	-124.228755	0.497252
5850.000005	-131.075010	0.408371	-130.756688	-0.464754	-83.437018	-0.056249	-133.076352	0.438827
5860.000005	-123.483854	-0.317038	-125.559766	-0.065726	-80.471281	0.180682	-126.005428	0.176187
5870.000005	-137.696801	-0.455851	-129.195515	0.149230	-87.661587	0.111123	-127.883510	-0.423905
5880.000005	-127.835304	-0.245568	-122.882273	-0.206136	-84.521019	-0.497737	-125.328730	-0.303834
5890.000005	-129.707022	0.192899	-141.026940	-0.042474	-84.182541	0.439939	-124.228806	-0.203520
5900.000005	-127.396396	0.299846	-139.800403	-0.290477	-78.343811	0.154844	-119.918359	-0.296107
5910.000005	-123.117573	0.265945	-122.888567	-0.329611	-90.401068	0.148934	-132.756433	0.016234
5920.000005	-124.121045	0.101229	-132.047505	-0.189474	-89.157738	0.419499	-121.325179	-0.042754
5930.000005	-130.115258	0.216022	-126.865326	0.434086	-77.390195	0.406902	-132.550160	-0.036272
5940.000005	-127.412775	0.011880	-122.506980	-0.007855	-84.203962	0.401123	-123.100815	0.056262
5950.000005	-121.933276	-0.465638	-118.519397	-0.295827	-95.166485	0.041117	-130.411376	0.465526
5960.000005	-125.014516	-0.314326	-133.700228	-0.373336	-83.410741	0.236696	-125.591010	0.426762
5970.000005	-121.746859	-0.212105	-125.231866	0.070405	-79.176634	-0.133596	-121.512692	-0.316516
5980.000005	-127.743377	0.137699	-122.104386	-0.118529	-84.341585	0.446266	-128.630919	0.107751
5990.000005	-127.216733	0.059337	-132.007031	0.059238	-87.959855	-0.371051	-119.988984	-0.486102
6000.000005	-126.926571	-0.423854	-129.230906	0.467393	-81.143477	0.209720	-124.449444	0.312870
6010.000005	-137.660738	-0.167892	-122.824451	-0.241311	-76.811343	0.427473	-127.684660	0.177213
6020.000005	-122.078677	0.418442	-126.633823	0.346557	-88.484762	-0.336089	-119.738042	0.317584
6030.000005	-128.439798	-0.487796	-122.103277	0.092354	-86.041082	0.137081	-122.954728	0.099721
6040.000005	-125.292465	-0.048151	-125.292632	-0.433693	-83.094504	-0.205735	-128.358850	-0.079240
6050.000005	-119.999554	-0.108572	-124.923671	-0.455578	-89.497689	0.255160	-127.043494	0.272245
6060.000005	-126.191369	0.166647	-132.461496	-0.229463	-85.871913	0.488677	-127.723916	-0.084934
6070.000005	-131.970202	-0.042520	-119.359146	-0.295735	-79.450116	-0.269798	-122.652017	-0.206073
6080.000005	-123.244031	-0.364603	-132.496186	-0.424688	-102.931324	-0.382464	-125.685060	0.300039
6090.000005	-128.786334	-0.132434	-123.409816	-0.102028	-73.968340	-0.486553	-123.632236	-0.379036
6100.000005	-131.746595	-0.177292	-121.550240	-0.225999	-82.265789	-0.121741	-124.185004	0.494403
6110.000005	-137.606045	0.285077	-125.371996	-0.398639	-89.572772	-0.246941	-129.405860	0.355299
6120.000005	-139.477450	0.381463	-122.971803	0.143573	-81.506100	-0.176328	-125.556119	0.287817
6130.000005	-122.807453	0.208566	-136.641214	0.241593	-74.081494	-0.185303	-130.162252	0.095720
6140.000005	-128.066203	0.490304	-122.617200	0.249455	-80.624611	-0.206818	-122.323828	0.328753
6150.000005	-116.762681	0.333299	-131.225989	-0.052472	-80.400277	0.018733	-124.918673	-0.250354
6160.000005	-121.241057	0.354957	-122.140551	0.201686	-77.931570	0.202806	-133.823570	-0.479208
6170.000005	-124.598167	-0.036568	-128.573982	-0.209498	-76.245326	0.457355	-135.429968	-0.059015
6180.000005	-122.806415	-0.082260	-119.625693	0.292411	-80.813032	-0.295189	-124.297084	0.112344
6190.000005	-127.300075	0.260434	-126.023381	0.487692	-97.182284	-0.467897	-132.198215	0.359119
6200.000005	-124.019762	0.126406	-128.849721	0.226012	-80.232251	0.116112	-125.634076	0.202372
6210.000006	-124.430541	0.438406	-127.755790	-0.155809	-86.833966	-0.450545	-119.694014	0.439209
6220.000006	-124.151827	-0.096451	-119.122274	-0.305705	-83.244880	0.361794	-121.484570	-0.378328
6230.000006	-127.164330	-0.257587	-123.161896	-0.131642	-78.090292	-0.315180	-125.302390	0.038455
6240.000006	-122.486958	-0.157547	-135.693928	-0.293418	-87.556838	0.238122	-121.211461	-0.029086
6250.000006	-126.370029	0.135716	-129.687525	0.227730	-83.315698	-0.240704	-124.043645	-0.135992
6260.000006	-124.567390	-0.466749	-132.067197	0.197793	-94.811659	0.457759	-130.079447	0.410216
6270.000006	-127.918051	-0.324074	-123.397991	-0.292154	-79.746673	-0.490000	-119.020919	0.021174
6280.000006	-134.185229	0.298165	-118.185440	-0.389279	-81.037028	-0.238016	-124.896478	-0.127217
6290.000006	-127.708708	-0.122123	-143.837262	-0.422532	-78.354558	0.303417	-122.779574	-0.302254
6300.000006	-135.349976	-0.377979	-119.208686	0.419239	-84.137017	0.106394	-129.349230	-0.346165
6310.000006	-125.444300	0.208967	-132.586681	0.372187	-78.304969	0.248646	-133.397540	-0.307014
6320.000006	-121.222170	0.381839	-122.524947	0.402166	-78.667931	-0.164980	-128.458748	0.060009
6330.000006	-126.940818	0.052428	-126.317133	0.265993	-87.736271	-0.011119	-121.631036	-0.455482
6340.000006	-125.266551	-0.088911	-118.981931	0.315774	-89.196115	-0.313339	-133.662695	0.181062
6350.000006	-125.309966	0.013244	-120.869748	-0.106666	-81.878408	-0.247493	-135.596859	0.103408
6360.000006	-133.144099	0.425282	-125.486427	-0.349440	-85.160025	0.290077	-124.305458	0.027264
6370.000006	-125.689134	-0.425471	-125.694959	0.101981	-84.711801	0.472370	-95.859960	0.043591
6380.000006	-125.244358	0.274385	-131.597127	-0.294334	-76.929105	-0.056695	-127.203606	-0.208356
6390.000006	-137.320814	0.053553	-126.778485	0.488902	-77.244731	0.167652	-135.716633	-0.328105
6400.000006	-122.400004	-0.187902	-122.095805	-0.362923	-88.412771	-0.349184	-129.154019	-0.213223
6410.000006	-136.835764	-0.460564	-123.228098	-0.084105	-88.656282	-0.204485	-132.538814	0.496283
6420.000006	-119.314251	-0.123229	-141.070058	0.117734	-81.953654	-0.110334	-129.996279	-0.381662
6430.000006	-128.340376	-0.154874	-121.056224	0.060871	-86.398880	-0.005303	-125.013370	0.154773
6440.000006	-143.753515	0.400240	-127.843566	-0.306708	-87.112074	-0.434439	-124.746812	0.142758
6450.000006	-120.036323	-0.058875	-124.196289	-0.493459	-81.303551	-0.016742	-122.159796	0.461056
6460.000006	-119.234056	-0.401998	-120.557559	-0.441369	-79.407019	0.214004	-120.794315	-0.221678
6470.000006	-123.302969	0.064180	-127.239998	0.223128	-89.528995	0.131652	-120.096766	-0.148396
6480.000006	-137.782291	0.405761	-126.600156	0.134420	-86.032377	-0.416567	-125.666690	0.149619
6490.000006	-125.904299	0.377126	-122.735004	-0.486469	-78.698046	0.222780	-128.727906	0.073557
6500.000006	-120.380784	-0.065379	-121.588012	-0.227456	-77.245602	0.338076	-139.895356	-0.497674
6510.000006	-131.907626	0.181979	-129.853896	-0.404178	-80.674293	-0.475513	-133.102694	-0.424530
6520.000006	-123.035715	0.119236	-121.234464	-0.328336	-80.613431	0.157470	-128.387077	-0.354581
6530.000006	-123.656108	0.353212	-121.129609	0.010220	-81.610979	0.378832	-118.674339	-0.450198
6540.000006	-120.536847	0.259327	-125.465114	-0.016035	-96.886643	-0.344048	-123.189341	-0.251777
6550.000006	-119.358029	0.290020	-122.454687	-0.454295	-80.442267	0.415369	-119.412713	0.304447
6560.000006	-127.096353	-0.044450	-121.594983	-0.493156	-81.015594	0.233872	-126.305356	-0.101905
6570.000006	-138.477772	0.315142	-130.450438	-0.442944	-79.539465	0.449072	-122.442819	-0.493101
6580.000006	-119.979852	-0.226000	-127.504713	-0.305493	-86.525542	-0.255270	-130.108363	-0.304751
6590.000006	-132.313833	0.337190	-134.041851	0.187429	-80.173787	0.171859	-124.802939	-0.361855
6600.000006	-134.431907	-0.395216	-125.496489	0.209447	-78.604604	0.470938	-130.071562	-0.117730
6610.000006	-125.490586	0.334488	-127.239693	-0.180670	-83.457473	0.196384	-130.259411	-0.231934
6620.000006	-126.093534	0.004575	-126.414945	0.266469	-77.437330	-0.298756	-131.506741	0.053199
6630.000006	-118.944589	-0.084760	-141.164457	-0.430012	-78.740323	-0.464027	-120.480839	-0.098160
6640.000006	-124.991171	-0.458699	-134.935578	0.064443	-80.264348	0.056898	-124.747714	0.066757
6650.000006	-123.401816	0.191671	-126.274976	0.229051	-78.363878	-0.319547	-124.783708	0.325865
6660.000006	-130.268129	-0.264689	-122.366764	-0.195501	-86.270693	0.174994	-131.313721	-0.114202
6670.000006	-124.444532	0.205693	-124.269964	-0.158812	-84.643080	-0.472384	-136.484311	-0.037357
6680.000006	-123.626281	0.174565	-124.509342	0.186403	-83.164759	0.193816	-127.955649	0.188946
6690.000006	-133.947631	0.337458	-134.482310	0.185709	-80.322723	0.158399	-134.301127	0.169870
6700.000006	-128.342520	0.011434	-128.175452	-0.184490	-92.522071	-0.134003	-126.589992	0.446706
6710.000006	-116.063405	0.426834	-135.192589	-0.102905	-86.034584	-0.438754	-124.512101	-0.092190
6720.000006	-130.672671	0.305932	-130.158278	0.453561	-82.037975	-0.130175	-127.476884	0.295347
6730.000006	-127.932487	0.190994	-131.578805	-0.469540	-111.310381	-0.151282	-139.754599	0.348158
6740.000006	-124.986638	-0.054050	-122.271775	-0.341433	-78.177358	0.474338	-131.989661	-0.023831
6750.000006	-127.036145	0.171049	-120.240900	-0.056897	-88.294703	-0.202555	-128.652525	0.281895
6760.000006	-124.574067	-0.219980	-128.951995	0.010513	-89.492819	0.141043	-127.657789	-0.425725
6770.000006	-127.627094	0.365424	-125.403666	0.491332	-94.349817	-0.115478	-122.522300	0.467559
6780.000006	-129.332298	0.099791	-126.406899	-0.168791	-83.048257	0.153924	-130.044575	-0.332250
6790.000006	-126.604316	-0.191067	-120.427482	-0.012929	-84.837155	0.294384	-121.106476	-0.488686
6800.000006	-116.048003	0.168980	-123.869268	0.432669	-86.400342	0.394626	-123.966252	0.278770
6810.000006	-124.025083	-0.356226	-135.293257	0.113756	-93.098853	-0.353131	-128.585441	-0.432153
6820.000006	-121.828675	0.094792	-124.190553	0.064972	-81.557568	-0.023468	-117.728775	0.183280
6830.000006	-123.829100	-0.366291	-129.515563	-0.424777	-85.932901	0.127705	-124.602173	-0.231846
6840.000006	-131.347321	-0.498324	-136.021020	0.076983	-93.346603	-0.306502	-124.365527	0.117930
6850.000006	-129.893259	0.496394	-119.660825	-0.447607	-84.941067	0.487433	-143.390903	-0.074235
6860.000006	-120.617194	-0.016242	-128.358948	0.491315	-87.470139	0.028295	-123.512934	-0.400822
6870.000006	-146.138672	-0.474566	-121.681828	0.089483	-84.023780	0.443492	-151.556170	-0.147449
6880.000006	-123.460845	-0.270700	-126.144704	-0.140216	-89.663152	-0.364006	-120.589617	-0.100959
6890.000006	-121.371588	-0.065214	-117.868789	-0.177219	-87.419094	0.394069	-127.410362	-0.381523
6900.000006	-127.278135	-0.445857	-124.850948	0.280543	-93.873302	-0.373895	-124.613583	-0.100083
6910.000006	-125.192142	-0.333611	-126.108185	0.159189	-87.711638	0.262198	-126.441762	0.334395
6920.000006	-123.499277	0.184892	-125.725460	-0.272499	-83.129238	0.389081	-135.446910	0.203526
6930.000006	-123.723808	-0.467622	-125.097805	0.472596	-82.776322	-0.437047	-132.007279	0.174409
6940.000006	-127.107333	0.430550	-138.247394	-0.046943	-81.939378	0.442736	-119.961648	0.410012
6950.000006	-138.515052	-0.482839	-119.383206	0.401422	-93.590642	-0.070826	-129.704623	-0.071592
6960.000006	-125.753802	-0.016611	-117.265890	-0.225442	-88.344459	-0.114686	-129.334700	0.029152
6970.000006	-139.547120	0.245662	-122.140155	-0.494289	-77.932601	0.103602	-130.537802	0.056705
6980.000006	-132.226377	-0.292867	-125.935403	-0.461781	-80.130362	-0.139278	-121.697643	0.458004
6990.000006	-122.124697	-0.168554	-140.179129	-0.171352	-96.967682	0.482611	-123.095322	-0.066396
7000.000006	-122.659758	0.170798	-123.369941	-0.138961	-80.547234	-0.127599	-121.695884	0.403713
7010.000006	-122.871151	-0.184345	-131.677626	0.269155	-81.045967	0.307380	-121.432819	-0.441350
7020.000006	-131.296207	-0.379064	-121.498075	-0.284646	-87.879375	-0.236034	-128.793785	0.160511
7030.000006	-127.731260	0.086122	-129.099515	0.125239	-87.659719	0.314786	-131.746296	-0.009674
7040.000006	-127.191085	-0.007758	-126.871700	0.480322	-90.657016	-0.031972	-135.039452	0.045828
7050.000006	-133.087542	-0.373336	-132.796095	-0.221914	-82.039061	0.258187	-137.152347	0.433864
7060.000006	-119.943657	0.370582	-126.079893	-0.447472	-86.173474	0.027185	-125.389170	-0.068001
7070.000006	-129.650221	0.345930	-123.966466	-0.475399	-77.816208	-0.381207	-132.704748	-0.209529
7080.000006	-127.891141	0.019189	-130.184834	-0.479228	-82.278697	0.029162	-131.627144	0.131365
7090.000006	-132.904449	-0.379666	-126.294334	0.428272	-83.990839	0.322402	-131.206292	-0.472501
7100.000006	-122.337350	0.400773	-137.515859	-0.259036	-82.266202	0.288294	-129.437237	0.115172
7110.000006	-128.186521	-0.370080	-129.951826	-0.208158	-83.328767	-0.036787	-137.145155	-0.374992
7120.000006	-129.121644	-0.062440	-134.234442	0.400709	-87.608616	-0.066481	-122.296681	0.187306
7130.000006	-120.590612	-0.205565	-134.890423	-0.447986	-79.506984	0.129933	-128.350171	0.350562
7140.000006	-122.253697	0.013064	-130.233624	0.309646	-80.618799	0.239249	-124.602012	0.139226
7150.000006	-122.966710	0.123926	-123.246981	-0.412644	-82.234470	-0.010987	-127.795059	-0.155061
7160.000006	-120.177010	-0.147323	-123.122516	0.130127	-94.564209	0.081767	-128.700439	0.064592
7170.000006	-133.605634	0.121878	-124.785678	0.170710	-82.823307	-0.101623	-124.290884	-0.065501
7180.000006	-125.208420	0.328883	-135.389909	-0.490004	-79.549509	-0.377998	-139.982114	0.206736
7190.000006	-129.491197	-0.227522	-124.413941	-0.137380	-83.388826	-0.087569	-122.787203	0.094551
7200.000006	-125.088424	0.204260	-126.386792	-0.226700	-76.637705	0.386244	-124.239520	0.039436
7210.000006	-134.231850	0.006809	-128.884836	0.201088	-81.577308	-0.289920	-122.365235	-0.252482
7220.000006	-129.220933	0.439072	-136.860212	0.410025	-76.826339	-0.443741	-125.700727	-0.233364
7230.000006	-133.252679	-0.363641	-132.507046	-0.089067	-80.750961	0.328892	-128.476214	-0.221863
7240.000006	-136.681754	0.201213	-135.345392	0.196184	-79.383269	-0.355424	-122.837560	0.260011
7250.000006	-139.216602	0.140194	-129.652463	0.259613	-76.114752	-0.349802	-139.948185	-0.249822
7260.000006	-136.360525	-0.334409	-122.891957	-0.272095	-87.191642	0.153941	-130.084806	0.212826
7270.000006	-128.180752	-0.223321	-124.344126	0.078235	-85.287187	-0.295837	-126.755817	0.155058
7280.000006	-139.259753	0.460848	-121.226570	0.481598	-80.663830	0.432250	-105.761669	0.331514
7290.000006	-126.746444	-0.282958	-123.686895	-0.301721	-79.254312	0.090114	-131.223920	0.105865
7300.000006	-125.861918	-0.046626	-142.738483	0.225632	-76.329876	-0.034964	-130.718949	-0.373294
7310.000006	-118.520735	0.341460	-132.211421	0.361671	-95.258968	-0.203190	-130.605804	-0.300153
7320.000006	-120.531412	0.179897	-122.018073	-0.374700	-81.454678	-0.496442	-120.602331	-0.343502
7330.000006	-136.026684	0.275359	-118.135915	0.327404	-92.575189	0.008027	-123.377895	0.329593
7340.000007	-126.119766	0.354742	-120.647939	-0.413652	-78.610299	-0.335202	-133.344484	-0.344030
7350.000007	-122.977027	0.477530	-119.689359	0.467602	-81.314289	-0.227717	-137.080360	0.163005
7360.000007	-124.436771	-0.217479	-122.604459	-0.006852	-92.142831	0.127255	-125.203011	-0.115028
7370.000007	-134.272327	0.145561	-122.152290	0.001488	-104.585653	0.107839	-131.114675	-0.234325
7380.000007	-130.743342	-0.215682	-130.823046	-0.439827	-81.812266	-0.349188	-138.519756	-0.389646
7390.000007	-131.097089	-0.278805	-122.130564	-0.452646	-92.563896	0.481471	-125.467887	-0.348284
7400.000007	-127.877254	0.116733	-126.039484	-0.411350	-85.965784	-0.351582	-126.722659	0.071110
7410.000007	-125.021822	0.192263	-126.626319	0.378151	-84.689007	-0.170913	-122.757041	0.005827
7420.000007	-126.082121	-0.399061	-128.121806	0.221413	-89.310603	0.138746	-119.071265	0.490803
7430.000007	-124.922621	-0.163098	-133.374131	-0.175139	-83.096942	0.045537	-138.467529	0.217054
7440.000007	-127.421672	0.078881	-124.321194	-0.163038	-78.478861	0.059983	-126.571753	-0.138308
7450.000007	-129.571080	0.218232	-127.970093	0.226490	-89.667296	-0.466184	-125.143870	-0.264551
7460.000007	-123.925218	0.485619	-126.808290	0.409974	-84.738037	0.487306	-127.739114	-0.199972
7470.000007	-119.752225	-0.361924	-125.078947	-0.104959	-107.639530	0.411829	-125.403923	-0.259851
7480.000007	-122.033556	0.122000	-137.024746	-0.028476	-99.596587	-0.291698	-131.201949	0.074700
7490.000007	-122.583861	0.237622	-126.227453	-0.026545	-81.034850	0.015098	-129.826758	0.062047
7500.000007	-126.608792	0.041369	-126.623002	-0.225609	-85.181814	-0.008779	-126.772306	-0.211884
7510.000007	-121.189835	-0.426608	-123.375159	0.369913	-80.706383	-0.496107	-127.669486	-0.208642
7520.000007	-128.930370	0.212560	-138.955290	0.366146	-74.213741	-0.338160	-131.522070	0.238232
7530.000007	-131.673432	0.451644	-125.132937	0.087211	-83.663752	0.057565	-123.753558	0.114435
7540.000007	-128.189212	0.191005	-123.456750	0.233986	-83.916806	0.225745	-139.065008	-0.232501
7550.000007	-129.729968	-0.386968	-121.052376	-0.364486	-84.326297	0.215076	-126.255583	-0.010208
7560.000007	-124.689330	0.356265	-124.393104	-0.112186	-84.472169	-0.056970	-129.415408	0.149229
7570.000007	-125.574946	-0.387019	-127.355874	-0.112731	-81.998193	0.400643	-123.949005	0.310533
7580.000007	-137.393574	-0.201851	-127.587697	0.199158	-85.954209	0.237471	-128.773598	-0.029573
7590.000007	-127.639440	0.155915	-126.019427	0.328900	-85.520826	0.370001	-127.247410	0.126488
7600.000007	-132.090682	-0.290718	-125.312685	-0.185273	-83.878701	-0.373205	-122.042797	-0.266081
7610.000007	-121.560345	0.272425	-124.381179	0.088881	-87.939894	-0.181067	-127.658278	0.172334
7620.000007	-124.938046	0.390596	-120.355098	0.372774	-88.149200	-0.352880	-123.253578	-0.406568
7630.000007	-130.842659	0.300754	-126.315230	0.163350	-83.191794	-0.319316	-130.774056	0.023198
7640.000007	-131.205516	-0.464498	-125.544537	-0.096261	-98.167281	0.031050	-130.518981	-0.102144
7650.000007	-126.014414	0.365214	-129.467909	0.129977	-86.046750	0.069940	-127.160149	-0.386411
7660.000007	-127.097795	-0.091167	-141.937739	-0.186384	-93.602805	-0.343266	-125.775593	0.030248
7670.000007	-124.331293	-0.066467	-132.879409	0.152884	-99.370867	0.336429	-121.245127	0.196324
7680.000007	-129.509692	-0.487258	-129.507351	0.483551	-77.696256	-0.067545	-117.361483	0.460311
7690.000007	-125.914724	-0.111232	-125.105486	0.495616	-86.036488	-0.407323	-121.944446	0.166036
7700.000007	-134.809889	-0.194066	-126.860345	-0.230371	-86.584467	0.450740	-138.344980	-0.383659
7710.000007	-126.470294	-0.259707	-134.442750	0.398618	-99.403647	0.387768	-125.579428	-0.101061
7720.000007	-132.709492	0.398879	-120.405273	0.400829	-80.131163	-0.232234	-143.979581	0.261635
7730.000007	-125.087620	0.484467	-124.439001	-0.478422	-89.667966	0.156710	-129.103768	0.112519
7740.000007	-127.545999	0.469505	-128.042177	0.446883	-87.440194	-0.086884	-129.182828	0.249079
7750.000007	-121.959272	-0.222600	-130.047921	0.270343	-82.133021	-0.412535	-129.338200	-0.169882
7760.000007	-140.602947	0.160549	-120.460393	-0.046206	-84.755846	0.085672	-132.381435	-0.269358
7770.000007	-141.476985	-0.194959	-126.434436	-0.301105	-80.571069	-0.358594	-125.706439	0.075763
7780.000007	-126.938865	0.279447	-134.264619	-0.440178	-88.491915	-0.431894	-123.925912	0.385682
7790.000007	-135.305391	-0.396391	-133.396044	0.117291	-83.768863	-0.471268	-132.559781	-0.055998
7800.000007	-130.649260	-0.466416	-125.148648	-0.088311	-91.589026	-0.296437	-118.078956	0.462362
7810.000007	-136.368290	-0.128229	-125.897131	-0.187992	-82.741312	0.077640	-127.969709	-0.412797
7820.000007	-124.897956	0.200021	-132.651165	0.156240	-85.860048	-0.236990	-138.776685	-0.393495
7830.000007	-126.192651	0.161377	-155.313086	-0.081250	-84.360703	-0.203481	-130.977608	-0.265129
7840.000007	-123.268076	0.493548	-140.026981	-0.392799	-84.958198	-0.231582	-129.940884	-0.307502
7850.000007	-123.540310	-0.008672	-129.890643	0.365318	-83.053822	-0.414556	-128.933609	-0.388660
7860.000007	-123.099945	0.241417	-124.203459	0.063984	-88.347316	0.048612	-127.684732	-0.480127
7870.000007	-128.505533	-0.008904	-121.378265	-0.282393	-85.336227	-0.196937	-119.785428	0.204283
7880.000007	-123.496305	-0.438171	-129.193969	0.085254	-82.870319	-0.022321	-124.462928	0.436063
7890.000007	-119.807549	-0.342759	-145.184226	0.292989	-96.394003	-0.418422	-133.414222	0.460100
7900.000007	-133.462160	-0.496452	-128.784279	0.311645	-94.898627	-0.495959	-124.733205	0.085735
7910.000007	-128.277182	-0.284211	-128.915817	0.429026	-79.701356	0.211435	-127.332960	0.351187
7920.000007	-126.222750	-0.196598	-120.242808	-0.296294	-88.775347	0.141536	-120.980785	0.462597
7930.000007	-142.736737	-0.263128	-131.847144	0.005838	-81.206488	-0.395867	-121.117900	-0.454279
7940.000007	-137.146532	0.259348	-124.822162	0.394344	-84.661595	0.253777	-132.658095	-0.362331
7950.000007	-124.380477	-0.431811	-137.740303	0.314966	-87.117914	0.230639	-121.213449	-0.218217
7960.000007	-126.213793	-0.179321	-125.374027	-0.367632	-86.250405	0.036310	-126.806459	-0.386222
7970.000007	-121.679555	0.402569	-122.273776	-0.200927	-92.225171	0.179826	-121.750709	0.432491
7980.000007	-125.138715	0.450378	-123.269685	0.378763	-82.069005	0.073588	-133.377353	-0.457716
7990.000007	-130.592486	-0.026090	-129.066205	0.472580	-84.771327	0.004323	-125.891105	-0.083113
8000.000007	-136.449366	0.144443	-130.804820	0.180852	-93.828355	0.252619	-127.842693	0.223106
8010.000007	-122.436444	-0.318974	-120.735119	0.088807	-87.653892	-0.057207	-126.183829	0.088366
8020.000007	-128.776406	-0.172644	-126.643170	0.113170	-92.967554	-0.010055	-127.665696	0.282129
8030.000007	-138.951133	-0.174126	-123.430403	0.200351	-86.850203	0.409494	-124.715373	-0.061085
8040.000007	-125.290419	0.427995	-129.830996	-0.097033	-85.038047	0.393157	-134.456004	-0.391816
8050.000007	-128.880161	-0.291093	-126.855959	0.033357	-83.784174	0.013847	-123.755604	-0.373920
8060.000007	-126.864753	-0.390308	-131.693246	-0.035872	-81.632223	0.011854	-129.358603	-0.419388
8070.000007	-118.538915	0.310041	-128.439991	0.068843	-87.060354	-0.462259	-133.438964	0.418358
8080.000007	-129.468864	0.337037	-122.718761	-0.183045	-78.890701	-0.063000	-125.484659	-0.202562
8090.000007	-123.213113	0.421843	-124.912577	0.095467	-79.718716	-0.392979	-123.210704	0.420464
8100.000007	-121.816114	0.268985	-126.273062	0.092487	-80.818457	0.211564	-127.005412	-0.009593
8110.000007	-143.457076	-0.004863	-124.898631	-0.257626	-80.649127	0.430649	-110.639097	0.331222
8120.000007	-124.278258	0.085885	-128.915755	0.176915	-84.232231	-0.091888	-125.903595	0.036695
8130.000007	-123.308669	0.231374	-126.179437	-0.279516	-93.722822	0.393317	-139.681935	0.193401
8140.000007	-123.144139	0.454402	-120.771836	-0.167253	-83.185829	-0.138178	-134.057000	0.017614
8150.000007	-124.734081	0.147775	-132.596678	-0.074177	-89.094286	0.109666	-128.111306	0.129785
8160.000007	-131.690877	0.110478	-128.536455	0.244596	-78.620228	0.021357	-130.077342	-0.258642
8170.000007	-129.371414	0.023919	-129.548579	-0.341804	-87.123899	-0.402153	-121.016323	-0.259208
8180.000007	-130.201869	0.111411	-128.427683	0.495738	-87.651022	-0.490613	-128.861373	0.370631
8190.000007	-130.244767	-0.082708	-130.963784	-0.077638	-90.291952	0.196266	-115.774938	0.166787
8200.000007	-130.577226	-0.327216	-128.017420	-0.138638	-84.961094	-0.225377	-129.454409	-0.011245
8210.000007	-126.199184	-0.090576	-121.122611	-0.177452	-86.828528	0.185712	-120.472367	-0.096659
8220.000007	-124.777316	0.365751	-124.250244	-0.489554	-85.041714	0.220390	-121.418308	-0.375288
8230.000007	-128.763147	0.425125	-131.910424	-0.245335	-81.771244	0.248477	-125.424416	-0.005591
8240.000007	-129.788780	-0.176518	-126.363986	0.478247	-78.482668	0.341933	-131.425969	-0.401954
8250.000007	-125.610145	0.192102	-121.819069	0.014565	-82.216466	-0.390866	-120.548885	-0.239354
8260.000007	-126.460483	0.015597	-131.732778	-0.380854	-82.075837	0.380766	-131.245830	-0.166559
8270.000007	-130.672958	0.145188	-122.948818	-0.465227	-83.005998	0.354241	-124.354092	0.337601
8280.000007	-126.428304	0.436485	-119.672111	0.252231	-89.210111	0.092409	-120.703473	0.243828
8290.000007	-128.105073	0.223813	-125.430179	0.264076	-85.395397	-0.439382	-128.250763	0.328771
8300.000007	-127.306783	0.212150	-135.606013	0.194171	-85.762311	0.436586	-127.447220	0.324186
8310.000007	-130.647884	0.359023	-129.302758	-0.459681	-81.818990	0.123228	-120.421930	0.126233
8320.000007	-123.510832	0.057824	-122.333477	-0.081823	-81.722981	-0.085576	-119.546182	-0.173755
8330.000007	-135.592692	0.180946	-143.109201	-0.319331	-80.554367	-0.319861	-126.853930	0.452121
8340.000007	-124.626786	0.322237	-120.596456	-0.270403	-95.910407	0.436426	-126.726194	-0.309501
8350.000007	-124.783632	0.093068	-129.318710	0.362791	-85.716283	0.167042	-117.059441	-0.238011
8360.000007	-123.033615	-0.360147	-122.881100	-0.231381	-79.332418	-0.135634	-124.901276	-0.356862
8370.000007	-124.619185	-0.094967	-124.193106	0.302635	-84.309582	-0.237784	-130.535879	-0.084069
8380.000007	-127.474222	0.168201	-125.398495	0.086841	-83.386929	-0.414789	-129.782501	-0.130245
8390.000007	-131.909739	-0.477280	-123.571364	0.229032	-100.871370	-0.454308	-129.764021	-0.226792
8400.000007	-117.275548	0.447026	-125.498017	0.286953	-90.037101	-0.468634	-120.626057	0.443097
8410.000007	-137.013950	-0.363120	-132.821178	-0.352329	-91.092561	-0.416143	-130.120841	-0.063125
8420.000007	-131.706465	-0.126721	-132.927886	-0.307068	-80.983080	-0.046143	-129.753359	0.055349
8430.000007	-128.398176	-0.200976	-125.156441	-0.050484	-88.001750	-0.259258	-125.845760	-0.042728
8440.000007	-134.930325	0.498488	-125.124916	0.062664	-94.348158	-0.178869	-119.209550	0.206760
8450.000007	-119.539322	-0.383235	-127.954467	0.398033	-86.645554	0.422432	-143.170407	0.409401
8460.000007	-138.545927	0.200241	-130.235783	0.092762	-81.218441	-0.460507	-128.446283	0.221306
8470.000008	-124.953119	-0.207347	-118.044347	-0.290498	-95.848267	-0.178000	-123.003519	-0.099996
8480.000008	-130.551661	-0.247221	-126.464009	-0.473714	-79.502464	0.023917	-121.886128	-0.291682
8490.000008	-123.903982	0.357415	-123.163961	0.475801	-81.469597	0.114686	-135.625094	0.132293
8500.000008	-125.945075	0.064430	-129.325352	0.499934	-80.548038	0.495090	-125.778894	-0.151047
8510.000008	-143.284830	-0.319156	-122.182450	-0.289155	-84.499351	0.171226	-122.570852	0.260159
8520.000008	-128.885781	-0.408200	-144.420535	0.275910	-89.419655	-0.476888	-118.527921	-0.444533
8530.000008	-124.777550	-0.315040	-130.180905	0.136143	-81.986588	-0.174663	-128.247694	0.491151
8540.000008	-125.355745	0.079529	-124.000340	0.102554	-92.106897	0.243620	-117.310979	-0.008922
8550.000008	-134.982219	0.062076	-133.773620	-0.495674	-85.131673	-0.086603	-121.282904	0.399692
8560.000008	-137.126784	0.280092	-126.943409	0.439088	-85.984978	-0.029316	-132.010887	0.349330
8570.000008	-134.806269	-0.167846	-131.205866	-0.211693	-85.854041	-0.406108	-122.721542	-0.228510
8580.000008	-126.042300	-0.430135	-120.737296	-0.224975	-88.757061	0.088687	-127.321937	-0.057188
8590.000008	-122.759149	-0.318338	-134.704675	0.367195	-85.242701	-0.123194	-136.630058	-0.146062
8600.000008	-125.651923	-0.291631	-125.288644	0.207043	-79.705340	-0.239934	-129.972496	-0.271912
8610.000008	-133.834809	0.045165	-133.516554	-0.135398	-88.547580	0.263792	-130.321328	0.119276
8620.000008	-128.431785	0.075246	-134.853480	0.071698	-88.407480	0.377003	-123.193830	-0.363276
8630.000008	-127.835626	0.362851	-121.457588	-0.130698	-86.512583	-0.338541	-125.508794	-0.114972
8640.000008	-133.316590	-0.468559	-119.687751	-0.010830	-100.585701	0.486256	-123.025520	0.167961
8650.000008	-134.545443	0.376224	-126.866170	0.235756	-82.899043	0.216963	-120.832611	0.336966
8660.000008	-128.238652	0.398586	-120.644114	0.031677	-93.000582	-0.202835	-128.521629	-0.298993
8670.000008	-132.980387	-0.377024	-125.991826	-0.296347	-93.240709	-0.107358	-123.756888	-0.017638
8680.000008	-126.651901	-0.075654	-128.078737	-0.460933	-87.848857	0.345314	-147.237568	-0.481938
8690.000008	-126.614743	0.210465	-128.831461	0.494314	-84.396174	0.024316	-129.428997	-0.035914
8700.000008	-121.993923	0.347591	-124.707918	0.320548	-92.331430	-0.119435	-118.853988	0.237305
8710.000008	-121.601055	0.049636	-143.388838	0.173717	-84.536479	0.300863	-125.447930	-0.001012
8720.000008	-123.374362	0.089992	-124.770937	-0.375084	-90.818218	-0.238755	-124.787840	0.457125
8730.000008	-134.325566	0.222914	-132.207312	-0.054115	-87.355082	-0.221027	-125.592757	-0.191728
8740.000008	-126.687777	-0.117541	-125.082073	-0.082373	-82.668644	0.364379	-122.823222	-0.223837
8750.000008	-127.419245	0.307970	-126.152137	0.451439	-91.409357	-0.427623	-127.142303	-0.013879
8760.000008	-126.015264	-0.024943	-129.590991	0.017470	-89.279328	-0.180842	-130.481698	0.462704
8770.000008	-124.788102	-0.073166	-133.125111	0.010857	-91.073221	-0.248195	-131.356162	0.238154
8780.000008	-126.133493	0.321010	-125.762038	0.341366	-79.708063	-0.024244	-139.378854	-0.308074
8790.000008	-124.748491	0.033710	-132.477887	-0.143722	-93.357114	-0.067699	-121.868652	-0.310188
8800.000008	-126.722884	-0.459375	-134.023127	0.004172	-80.210277	-0.102812	-126.916252	-0.206707
8810.000008	-123.095963	0.269307	-130.271207	0.472188	-84.764124	-0.315682	-131.664894	0.260833
8820.000008	-121.298150	-0.392504	-127.666406	0.469681	-88.822990	0.182053	-121.872546	0.468143
8830.000008	-122.888092	0.101718	-129.332211	0.083594	-96.664773	-0.368737	-122.458376	-0.499660
8840.000008	-130.362479	-0.051079	-125.270926	-0.193659	-88.904297	-0.247333	-124.179330	-0.098916
8850.000008	-125.661723	0.395606	-126.008795	0.101166	-88.959191	0.474587	-125.897487	-0.423078
8860.000008	-131.626588	0.100520	-124.367752	-0.300609	-88.031272	-0.058251	-141.825626	-0.239006
8870.000008	-124.617333	0.380824	-132.701353	0.089386	-81.534821	-0.073055	-130.113496	-0.269974
8880.000008	-124.826967	0.062155	-118.303883	0.313138	-81.377457	-0.287257	-125.213074	0.174695
8890.000008	-126.876204	-0.187667	-131.055055	0.313969	-90.722596	-0.157978	-121.778252	-0.172744
8900.000008	-122.674735	-0.184248	-121.427999	-0.260803	-92.300902	0.336614	-128.438400	0.379271
8910.000008	-123.815885	0.299136	-129.316462	0.187659	-82.262079	0.175847	-131.531754	0.170873
8920.000008	-120.644586	0.435736	-126.594267	0.255436	-92.525809	0.056218	-126.997733	-0.451007
8930.000008	-124.293775	0.095505	-134.719237	-0.373693	-80.599601	-0.259541	-123.813413	0.161502
8940.000008	-134.640365	0.246423	-119.621033	-0.141127	-81.653955	-0.090457	-121.803965	-0.067802
8950.000008	-131.748821	0.087921	-123.739189	0.042185	-84.238555	0.163168	-119.566012	0.451364
8960.000008	-128.987539	-0.102881	-125.133243	0.212022	-81.102482	0.444429	-121.542675	0.201336
8970.000008	-126.164252	-0.349760	-123.638115	-0.000852	-84.887573	0.301404	-125.714096	0.009259
8980.000008	-125.426702	0.071332	-120.639667	-0.308777	-85.012679	-0.183839	-131.670724	-0.076625
8990.000008	-129.683052	-0.413404	-127.840399	0.167825	-86.150629	-0.403742	-128.375641	-0.143550
9000.000008	-124.190127	-0.452044	-131.957765	-0.211841	-79.464945	-0.235837	-123.577899	-0.067411
9010.000008	-129.680672	0.252447	-131.598673	-0.097872	-77.692956	-0.069425	-119.919226	0.368315
9020.000008	-133.057810	-0.433646	-126.271075	-0.387549	-84.947351	0.333553	-143.321716	-0.013167
9030.000008	-129.114795	0.494054	-120.533809	0.349997	-87.515931	-0.323846	-120.664664	-0.371918
9040.000008	-144.256189	-0.393687	-129.156872	-0.064601	-81.918608	-0.414862	-130.965813	-0.443602
9050.000008	-138.257005	-0.246402	-133.313246	0.309177	-80.137675	0.113846	-125.322931	0.397398
9060.000008	-125.447354	0.027010	-128.325401	-0.104206	-87.374446	0.000816	-130.959779	0.385405
9070.000008	-124.256181	-0.033604	-130.828179	0.167506	-83.652299	-0.147871	-129.198812	-0.183897
9080.000008	-128.744064	-0.075277	-124.902570	-0.039405	-95.068916	0.271879	-122.402169	-0.265363
9090.000008	-121.196568	0.414830	-137.009077	0.215522	-86.066924	0.048570	-126.104869	-0.432612
9100.000008	-125.638414	-0.372023	-144.204141	0.465880	-86.808603	-0.453143	-107.048191	0.428326
9110.000008	-128.317629	-0.122519	-124.788914	0.109210	-86.463606	-0.290525	-123.552672	-0.137066
9120.000008	-131.431938	0.141963	-139.081957	0.065399	-90.042358	-0.474079	-122.763043	0.213469
9130.000008	-121.642968	0.305666	-127.616664	0.375721	-87.801800	0.110592	-124.087797	0.139362
9140.000008	-127.890723	-0.371708	-129.912540	0.324980	-94.388213	0.083329	-123.414805	0.072028
9150.000008	-124.497654	0.238479	-132.625160	-0.144191	-88.271300	0.012763	-129.102709	-0.265527
9160.000008	-124.066839	-0.080094	-125.795896	-0.286221	-83.068900	-0.158265	-127.748354	-0.049258
9170.000008	-127.514936	-0.322172	-124.245302	0.385089	-100.211896	-0.098151	-122.227468	-0.048470
9180.000008	-131.376456	-0.424008	-127.834092	-0.228951	-85.889113	0.293180	-123.078429	-0.400684
9190.000008	-126.337656	-0.463939	-124.316183	-0.437738	-80.187333	0.305804	-122.431839	-0.247602
9200.000008	-124.693377	-0.344860	-125.331271	-0.125979	-83.047788	0.194387	-125.798855	0.419173
9210.000008	-133.658686	0.080363	-136.790465	0.409942	-78.513550	0.041738	-128.593956	-0.129580
9220.000008	-119.423554	0.017210	-128.798901	-0.038479	-95.885317	-0.361873	-131.222920	-0.263334
9230.000008	-124.370437	-0.383368	-128.618487	-0.095600	-83.110104	-0.170564	-122.085921	0.435855
9240.000008	-119.123072	-0.060980	-125.917928	3.871009E-5	-94.785913	0.172243	-123.464210	0.150429
9250.000008	-122.061161	-0.396447	-132.610443	0.298454	-85.756095	0.391431	-125.930516	-0.079331
9260.000008	-134.898995	-0.197014	-126.947845	-0.424366	-87.491929	0.461155	-126.312288	-0.060307
9270.000008	-128.469442	0.112815	-123.791465	-0.088741	-93.581889	-0.055052	-128.548246	-0.235735
9280.000008	-122.819236	0.230083	-126.374825	0.014663	-94.337057	-0.045811	-126.295634	0.118871
9290.000008	-127.327299	-0.297000	-128.231841	-0.398653	-98.724122	-0.088172	-125.441429	-0.216277
9300.000008	-133.917144	-0.159036	-123.080788	-0.099756	-80.761299	-0.337293	-127.412227	0.411965
9310.000008	-121.812868	0.407344	-126.107227	-0.218339	-88.894649	0.158803	-128.193829	-0.464710
9320.000008	-122.892934	-0.056506	-123.412941	0.480070	-87.887140	-0.335815	-124.252707	-0.246736
9330.000008	-136.461152	-0.270100	-122.174820	-0.003656	-94.559326	-0.163522	-123.473125	-0.012019
9340.000008	-124.084341	0.398425	-124.085544	-0.416239	-86.553163	-0.178494	-123.829675	0.242860
9350.000008	-126.653776	0.448807	-127.053786	0.217197	-86.066614	-0.170065	-125.360363	0.047064
9360.000008	-129.805771	-0.284878	-138.663932	0.395304	-94.377128	-0.264254	-121.717655	-0.402104
9370.000008	-137.741970	0.036575	-128.626872	0.331153	-85.765510	0.327574	-125.831054	0.351960
9380.000008	-127.502778	0.201904	-129.864103	-0.107020	-78.904516	-0.388822	-131.607749	-0.175158
9390.000008	-134.170023	-0.236696	-127.455346	0.437530	-82.527772	0.459678	-124.493162	-0.458478
9400.000008	-132.026706	0.146287	-138.322482	-0.383830	-82.656837	0.300893	-133.201253	-0.051728
9410.000008	-133.391452	-0.042090	-124.154103	-0.115019	-100.491751	-0.366001	-136.523482	-0.358654
9420.000008	-126.134930	-0.255102	-126.731019	-0.360399	-87.051682	0.339439	-124.536582	-0.365454
9430.000008	-130.801684	0.079061	-122.753539	0.340291	-94.121071	0.195578	-127.473245	-0.075187
9440.000008	-118.647355	-0.088587	-129.617776	-0.240999	-79.494770	-0.004735	-133.196861	0.268185
9450.000008	-124.899067	0.089367	-138.448588	0.145889	-83.511204	-0.399875	-135.228962	-0.332266
9460.000008	-122.100990	0.242035	-128.249927	-0.156747	-79.017171	0.245403	-128.472076	-0.145813
9470.000008	-134.259700	0.205048	-135.166081	0.247035	-84.879898	0.348898	-131.445278	-0.014969
9480.000008	-122.048153	0.078157	-124.637073	-0.452337	-84.936053	0.391823	-125.756282	0.291154
9490.000008	-126.653650	-0.201300	-124.207648	0.030268	-85.681761	-0.323999	-141.080536	-0.485277
9500.000008	-120.998868	-0.165658	-127.360852	-0.432985	-89.677823	-0.357688	-132.301374	-0.122714
9510.000008	-131.721266	0.072431	-123.067969	-0.107789	-92.543303	-0.257735	-125.605688	-0.142925
9520.000008	-131.788489	-0.419571	-122.910273	-0.098730	-94.395167	0.069501	-136.726640	-0.374583
9530.000008	-127.701804	-0.272580	-134.034255	0.344464	-78.748866	0.260339	-123.338247	-0.174707
9540.000008	-135.248363	0.329729	-133.324764	-0.254832	-88.851924	-0.007307	-125.073528	-0.067766
9550.000008	-136.047001	-0.457715	-122.281058	0.319046	-93.978159	-0.389691	-125.853397	0.287399
9560.000008	-131.065791	0.301216	-132.429453	0.111468	-83.152979	-0.226395	-127.266847	-0.049667
9570.000008	-138.751676	0.396830	-126.458128	-0.284486	-83.854041	-0.485273	-118.983521	-0.236969
9580.000008	-123.601986	-0.305082	-126.478245	0.091112	-78.383403	0.284679	-123.870735	0.455438
9590.000008	-125.083958	0.157722	-126.823911	-0.128896	-90.227685	-0.238112	-122.569123	0.041828
9600.000009	-123.061317	0.453676	-119.060208	-0.140504	-100.502707	0.498925	-129.815083	0.277798
9610.000009	-131.979617	-0.042294	-127.927370	0.147868	-86.302036	0.266422	-128.420941	0.389015
9620.000009	-130.067001	0.123825	-129.288400	0.114480	-83.595257	-0.219354	-134.401601	-0.417535
9630.000009	-123.969450	0.250800	-126.303938	0.453676	-96.873112	-0.264388	-131.007207	-0.246816
9640.000009	-126.706640	0.280100	-120.022813	0.431113	-87.001866	-0.424814	-124.698759	-0.395544
9650.000009	-123.424219	-0.220758	-125.125137	-0.429493	-81.499487	0.145912	-123.263003	-0.388885
9660.000009	-125.663797	-0.044541	-126.373680	0.253832	-81.691556	0.296493	-127.197919	-0.119026
9670.000009	-136.024057	0.474808	-126.015808	-0.421557	-99.549025	-0.310518	-149.615522	0.113258
9680.000009	-135.268239	0.132269	-123.129380	0.494008	-117.950414	0.290431	-128.961604	0.472920
9690.000009	-129.233732	-0.315456	-131.896358	-0.378156	-83.272265	-0.291299	-123.445891	-0.336256
9700.000009	-125.328311	0.193742	-120.015853	0.086272	-83.079434	-0.284673	-127.608969	-0.382955
9710.000009	-123.344248	0.315933	-127.132015	0.202871	-80.845936	0.081085	-126.166492	0.270531
9720.000009	-138.845193	0.336491	-125.244503	-0.442628	-91.353503	0.347597	-120.599895	0.296890
9730.000009	-122.140821	-0.132369	-124.792269	0.086152	-90.237511	-0.180141	-127.730094	0.481129
9740.000009	-125.902439	0.431156	-124.974856	0.049138	-82.518243	-0.229905	-127.148495	-0.335719
9750.000009	-128.031305	-0.336297	-128.369130	0.364331	-90.559417	-0.297579	-134.062235	-0.203743
9760.000009	-126.503652	-0.082501	-121.386214	-0.156967	-92.597370	-0.460819	-123.652532	0.047687
9770.000009	-123.837959	0.055461	-133.448004	0.484683	-88.215471	-0.177407	-121.646996	-0.111137
9780.000009	-135.823353	-0.438387	-123.067160	0.370874	-91.126950	-0.440332	-126.316252	0.150911
9790.000009	-131.046925	-0.328134	-134.959162	0.264519	-96.661261	0.362523	-130.455572	0.017065
9800.000009	-125.410717	-0.361305	-128.222899	-0.326513	-89.517729	-0.156038	-121.421867	-0.382526
9810.000009	-130.209686	0.023128	-130.670534	-0.278029	-94.891983	0.215213	-118.743665	-0.100747
9820.000009	-128.735989	0.344878	-123.703947	-0.318139	-86.912547	-0.166601	-119.197098	-0.497734
9830.000009	-137.905238	-0.382952	-121.227752	-0.463858	-82.408492	-0.476651	-124.496563	-0.141454
9840.000009	-128.304018	-0.201833	-133.180049	0.144067	-83.402089	-0.457891	-129.601436	-0.220381
9850.000009	-136.718151	0.305737	-125.888597	-0.352273	-93.118539	-0.335899	-133.913797	0.275675
9860.000009	-126.618325	-0.211048	-124.293020	-0.145621	-87.387575	0.391070	-128.439791	-0.153406
9870.000009	-122.701878	-0.466782	-129.682936	0.102191	-89.206826	0.001791	-121.161957	-0.074432
9880.000009	-123.780069	0.389041	-122.494832	0.143652	-77.181546	-0.262512	-124.538828	-0.402444
9890.000009	-127.826541	-0.042770	-121.753744	-0.420617	-89.485382	-0.178231	-123.873640	-0.105913
9900.000009	-122.727943	-0.081513	-134.614182	-0.023544	-90.944019	0.355571	-119.632749	-0.008626
9910.000009	-126.717887	0.234916	-129.638828	0.220666	-85.773645	-0.257838	-127.113450	-0.268231
9920.000009	-123.550381	-0.123212	-124.414975	-0.126678	-93.758498	0.163573	-127.746267	0.385937
9930.000009	-131.301831	0.172686	-126.413480	0.274771	-89.375849	0.047018	-122.634038	0.337293
9940.000009	-120.741374	0.395576	-122.672373	-0.309286	-93.366414	-0.470897	-129.156941	0.045191
9950.000009	-124.727895	0.202692	-125.809350	0.211585	-83.411962	-0.312221	-126.483916	0.412571
9960.000009	-134.235031	0.326357	-138.289988	0.341134	-80.725752	0.398248	-130.254514	0.248304
9970.000009	-127.550998	-0.069055	-129.944623	0.048311	-95.470149	-0.147090	-125.743977	-0.368625
9980.000009	-127.352078	0.263343	-126.528042	-0.090672	-83.095631	0.078788	-128.549385	0.403316
9990.000009	-125.194945	-0.299922	-138.574762	0.219085	-85.633351	0.237178	-127.183530	-0.377930
10000.000009	-119.845046	-0.030191	-133.274123	0.350335	-87.943256	0.140573	-124.894526	0.392568
