% f109.txt
% Date Sat, Jun 26, 2021 5:38 PM
% Sine seq
% Response spectrum
% Stim level (V pk) 0.500, 0 dB filter gain, 120.0 dB attenuation
% Stim RMS (V) 0.000
% Freq [Hz]	Ch0 Mag [dB]	Ch0 Phase [cyc]	Ch1 Mag [dB]	Ch1 Phase [cyc]	Ch2 Mag [dB]	Ch2 Phase [cyc]	Ch3 Mag [dB]	Ch3 Phase [cyc]
%%end
10.000000	-117.029048	-0.376061	-114.898024	-0.146280	-68.209081	0.007329	-114.000148	0.487630
20.000000	-124.584654	0.447268	-115.565941	-0.325965	-62.827224	0.214000	-116.338367	0.313952
30.000000	-119.984979	0.103734	-134.959973	-0.238829	-59.286620	0.190138	-133.633115	-0.172123
40.000000	-121.233056	0.470167	-140.520314	0.458797	-64.185383	-0.381518	-125.220041	0.440274
50.000000	-117.948343	-0.119215	-118.783604	0.076915	-67.224178	0.330421	-114.391866	0.031924
60.000000	-97.412216	-0.370885	-89.496252	-0.077325	-60.792029	0.395674	-101.072678	0.404689
70.000000	-120.620214	-0.245082	-127.245162	-0.175624	-58.863167	0.106949	-118.082132	0.049041
80.000000	-122.666434	0.080811	-132.858312	0.377102	-61.569599	0.493531	-124.631538	-0.363784
90.000000	-128.719300	-0.074669	-119.155491	0.437649	-64.907156	-0.342499	-126.966447	0.379387
100.000000	-122.857133	0.224601	-119.242576	0.118123	-68.325460	-0.005485	-123.552513	0.079916
110.000000	-123.724497	-0.132668	-125.503552	-0.133057	-69.570574	-0.059500	-121.435416	-0.207356
120.000000	-147.516720	-0.036309	-121.669927	-0.439922	-57.133545	-0.434437	-125.009919	0.034993
130.000000	-133.100014	0.430850	-125.933429	-0.026441	-56.709424	-0.462318	-120.166583	0.307049
140.000000	-123.933884	-0.164586	-123.831321	-0.119462	-58.400251	0.312009	-126.489762	-0.444040
150.000000	-130.836861	0.430626	-123.127945	0.047839	-56.736298	0.252787	-123.212041	-0.325077
160.000000	-129.334527	-0.077807	-123.912814	-0.216779	-70.472125	-0.499399	-118.720215	-0.344545
170.000000	-140.188418	0.413114	-139.027416	0.407473	-63.418366	0.099731	-119.935040	0.136240
180.000000	-108.623431	0.298643	-95.517078	0.286205	-62.971069	-0.483806	-95.986587	-0.338439
190.000000	-118.868186	-0.440891	-123.697198	-0.031225	-66.906224	0.056448	-120.530943	-0.039964
200.000000	-129.586069	-0.104251	-123.920890	-0.030227	-56.656061	0.059897	-124.469350	-0.483746
210.000000	-123.639691	-0.148883	-126.287316	0.000887	-62.721183	-0.026852	-122.111942	-0.095495
220.000000	-131.954435	-0.346321	-132.541626	0.449946	-62.864935	-0.406227	-127.563712	0.363859
230.000000	-136.206708	0.493999	-131.381266	-0.458050	-55.754620	-0.045356	-119.158887	0.443542
240.000000	-123.680817	0.189133	-128.392804	0.475529	-58.800475	-0.198178	-129.649691	0.459996
250.000000	-121.711719	-0.290834	-120.123240	-0.256696	-61.997710	-0.214881	-124.525036	0.312220
260.000000	-124.958084	-0.034774	-132.356498	-0.177399	-60.153896	0.325241	-122.694905	-0.009104
270.000000	-121.317824	0.075354	-120.632052	0.214274	-61.249106	-0.491841	-120.888136	0.004544
280.000000	-129.344479	-0.254406	-128.436799	-0.236804	-53.976779	-0.268838	-126.243242	-0.057421
290.000000	-143.958079	-0.210147	-119.254081	-0.425850	-58.353055	0.375711	-126.173397	0.232320
300.000000	-113.739537	0.180167	-111.932467	-0.328784	-73.068081	-0.111028	-113.165475	-0.033718
310.000000	-135.789672	0.428950	-130.273039	-0.491513	-60.861720	0.302459	-122.494647	-0.065904
320.000000	-122.988848	-0.126201	-123.667476	0.054820	-61.141167	0.038950	-132.537136	-0.217595
330.000000	-128.891275	0.055357	-124.943873	-0.152528	-65.235597	0.423063	-123.695962	-0.238789
340.000000	-125.455302	-0.380559	-125.779456	0.098232	-58.741783	-0.296826	-120.600737	0.313733
350.000000	-131.431164	-0.131310	-134.303595	-0.496733	-74.395718	-0.084900	-129.220888	-0.020252
360.000000	-134.033871	-0.378052	-119.744937	-0.351863	-57.093757	0.191561	-123.569122	-0.009073
370.000000	-124.085372	-0.471380	-120.400066	-0.179407	-71.129667	0.145092	-126.809873	0.375301
380.000000	-124.330200	0.141204	-122.836286	0.466725	-64.641483	0.354411	-128.523943	0.411934
390.000000	-126.897442	0.255959	-134.495650	-0.378623	-63.584482	0.017855	-118.489341	-0.353216
400.000000	-127.843595	0.499563	-127.481314	-0.385313	-65.299305	-0.296629	-146.589101	-0.366605
410.000000	-131.183374	0.400210	-128.498966	-0.457054	-69.495065	0.016956	-122.483496	0.189401
420.000000	-125.886930	-0.465711	-125.621138	-0.333193	-80.987446	-0.203160	-124.049744	-0.021358
430.000000	-124.365296	0.201359	-128.699454	0.257196	-65.352007	-0.175823	-127.400968	-0.351439
440.000000	-122.030123	-0.116940	-124.772924	-0.203711	-81.281251	0.395794	-143.713179	-0.459447
450.000000	-130.517144	0.347987	-128.021111	-0.191210	-58.442719	-0.400429	-124.613610	-0.048915
460.000000	-121.767012	0.376686	-129.201941	0.296472	-68.528919	-0.236141	-125.221874	0.213603
470.000000	-123.941769	0.475779	-123.193499	0.056197	-59.994325	-0.178224	-137.915406	0.290731
480.000000	-125.337270	-0.373199	-129.360021	-0.412307	-64.863884	-0.326237	-127.608478	0.238479
490.000000	-129.334967	0.039869	-128.513633	0.036245	-67.948437	-0.386112	-119.141399	0.297200
500.000000	-125.248184	-0.282696	-122.063321	0.428548	-62.282070	-0.112822	-120.628052	-0.284825
510.000000	-122.285491	0.183860	-125.603002	-0.447495	-54.414725	-0.363128	-127.898730	0.353259
520.000000	-126.569815	-0.083883	-122.445501	-0.086008	-65.301689	0.216081	-118.387152	0.311797
530.000000	-129.674308	-0.082836	-133.077726	0.426289	-63.840719	-0.051992	-126.217468	-0.496516
540.000000	-125.921511	-0.245332	-120.329938	-0.206072	-69.384085	-0.455291	-122.814643	-0.023948
550.000000	-126.968557	-0.453911	-127.575967	0.313044	-54.357397	0.467849	-123.994889	-0.162095
560.000000	-138.295120	-0.364972	-125.599031	-0.328673	-66.516475	0.160378	-113.728347	0.493776
570.000001	-133.314742	-0.288785	-124.957537	-0.287937	-60.881101	0.039738	-122.332536	-0.185374
580.000001	-132.178085	0.151479	-126.452170	-0.150202	-66.408178	0.434830	-122.339889	0.336444
590.000001	-132.115153	-0.403402	-121.340153	0.023349	-65.292833	-0.097164	-123.125416	-0.191200
600.000001	-131.942465	0.377739	-126.381688	0.309586	-65.464973	-0.242215	-127.828206	-0.417695
610.000001	-122.790711	0.069203	-133.949853	-0.406549	-64.704612	0.306004	-128.459591	0.396823
620.000001	-123.737519	0.194424	-122.486971	-0.375457	-67.337658	-0.272758	-121.094652	0.067278
630.000001	-125.233310	-0.447575	-125.376461	-0.169985	-67.204334	-0.221787	-135.143209	0.429108
640.000001	-120.769487	0.306086	-125.686885	0.345995	-61.655041	-0.399666	-143.461190	0.016254
650.000001	-129.584422	-0.031039	-122.869908	0.367629	-61.403677	-0.425731	-127.651836	0.163186
660.000001	-117.945958	0.239465	-124.121016	0.068526	-68.711228	0.074176	-122.551114	0.379323
670.000001	-135.042066	-0.211923	-122.917408	-0.099004	-64.202744	-0.369798	-132.381991	-0.145098
680.000001	-131.661632	0.456620	-127.314266	0.455693	-61.176017	0.059524	-128.799922	0.421401
690.000001	-124.750522	0.208340	-129.730171	0.421947	-65.440093	0.130039	-126.232009	0.175322
700.000001	-127.893656	-0.172697	-129.856635	0.167396	-63.457444	-0.147625	-118.000944	-0.041712
710.000001	-130.825486	0.435850	-130.181502	0.389277	-75.441931	0.497174	-125.700233	0.129643
720.000001	-125.006013	0.246702	-135.994402	-0.286264	-71.774500	-0.154732	-125.247440	0.331744
730.000001	-127.817949	-0.262218	-124.406012	0.464924	-64.595321	0.022210	-132.343167	0.173673
740.000001	-125.363966	0.177921	-125.130860	0.421885	-63.460588	0.009406	-130.368893	0.258942
750.000001	-122.117010	0.030220	-122.509440	0.025536	-80.534020	-0.084799	-127.593372	0.145907
760.000001	-129.276121	-0.185782	-131.464527	-0.358362	-66.698941	-0.473876	-125.585210	-0.378686
770.000001	-128.481143	-0.004921	-128.370373	-0.010484	-60.919270	0.381883	-141.542973	0.383144
780.000001	-119.533193	-0.482930	-117.776823	0.006036	-79.760929	-0.440805	-121.599902	0.399188
790.000001	-131.900062	0.149003	-125.626287	-0.449711	-62.245023	-0.349818	-127.303932	-0.397266
800.000001	-129.622452	-0.100876	-126.745108	0.230582	-76.647003	0.153344	-119.740009	-0.341186
810.000001	-138.504206	0.477078	-123.328187	-0.145814	-65.006332	0.147668	-129.334895	-0.201117
820.000001	-116.732303	0.340708	-129.280812	0.419845	-66.660785	0.205043	-122.370346	-0.394009
830.000001	-128.294093	-0.279439	-131.599143	-0.377767	-67.329199	0.499626	-122.539598	-0.306284
840.000001	-119.727639	-0.429820	-125.488516	0.415647	-66.566466	0.394642	-126.371720	-0.479714
850.000001	-120.067318	-0.180430	-121.470433	-0.190043	-71.138394	0.443218	-123.235493	-0.357859
860.000001	-119.152895	-0.380707	-127.361100	-0.450231	-66.690791	0.267721	-133.638647	-0.310366
870.000001	-123.188738	0.152573	-128.046005	0.063985	-67.682501	-0.449262	-125.651321	-0.274690
880.000001	-127.906905	0.015360	-118.894862	-0.000123	-59.836887	0.395570	-124.603262	0.155459
890.000001	-121.880378	0.498735	-120.501234	-0.423384	-75.621750	0.010659	-126.126619	-0.431417
900.000001	-121.732848	-0.339909	-133.385717	0.080621	-68.245084	0.216565	-121.071035	-0.455138
910.000001	-123.084280	0.149376	-134.514640	-0.253711	-69.999592	0.460677	-144.226279	-0.353434
920.000001	-124.921816	0.469568	-122.802059	0.331092	-67.575128	-0.311777	-126.350933	0.253207
930.000001	-142.579149	0.068787	-118.673493	0.479511	-73.348481	0.393634	-122.481994	0.228800
940.000001	-142.447791	-0.202406	-136.316375	0.385715	-72.732525	-0.011579	-121.315532	0.152896
950.000001	-130.769529	0.007723	-122.325428	-0.481408	-63.691982	0.122760	-121.327513	-0.178400
960.000001	-127.113164	-0.015308	-121.858077	-0.056722	-66.900399	-0.114294	-118.700920	-0.198388
970.000001	-136.004907	-0.402755	-126.741641	-0.100871	-68.855625	-0.329409	-128.217705	-0.388026
980.000001	-127.248949	-0.266913	-124.156103	-0.223640	-70.934761	0.392222	-129.362926	-0.080293
990.000001	-122.658894	-0.282027	-133.409719	-0.155647	-74.001804	-0.467032	-127.734486	-0.352437
1000.000001	-141.475422	0.019373	-123.409475	0.370926	-80.783754	-0.436557	-123.334375	-0.396335
1010.000001	-124.874092	0.016267	-122.286667	0.393575	-61.664753	0.300465	-129.013557	0.347756
1020.000001	-125.725996	-0.081331	-124.005060	-0.162767	-77.482341	-0.338457	-124.460203	-0.233389
1030.000001	-129.997598	-0.011979	-131.799045	0.481407	-68.104634	0.002835	-124.251051	0.184605
1040.000001	-122.113602	-0.486081	-124.490841	0.346300	-88.965875	0.304360	-124.986227	-0.069324
1050.000001	-118.701417	-0.094762	-130.576193	0.265936	-64.919316	0.344113	-133.466573	0.168350
1060.000001	-125.464104	0.099838	-137.289200	-0.428355	-71.334922	-0.295761	-136.376041	0.207590
1070.000001	-119.014895	0.211709	-123.616919	0.494318	-67.910369	-0.039496	-119.904727	0.294207
1080.000001	-127.780297	-0.363195	-123.188521	0.446518	-67.375914	-0.139746	-128.903829	-0.001691
1090.000001	-117.235120	0.415552	-119.456615	0.433227	-66.870425	-0.098906	-123.558830	-0.273158
1100.000001	-123.016414	-0.498155	-128.283564	0.380690	-67.556651	-0.444063	-125.183328	0.197477
1110.000001	-125.643658	-0.001563	-121.171385	-0.040116	-71.048816	-0.430331	-127.291721	-0.175047
1120.000001	-128.831030	-0.266002	-123.427387	-0.356417	-65.905811	-0.264691	-121.767124	-0.206086
1130.000001	-136.491266	-0.202667	-127.117905	-0.008664	-63.443082	-0.101084	-129.762587	0.458286
1140.000001	-128.090804	0.444317	-123.612317	0.210932	-70.985611	0.111747	-127.474586	0.352129
1150.000001	-130.823127	-0.064541	-120.111352	-0.300453	-69.109311	0.172764	-119.660487	-0.349203
1160.000001	-126.215390	-0.400273	-132.095180	-0.460926	-73.058138	0.045190	-137.705577	0.448226
1170.000001	-128.335525	0.020523	-125.533029	0.147683	-72.628672	0.368353	-129.110151	-0.297879
1180.000001	-123.836570	-0.403784	-129.521502	0.137905	-67.320589	0.239012	-124.918864	-0.424055
1190.000001	-131.114116	0.350140	-124.401148	0.159953	-68.607306	-0.474695	-127.704845	0.136352
1200.000001	-130.545444	-0.131254	-125.508949	-0.181447	-74.561803	-0.314689	-128.413248	-0.257304
1210.000001	-135.026380	-0.118279	-127.637542	-0.420693	-75.748520	0.071410	-136.829923	0.282010
1220.000001	-130.665865	0.392693	-124.471852	-0.202053	-65.901826	0.399472	-129.140897	-0.141841
1230.000001	-127.620388	0.339292	-131.322565	0.405334	-67.707965	-0.323562	-127.960741	0.207454
1240.000001	-130.319304	-0.125733	-117.132888	0.216446	-67.609122	0.203844	-124.912171	-0.468906
1250.000001	-133.230406	-0.305330	-137.150251	0.476873	-71.223465	-0.211034	-131.545010	-0.015732
1260.000001	-122.754828	0.160708	-122.134691	0.308017	-73.756709	-0.274057	-130.336115	0.139664
1270.000001	-121.326385	0.406695	-136.062854	0.303428	-65.761740	0.076563	-131.667735	-0.476219
1280.000001	-134.562676	0.491761	-120.430387	0.058365	-75.598952	-0.145973	-126.246195	0.207083
1290.000001	-132.552480	0.117044	-117.243484	-0.117345	-97.802941	0.297740	-120.262925	0.426635
1300.000001	-131.976381	-0.268481	-118.271441	0.386959	-71.575575	0.285657	-131.676209	-0.433996
1310.000001	-120.744959	-0.089662	-126.297954	-0.492957	-67.752084	-0.382071	-126.041264	-0.084032
1320.000001	-139.650488	-0.170701	-119.016795	0.084474	-68.970820	-0.409078	-127.798160	0.161758
1330.000001	-127.657610	0.279315	-116.854120	-0.429340	-65.467719	-0.253300	-124.940278	-0.196745
1340.000001	-128.800039	-0.226955	-115.564099	0.497868	-66.869288	0.333271	-124.189745	0.185565
1350.000001	-127.021817	-0.019408	-127.922572	-0.446177	-72.529047	-0.062731	-128.044865	-0.447635
1360.000001	-126.294808	0.467226	-116.853422	0.071890	-82.603933	0.207077	-118.222512	-0.332562
1370.000001	-128.718724	-0.447092	-118.756260	-0.267939	-77.887757	0.105257	-136.360272	0.021662
1380.000001	-140.457717	0.035832	-116.932725	0.097688	-65.274334	-0.318489	-125.779734	0.362069
1390.000001	-132.242480	0.177012	-137.607326	0.360895	-76.710499	-0.345567	-128.451286	-0.290767
1400.000001	-128.813383	-0.025832	-125.667538	-0.498864	-68.073676	-0.270242	-126.321194	0.009660
1410.000001	-130.780687	-0.245578	-122.002465	-0.350565	-72.971787	0.121231	-126.398648	-0.170013
1420.000001	-131.518374	0.010255	-113.274120	-0.019787	-71.120957	0.095759	-125.211878	-0.023403
1430.000001	-122.706708	0.012987	-120.416588	0.274175	-68.194397	0.043200	-130.405697	-0.141956
1440.000001	-121.008978	-0.250122	-124.641286	0.132926	-71.091126	0.181084	-133.328211	-0.259446
1450.000001	-134.710803	0.325755	-112.865623	0.477323	-72.705616	0.258567	-133.517334	0.214281
1460.000001	-127.194094	-0.394561	-121.151458	0.289419	-68.051734	-0.188194	-129.165900	-0.133930
1470.000001	-125.644411	0.384451	-118.583369	-0.498568	-74.280734	-0.433189	-123.547280	0.472286
1480.000001	-120.547956	0.362045	-118.279136	-0.127123	-89.433196	0.445574	-130.310281	-0.414047
1490.000001	-128.717976	0.358150	-116.837983	0.454105	-66.086065	-0.157895	-120.884301	-0.115188
1500.000001	-129.820326	-0.394577	-125.285003	-0.209109	-73.017430	-0.295258	-123.157869	-0.273042
1510.000001	-131.332575	-0.453725	-116.732986	0.471165	-77.856280	-0.305125	-110.011494	0.056223
1520.000001	-116.029004	-0.364217	-118.065699	-0.465736	1.376275	0.412663	-23.669104	-0.188819
1530.000001	-121.023444	0.480282	-119.992714	0.080302	-70.701761	0.171351	-111.414694	-0.370813
1540.000001	-123.009083	-0.414221	-117.165289	-0.224114	-66.994443	0.216389	-113.832413	-0.253490
1550.000001	-125.565426	0.149955	-122.284175	-0.143390	-68.450911	-0.258192	-123.735339	-0.308331
1560.000001	-151.749056	-0.119518	-134.640584	-0.378012	-70.767496	0.188841	-124.617951	0.191703
1570.000001	-122.775290	-0.163300	-120.278111	-0.256979	-68.444125	-0.107472	-125.813576	0.158278
1580.000001	-126.525668	-0.168451	-124.765088	0.099395	-71.382004	-0.073562	-134.049221	0.250289
1590.000001	-131.998162	-0.333123	-127.314073	-0.119247	-84.370457	0.381449	-124.516247	0.247595
1600.000001	-131.082224	-0.489508	-126.079163	0.229471	-68.794750	0.406818	-131.902838	-0.074695
1610.000001	-137.208958	0.028978	-128.981015	-0.052082	-87.912668	-0.498545	-130.221788	-0.139239
1620.000001	-130.935725	-0.388518	-124.414687	0.094269	-80.199793	0.144303	-127.505864	-0.299805
1630.000001	-121.417318	-0.135211	-120.827755	-0.464887	-82.804002	0.365229	-129.114866	0.388561
1640.000001	-123.232520	-0.115668	-120.291630	0.366635	-91.305079	-0.249191	-120.956394	-0.078658
1650.000001	-125.020625	0.402827	-122.217223	-0.394585	-74.251594	-0.217492	-120.467719	-0.403969
1660.000001	-125.689287	0.044990	-126.445805	-0.258409	-69.217881	0.298818	-128.485324	0.096440
1670.000001	-121.882820	-0.184260	-125.044009	0.321555	-72.508714	0.028938	-126.098778	-0.263387
1680.000001	-132.090268	0.306603	-127.493988	-0.309507	-71.006491	0.287766	-126.088517	0.318395
1690.000001	-130.349739	-0.100340	-128.755938	0.449728	-67.757341	-0.378887	-123.601517	-0.377683
1700.000002	-131.941805	0.401981	-123.322964	0.401063	-70.213579	0.358116	-127.093970	0.465621
1710.000002	-127.967510	0.165181	-124.055148	0.066604	-71.237731	-0.337942	-131.205502	0.365624
1720.000002	-125.555172	0.248835	-124.788345	0.149118	-74.383326	0.230804	-126.627076	0.245362
1730.000002	-129.747546	0.255683	-127.535687	-0.466464	-70.581029	-0.190808	-125.095579	-0.333879
1740.000002	-133.260722	0.251098	-128.523733	-0.365977	-69.834973	0.288742	-122.146169	-0.434071
1750.000002	-133.483060	0.151995	-127.156743	0.478525	-71.146815	0.181106	-143.700320	0.392349
1760.000002	-124.536575	-0.452241	-130.359864	0.279224	-68.728404	0.020515	-127.753867	-0.213950
1770.000002	-135.747349	0.476168	-129.976575	0.365857	-68.171157	-0.028341	-136.673036	0.381447
1780.000002	-128.386388	0.490703	-121.105345	0.378822	-70.760843	-0.168713	-124.481328	-0.240388
1790.000002	-120.734824	0.008117	-124.296011	-0.044456	-78.944841	0.320859	-132.249238	-0.325310
1800.000002	-125.182078	-0.130905	-124.726860	0.063826	-70.058976	-0.147399	-121.104520	-0.002241
1810.000002	-125.032352	-0.064872	-122.091773	0.445084	-76.358306	-0.359663	-130.605124	0.243707
1820.000002	-124.146367	-0.286566	-130.601260	0.041119	-75.926267	-0.384705	-133.555315	0.252651
1830.000002	-133.246554	-0.430408	-124.399757	0.220781	-75.953858	0.383787	-129.645910	-0.050191
1840.000002	-133.059303	0.184952	-134.011098	-0.448424	-76.061729	0.208009	-122.152895	0.385264
1850.000002	-129.451173	-0.329249	-145.207627	-0.490108	-76.954134	-0.106366	-123.589548	0.118430
1860.000002	-124.431955	-0.324895	-138.106911	0.240013	-76.306156	0.250967	-125.834714	-0.116990
1870.000002	-130.570612	-0.201944	-136.074650	-0.300499	-69.661659	-0.150246	-131.865100	-0.128656
1880.000002	-131.104840	0.319104	-121.008283	0.498748	-86.312008	-0.486814	-122.121379	0.054874
1890.000002	-127.662836	-0.466840	-137.411176	0.210502	-76.887773	-0.020813	-122.134510	-0.230900
1900.000002	-125.537024	-0.030695	-132.432002	-0.003461	-81.528218	0.415402	-123.539242	-0.478504
1910.000002	-135.481785	0.444691	-120.270182	-0.474826	-77.267703	0.456728	-132.140049	-0.338408
1920.000002	-132.005236	-0.448844	-132.592912	0.149154	-73.377922	-0.442967	-131.473869	-0.026108
1930.000002	-130.804279	-0.172072	-131.702250	-0.437505	-101.382384	-0.342446	-122.881981	-0.217210
1940.000002	-127.922775	-0.000950	-129.189496	-0.208525	-83.831415	0.052870	-123.925787	-0.417708
1950.000002	-124.519224	0.369983	-119.969872	0.451693	-72.442776	-0.052569	-131.919996	-0.339418
1960.000002	-122.663825	-0.242513	-129.643935	0.482180	-74.320344	0.345543	-124.844467	-0.463802
1970.000002	-128.930179	-0.034663	-124.787306	0.215709	-74.582201	-0.495417	-129.824879	-0.498486
1980.000002	-132.474285	-0.170683	-123.654427	0.210412	-70.763723	-0.219204	-132.377648	-0.453878
1990.000002	-125.075618	-0.041552	-123.634526	-0.108119	-71.601707	-0.446258	-131.491482	-0.227015
2000.000002	-120.842879	0.239524	-131.496071	-0.084787	-73.006975	0.331668	-135.165894	0.119028
2010.000002	-124.706085	-0.250231	-120.248725	0.080951	-73.116478	-0.417901	-129.617788	0.169754
2020.000002	-122.549012	0.147829	-126.888978	0.061442	-72.536499	0.199068	-121.649701	-0.039651
2030.000002	-136.302368	-0.248447	-124.300731	-0.278111	-69.799726	0.007680	-131.388841	0.058168
2040.000002	-120.817881	-0.205097	-131.414034	-0.202012	-78.897843	0.446306	-122.512102	0.390210
2050.000002	-132.398004	0.281110	-124.633343	-0.272563	-79.123451	0.062280	-119.113843	-0.484376
2060.000002	-130.503940	0.023912	-132.983509	0.181480	-72.031358	0.105547	-126.361064	0.051970
2070.000002	-124.722185	0.341992	-120.418207	-0.063788	-71.410351	-0.212558	-123.503533	0.197311
2080.000002	-141.129935	0.113115	-125.306574	-0.085228	-77.719982	-0.052943	-123.321421	-0.251401
2090.000002	-126.658648	-0.085947	-133.297532	0.493595	-74.377376	0.135494	-125.072832	-0.134317
2100.000002	-128.137965	-0.141398	-126.457499	-0.347917	-78.873405	0.075486	-125.991691	-0.180119
2110.000002	-129.582607	-0.068222	-124.376474	0.006808	-77.615493	-0.441777	-136.837868	-0.375046
2120.000002	-129.669910	-0.038496	-127.080748	-0.137060	-72.422268	-0.125037	-121.337195	-0.167760
2130.000002	-122.556883	-0.207629	-117.636324	-0.252342	-71.686640	-0.323173	-136.705663	0.452738
2140.000002	-123.094463	0.436273	-124.555998	-0.285969	-74.773140	-0.172450	-122.597777	-0.110644
2150.000002	-124.444852	-0.109955	-121.960187	-0.063160	-76.782207	-0.033542	-121.917953	0.194105
2160.000002	-126.104681	-0.348656	-127.071913	-0.443571	-74.702510	0.195844	-128.970116	-0.082044
2170.000002	-123.024273	-0.001707	-123.156408	-0.241200	-76.319830	0.436054	-122.057870	-0.365539
2180.000002	-136.123450	-0.384755	-125.655183	-0.088500	-71.880772	-0.290532	-130.349048	-0.119508
2190.000002	-125.375570	-0.160084	-119.508462	0.436925	-70.039301	0.214779	-127.164736	0.058887
2200.000002	-127.774093	-0.049060	-141.800753	-0.208087	-69.507949	0.258667	-125.246456	-0.072705
2210.000002	-128.862955	-0.281006	-127.160489	0.405952	-69.786779	0.328112	-126.885582	-0.480643
2220.000002	-124.114754	-0.202159	-120.744249	-0.179193	-68.523501	0.095670	-132.473970	0.023778
2230.000002	-124.429954	0.107455	-124.734804	0.114551	-74.114541	0.224723	-124.456834	-0.320951
2240.000002	-124.119491	0.294300	-127.526807	0.387372	-73.058803	0.144108	-123.821068	0.270615
2250.000002	-124.812631	0.008620	-129.537527	-0.266657	-77.115515	-0.242560	-132.571404	0.135169
2260.000002	-128.281264	-0.264177	-120.144189	-0.304556	-78.646155	-0.309003	-123.455548	-0.199694
2270.000002	-130.976560	0.064530	-130.590861	-0.199005	-78.075489	0.267206	-130.312055	0.032644
2280.000002	-123.731367	0.423826	-122.559195	0.236720	-74.988028	-0.318342	-125.174344	-0.303286
2290.000002	-126.518172	0.003040	-132.034506	-0.429351	-74.111362	-0.153700	-122.042523	-0.163681
2300.000002	-128.384692	-0.286379	-129.253182	-0.278170	-71.153610	0.377305	-126.766271	-0.130987
2310.000002	-130.098937	0.095038	-127.171088	-0.374644	-70.561370	0.234147	-120.185657	0.103764
2320.000002	-136.740955	0.060133	-127.859751	-0.384258	-78.573673	0.230662	-130.819738	-0.103479
2330.000002	-118.310820	-0.161445	-140.240772	-0.390403	-75.466069	0.328517	-119.718754	-0.485433
2340.000002	-131.374120	0.369322	-124.144157	0.164595	-74.679302	0.206366	-128.917158	0.089151
2350.000002	-129.062661	-0.429689	-128.601529	0.229333	-80.957402	-0.485767	-128.466194	-0.307791
2360.000002	-135.958223	0.025540	-124.576176	0.379849	-84.913658	-0.326778	-125.805658	-0.083070
2370.000002	-128.499177	-0.345912	-120.727839	0.055619	-90.826173	0.357360	-131.284121	-0.420751
2380.000002	-121.171631	-0.379044	-147.681625	0.097137	-74.106659	-0.375063	-123.412480	0.132353
2390.000002	-147.899493	-0.098551	-121.966242	0.167636	-77.794463	-0.463433	-123.488221	-0.367279
2400.000002	-126.325072	0.400539	-125.649154	-0.030751	-75.494313	-0.081449	-134.038890	0.323244
2410.000002	-126.364289	0.390925	-132.802794	-0.313887	-75.251052	-0.173802	-129.893416	0.198754
2420.000002	-125.031804	-0.468441	-123.501106	0.497278	-72.126273	-0.305164	-125.834874	0.369346
2430.000002	-128.198363	0.210101	-127.215315	-0.376475	-77.349510	0.375069	-121.579154	0.415405
2440.000002	-124.682627	-0.274926	-135.225422	0.043889	-75.609029	-0.202264	-127.489652	-0.221614
2450.000002	-128.203945	-0.175537	-145.881445	0.299509	-72.545391	0.455952	-125.869108	-0.288532
2460.000002	-134.659676	0.272985	-123.174316	-0.027165	-77.720270	0.382638	-127.381853	-0.242380
2470.000002	-123.296130	0.045645	-125.760801	-0.385947	-69.634396	-0.121625	-136.688705	0.313187
2480.000002	-132.784116	-0.112542	-125.851297	-0.364274	-78.784901	-0.158415	-128.376370	-0.086149
2490.000002	-127.760689	0.298060	-141.372963	0.104600	-78.762224	0.109276	-125.833566	-0.484300
2500.000002	-125.310111	-0.254525	-129.121826	0.371365	-73.117025	-0.209920	-133.873823	0.367999
2510.000002	-128.783986	0.000227	-129.640969	0.321643	-86.457146	0.062158	-119.969089	0.090617
2520.000002	-132.483246	-0.105772	-126.436970	0.167921	-71.311126	0.220274	-121.119516	0.457537
2530.000002	-130.941317	-0.247396	-135.281878	-0.095994	-75.100491	0.139223	-128.361245	-0.102245
2540.000002	-127.877596	0.452941	-121.669239	-0.362926	-70.728412	-0.346366	-122.966877	0.098396
2550.000002	-120.536379	0.200394	-127.764179	-0.473716	-92.964567	-0.311386	-134.547474	0.244927
2560.000002	-126.280708	0.244529	-125.351132	-0.243709	-84.094858	0.081580	-132.881825	-0.180901
2570.000002	-121.972049	-0.491918	-144.227473	0.448764	-95.011063	0.321607	-125.592833	0.315684
2580.000002	-146.197430	-0.441112	-145.029696	-0.497766	-74.692525	-0.041254	-135.585512	0.094362
2590.000002	-127.701446	0.452006	-130.350498	0.055351	-89.972615	0.218019	-133.020403	0.248068
2600.000002	-129.899931	-0.014669	-120.842946	0.140607	-80.117121	-0.039547	-126.175734	-0.048276
2610.000002	-127.258473	-0.153899	-125.957690	0.074811	-79.948143	0.042406	-129.186303	-0.055047
2620.000002	-124.243698	0.402365	-127.526969	0.056213	-94.127297	-0.256164	-126.732811	0.329718
2630.000002	-131.503917	-0.238778	-124.751970	0.473043	-89.366581	-0.177199	-132.012018	0.391346
2640.000002	-140.086128	0.357017	-120.897844	0.337220	-74.807640	-0.329766	-116.685823	-0.251082
2650.000002	-128.384001	0.049609	-128.343807	-0.492144	-75.001518	-0.038473	-134.295345	-0.344731
2660.000002	-132.707479	0.161099	-128.133825	0.352538	-91.945407	0.000671	-117.996709	-0.039458
2670.000002	-127.888037	-0.276882	-125.977995	0.007381	-70.878139	-0.030846	-138.417999	-0.327554
2680.000002	-127.591415	0.268915	-124.989089	0.237776	-82.484870	0.154508	-129.506107	0.439952
2690.000002	-123.768951	0.129864	-129.109669	0.219860	-87.100110	-0.151261	-123.889763	0.281613
2700.000002	-125.248580	-0.385719	-125.316321	-0.077059	-70.758372	-0.261208	-129.155339	0.401212
2710.000002	-132.356612	-0.001466	-123.483557	-0.063827	-103.768764	-0.168098	-144.108807	0.024261
2720.000002	-124.058748	-0.384084	-132.842319	-0.116823	-67.328607	-0.306502	-122.803878	-0.427035
2730.000002	-127.576625	-0.009262	-130.055417	-0.433268	-82.326090	0.118897	-129.603950	-0.387503
2740.000002	-123.212317	0.021712	-130.685054	-0.007193	-79.136718	0.004944	-121.532429	-0.363369
2750.000002	-130.944766	0.370633	-140.724408	0.369238	-72.382978	0.034331	-133.902301	-0.056316
2760.000002	-125.271765	-0.231928	-131.199060	0.398207	-74.304757	0.366367	-129.678428	-0.138452
2770.000002	-120.810360	-0.296052	-124.841501	-0.417759	-69.385629	-0.021387	-130.035162	0.018768
2780.000002	-124.420642	0.053690	-123.335218	-0.483139	-86.064185	-0.063665	-139.411536	0.490636
2790.000002	-127.384459	0.133725	-124.821492	-0.163912	-71.679515	-0.321102	-128.419627	-0.402403
2800.000002	-130.078392	0.349467	-128.688839	-0.152360	-79.338192	0.322336	-137.486350	0.155827
2810.000002	-134.833233	-0.449851	-119.638584	0.104937	-73.604021	0.094001	-124.526614	0.017374
2820.000002	-130.345506	0.168580	-129.191606	0.089249	-75.852852	-0.310461	-123.720204	-0.125927
2830.000003	-132.862699	0.427268	-119.095185	-0.488155	-76.390274	-0.177482	-120.477486	0.493598
2840.000003	-126.297637	0.292128	-129.356657	-0.161339	-79.549051	-0.023282	-121.356474	0.261887
2850.000003	-131.243606	-0.204078	-129.510734	0.329320	-80.500159	-0.098396	-135.158547	0.464824
2860.000003	-136.488197	0.215287	-134.061264	-0.014761	-81.460704	0.176666	-124.758585	-0.267363
2870.000003	-130.264976	-0.231283	-124.680311	-0.389402	-76.411831	-0.469019	-126.316694	-0.225360
2880.000003	-126.349377	-0.074899	-132.176910	-0.477750	-87.680141	0.273706	-125.152983	0.097027
2890.000003	-138.976418	0.320272	-128.439981	0.104878	-80.663606	-0.112417	-122.204738	0.369437
2900.000003	-126.836346	-0.052314	-125.316800	-0.086929	-68.947541	-0.475370	-124.777037	-0.303832
2910.000003	-130.459816	-0.199295	-124.336005	-0.414930	-80.377588	0.203191	-137.147684	0.069816
2920.000003	-139.072253	-0.066823	-125.249648	0.244358	-70.912070	0.278525	-126.612546	-0.285370
2930.000003	-127.493716	-0.291947	-134.276021	0.326455	-79.531659	-0.332573	-139.228233	-0.230295
2940.000003	-130.035213	-0.402961	-122.342213	0.482905	-70.540282	-0.302447	-127.678088	0.369059
2950.000003	-122.594894	-0.412449	-125.113246	0.433654	-76.072391	-0.095935	-144.402041	0.131730
2960.000003	-122.858217	-0.407017	-129.913938	0.332610	-89.012327	0.128980	-124.817042	0.215227
2970.000003	-127.502386	-0.330996	-127.287783	-0.044276	-76.654928	-0.247514	-130.667101	0.389015
2980.000003	-126.582206	-0.070329	-123.360222	0.073885	-74.414971	0.110472	-125.400762	0.230817
2990.000003	-134.732665	0.012189	-124.063336	0.377229	-73.393354	-0.297581	-127.617662	0.158736
3000.000003	-123.771481	-0.337768	-130.367226	0.378898	-92.453591	-0.019548	-123.949159	-0.002518
3010.000003	-123.901170	-0.324446	-130.675941	-0.449262	-81.530816	-0.448635	-123.737970	0.293364
3020.000003	-123.822147	0.476146	-120.114740	0.449314	-77.628419	0.131665	-127.571568	-0.106082
3030.000003	-138.912624	-0.035407	-123.159238	-0.379145	-82.309888	0.487899	-128.021788	-0.313948
3040.000003	-118.645573	-0.436565	-128.811074	0.473601	-71.134807	-0.270682	-89.622601	-0.377774
3050.000003	-123.285338	0.176472	-127.838110	0.074296	-79.186991	0.419855	-126.216556	0.336172
3060.000003	-128.524932	0.211640	-132.837785	0.343369	-80.168447	0.464856	-135.749375	-0.412946
3070.000003	-127.510157	-0.017338	-119.276419	0.198243	-73.450115	0.448771	-126.664170	0.353348
3080.000003	-123.727489	-0.312338	-125.301916	-0.353879	-85.623775	0.180210	-123.784543	-0.078905
3090.000003	-122.488182	0.065169	-126.804701	-0.450276	-70.826276	0.365618	-121.489192	-0.184588
3100.000003	-126.432292	-0.364330	-128.337903	0.156139	-74.242174	0.095832	-133.757759	0.480870
3110.000003	-122.675977	0.129833	-136.386607	0.182554	-73.263947	-0.120582	-142.228592	0.087862
3120.000003	-126.447697	0.259005	-126.156849	-0.193635	-75.575375	0.231566	-132.435991	0.422325
3130.000003	-127.534470	-0.388183	-131.019843	-0.448363	-74.166782	0.439074	-124.906664	0.435897
3140.000003	-120.213201	0.098149	-128.246835	0.315426	-78.551047	-0.196681	-125.778710	-0.476113
3150.000003	-135.276230	0.146614	-123.548766	-0.370426	-80.191575	-0.146549	-119.846537	-0.315043
3160.000003	-124.702772	-0.018944	-128.210609	0.078394	-78.225630	-0.209889	-120.934842	-0.058146
3170.000003	-127.794693	-0.170781	-121.482318	-0.277892	-73.308033	-0.242379	-124.029073	-0.257054
3180.000003	-126.844196	0.098838	-128.526629	-0.371251	-77.345867	-0.396352	-122.707141	-0.240479
3190.000003	-141.941104	0.349518	-126.460445	0.385697	-76.370778	0.260238	-135.992580	0.189862
3200.000003	-133.627863	0.040255	-125.777215	0.236808	-74.954324	-0.389893	-125.151521	-0.261206
3210.000003	-125.911516	0.231706	-122.690581	0.183516	-77.804432	0.181588	-126.567421	-0.243852
3220.000003	-122.369582	-0.364460	-129.634380	-0.146759	-82.091761	0.397142	-125.022770	0.146367
3230.000003	-129.805553	-0.245076	-121.607124	-0.014231	-77.230436	-0.334419	-124.231345	0.005273
3240.000003	-128.436919	-0.287642	-133.920529	0.057253	-77.556228	0.025513	-124.484734	-0.114421
3250.000003	-126.099816	-0.343726	-120.909865	-0.120461	-77.970346	-0.160596	-126.070153	-0.335536
3260.000003	-128.123567	-0.213493	-127.420257	0.125603	-96.797852	-0.224415	-121.203940	0.083665
3270.000003	-120.223636	-0.487684	-127.617304	0.179086	-77.216121	0.179375	-149.339658	-0.003193
3280.000003	-124.581617	-0.194564	-124.691441	0.453566	-84.934215	-0.117782	-128.376310	0.235428
3290.000003	-121.623531	-0.273105	-126.102109	-0.418129	-79.898152	0.079178	-128.551053	0.357907
3300.000003	-123.585257	-0.303452	-137.246352	0.116545	-82.136093	0.458494	-128.189194	0.363077
3310.000003	-123.097054	-0.197461	-129.403858	-0.460599	-77.440568	0.307122	-130.890982	-0.467925
3320.000003	-127.893762	0.012214	-130.421731	0.049628	-87.308802	0.025198	-129.101522	0.212971
3330.000003	-122.493849	-0.204246	-122.282847	0.152784	-73.741047	-0.189873	-128.658263	0.393021
3340.000003	-123.176838	-0.398655	-128.104929	-0.253063	-77.967357	0.115032	-120.659799	-0.251430
3350.000003	-128.231097	0.387914	-126.823080	0.145842	-78.070914	0.262397	-124.143082	0.488591
3360.000003	-123.136296	0.102027	-139.174411	0.467070	-76.237123	0.495323	-128.028295	0.493926
3370.000003	-122.750996	0.208029	-131.734735	0.027922	-77.870359	-0.199891	-142.440698	-0.055207
3380.000003	-128.106907	0.334277	-129.276973	-0.033905	-74.315906	-0.453830	-120.131834	-0.025383
3390.000003	-128.455329	0.217265	-121.264707	-0.149286	-72.658523	0.186340	-126.769610	-0.107118
3400.000003	-126.104957	-0.205039	-127.452071	0.130284	-79.658073	-0.097930	-129.925039	-0.044160
3410.000003	-127.770682	-0.218611	-132.013129	0.302485	-85.225299	0.150704	-132.351444	0.193982
3420.000003	-131.056501	0.341459	-132.267402	0.113579	-78.858617	0.403055	-127.406212	-0.361998
3430.000003	-124.980913	-0.223669	-124.340042	0.048429	-80.185208	-0.104229	-135.648178	0.348893
3440.000003	-131.296083	0.135026	-133.090514	-0.379132	-77.378001	-0.069093	-115.391125	-0.115854
3450.000003	-126.447324	-0.364359	-122.702072	0.393849	-81.767228	-0.011661	-139.380386	0.028967
3460.000003	-130.858263	-0.443422	-126.323629	-0.345229	-81.271293	0.407599	-146.434499	0.368130
3470.000003	-124.117465	-0.359998	-130.155909	-0.300029	-92.274101	0.175807	-128.426767	-0.189053
3480.000003	-121.926323	0.273498	-136.135124	0.288487	-80.189491	-0.426702	-124.629546	0.267231
3490.000003	-126.824255	-0.141819	-133.493200	0.489024	-71.104275	-0.111881	-138.917462	-0.438178
3500.000003	-145.631842	-0.394683	-125.539347	0.208924	-88.082451	-0.176178	-140.091532	0.131153
3510.000003	-125.078352	-0.095242	-127.772488	0.319462	-79.621640	-0.300198	-120.144910	0.017231
3520.000003	-122.429809	-0.389868	-120.484973	0.438093	-85.141956	-0.476881	-122.886750	-0.388343
3530.000003	-133.038419	-0.315595	-132.680726	-0.006613	-77.827186	-0.219181	-125.801870	-0.211607
3540.000003	-126.116897	0.412151	-127.165673	-0.313635	-72.316536	-0.425347	-124.372147	-0.028935
3550.000003	-128.403648	-0.301293	-123.756132	0.277434	-85.165331	-0.058343	-117.711844	0.054502
3560.000003	-120.120697	0.295677	-129.331981	0.178074	-75.178441	0.020918	-128.252098	-0.306241
3570.000003	-135.928455	0.335681	-124.572043	0.472326	-83.720236	0.122453	-129.625798	-0.210958
3580.000003	-124.765087	-0.166485	-130.111089	-0.294163	-83.015419	-0.498353	-133.093836	0.059252
3590.000003	-126.311082	-0.322623	-129.021768	0.477725	-77.087570	0.415306	-131.784381	0.165110
3600.000003	-121.961895	-0.362568	-124.464394	-0.223004	-72.962915	-0.388862	-123.461843	0.149721
3610.000003	-124.052425	-0.200620	-127.306419	0.349294	-81.349691	0.065255	-128.451650	-0.327681
3620.000003	-132.426001	0.035981	-119.483261	-0.242597	-73.079856	0.497594	-122.863003	0.450233
3630.000003	-122.324949	-0.096522	-125.231064	0.250094	-78.589832	-0.479756	-121.436492	-0.054594
3640.000003	-133.565795	0.413032	-125.889727	-0.180649	-79.712774	-0.056346	-126.898758	-0.455642
3650.000003	-123.546013	0.106520	-120.497400	-0.319298	-79.456645	0.353459	-128.662952	-0.218883
3660.000003	-140.196462	0.093835	-123.262633	-0.050398	-74.759881	-0.414703	-131.582068	-0.045077
3670.000003	-132.423018	0.324955	-128.139887	-0.060904	-79.959314	0.139533	-123.322400	-0.233166
3680.000003	-133.599560	-0.183580	-122.930138	0.226813	-83.849769	-0.390011	-127.939573	0.375125
3690.000003	-131.607963	0.379885	-129.328212	0.229593	-83.163644	0.401007	-122.031268	0.298657
3700.000003	-128.697576	-0.067375	-123.569943	0.081099	-81.897599	0.463039	-131.854736	-0.232732
3710.000003	-144.638697	0.057890	-133.021006	0.476346	-77.016228	0.101344	-128.120497	-0.416113
3720.000003	-125.542176	0.462390	-141.405591	-0.018113	-79.617117	-0.302636	-123.723391	-0.365031
3730.000003	-127.726226	-0.249717	-125.262714	0.369161	-73.422172	-0.487599	-131.036158	0.419642
3740.000003	-132.182241	0.344969	-125.017600	0.242178	-76.577406	0.317293	-128.783100	0.090400
3750.000003	-118.474723	0.422231	-126.465433	0.472660	-73.634519	-0.021462	-136.422514	-0.115431
3760.000003	-122.743323	0.207414	-123.664101	-0.264365	-80.962897	0.249938	-125.435947	-0.271240
3770.000003	-127.698863	0.010629	-127.911017	0.283613	-80.402482	0.029571	-135.094118	-0.369435
3780.000003	-142.707491	0.459752	-133.192616	0.329647	-75.368841	-0.376997	-135.468868	0.469382
3790.000003	-139.093711	0.114965	-124.954175	0.038448	-76.496379	-0.119406	-117.057687	-0.044962
3800.000003	-119.604870	0.219436	-132.067221	0.221663	-80.141084	-0.032638	-126.591127	0.296655
3810.000003	-124.438463	0.036817	-128.191923	-0.385832	-86.103200	-0.142554	-122.890507	0.121687
3820.000003	-122.056306	0.401535	-139.695348	0.292795	-78.242357	-0.071751	-121.275776	0.232277
3830.000003	-122.156482	-0.195706	-125.144775	0.121695	-89.761556	0.420557	-123.992723	0.290420
3840.000003	-125.445428	0.131317	-124.617327	0.035761	-83.421195	0.483369	-123.349490	0.103778
3850.000003	-121.430437	0.220229	-125.769807	-0.305277	-78.361085	0.335811	-135.474812	0.074446
3860.000003	-130.763679	-0.123974	-134.976893	-0.095056	-80.093988	-0.159139	-150.282139	0.472213
3870.000003	-130.183858	0.108124	-128.650753	-0.264381	-76.562487	-0.473035	-138.860279	-0.481023
3880.000003	-120.231584	0.184669	-126.766490	-0.167891	-76.199840	-0.051473	-124.202644	0.173313
3890.000003	-127.875279	-0.215101	-126.326793	-0.261964	-81.541014	-0.093833	-134.643449	0.027210
3900.000003	-128.496270	0.185661	-122.522295	0.323886	-79.189459	-0.380158	-126.601822	0.320279
3910.000003	-127.180620	0.440620	-131.738347	-0.389112	-73.661607	0.175103	-145.420411	0.024083
3920.000003	-131.002272	0.006079	-130.488716	0.487374	-80.457450	-0.262436	-132.515377	-0.370045
3930.000003	-122.219269	0.323733	-124.577928	0.063837	-78.504014	0.474103	-124.735457	-0.340851
3940.000003	-131.779927	0.097214	-133.158727	0.316842	-83.738463	-0.248409	-126.281208	-0.196547
3950.000003	-128.356727	-0.370774	-122.846425	-0.431203	-95.747755	0.383725	-118.987638	0.444856
3960.000004	-127.075799	-0.333977	-129.577108	0.186380	-74.220282	0.151843	-131.042398	-0.330271
3970.000004	-125.037446	-0.328132	-124.176664	-0.006619	-78.457715	0.018582	-137.449082	-0.304388
3980.000004	-124.979621	-0.207833	-131.000511	-0.267673	-73.731325	0.179015	-126.680943	-0.329116
3990.000004	-127.418483	0.021564	-135.177261	0.129294	-85.520031	0.499902	-117.484966	0.086069
4000.000004	-123.807338	0.445846	-126.996890	-0.245702	-91.583459	0.196725	-107.205348	-0.059433
4010.000004	-125.720752	-0.370735	-132.480220	-0.265879	-86.079995	-0.313983	-123.262408	-0.293500
4020.000004	-120.230804	-0.279130	-119.370894	0.138186	-83.834481	-0.208271	-127.174373	-0.122541
4030.000004	-125.646568	-0.175651	-123.350735	0.223126	-80.436954	0.324445	-122.157978	0.236320
4040.000004	-129.010426	-0.108632	-119.257052	-0.415129	-72.937871	0.294529	-125.388411	-0.021982
4050.000004	-119.929191	0.394280	-131.866049	-0.467155	-78.118209	0.401989	-117.818024	-0.374604
4060.000004	-124.952127	-0.054637	-123.582995	-0.441068	-74.325808	0.324437	-121.761325	-0.023481
4070.000004	-126.080751	0.277324	-128.627277	0.188274	-87.314513	-0.384017	-128.540760	0.126938
4080.000004	-137.006463	-0.317703	-122.641373	0.418397	-77.667725	-0.287344	-126.755719	0.352018
4090.000004	-136.423219	-0.461494	-124.880170	0.248163	-74.437645	0.026020	-125.744577	-0.065012
4100.000004	-123.088390	0.315358	-120.490647	0.157201	-73.123523	-0.082658	-133.963213	0.177904
4110.000004	-131.272316	0.443023	-121.064315	-0.328632	-91.124911	-0.360253	-129.984292	-0.043955
4120.000004	-125.105201	0.151114	-123.732505	-0.065248	-80.040509	-0.002269	-124.525600	-0.083358
4130.000004	-128.763999	-0.066856	-118.756483	-0.435958	-80.305507	-0.297190	-126.955532	0.204268
4140.000004	-128.131463	0.365488	-131.078730	-0.162247	-97.305397	0.499378	-127.183521	0.210837
4150.000004	-123.883445	-0.245168	-128.651452	-0.304535	-78.071418	-0.238190	-126.655395	-0.153806
4160.000004	-126.310514	-0.143358	-123.424430	0.393018	-82.238884	-0.405883	-121.708792	0.125656
4170.000004	-119.563923	-0.153195	-122.400293	0.043368	-78.545758	-0.226017	-122.327881	0.104599
4180.000004	-129.375058	0.386747	-121.395784	-0.456022	-81.726340	0.024044	-132.543622	0.191017
4190.000004	-121.859829	0.072053	-133.792645	-0.416525	-90.194235	0.460313	-126.680434	0.297604
4200.000004	-141.645314	-0.302049	-124.668088	-0.205498	-79.836911	-0.088394	-131.624178	-0.008798
4210.000004	-123.156055	-0.393364	-143.204294	-0.434633	-87.946295	0.426309	-129.420837	-0.015514
4220.000004	-129.280635	-0.235952	-132.056418	-0.059876	-78.871262	-0.428880	-128.279565	0.276211
4230.000004	-119.759375	0.267418	-130.144781	0.109232	-90.108985	-0.354369	-128.934602	0.462641
4240.000004	-123.623552	-0.281640	-130.356734	-0.221923	-74.965447	-0.024079	-124.276561	-0.024392
4250.000004	-126.487937	-0.371345	-126.000168	-0.446371	-80.169965	-0.317848	-140.821702	-0.140784
4260.000004	-135.549105	0.229475	-122.854533	0.109188	-76.195986	-0.343215	-130.181646	0.445751
4270.000004	-131.470314	-0.415421	-127.426669	0.362960	-82.605654	0.491666	-130.873572	-0.488132
4280.000004	-120.733598	0.293410	-125.280109	0.128110	-74.054757	0.282599	-126.200903	-0.186546
4290.000004	-121.798969	0.073908	-127.254897	-0.098430	-79.920759	0.017264	-127.647333	-0.275732
4300.000004	-123.373377	0.432078	-128.746335	0.178619	-74.942768	0.452133	-128.537193	0.432952
4310.000004	-128.007690	-0.108670	-133.818313	-0.220774	-76.078265	-0.356841	-125.434763	0.380205
4320.000004	-138.848798	-0.324555	-127.800779	-0.461185	-78.510480	0.430947	-127.100759	0.425337
4330.000004	-131.924157	0.183925	-129.296298	-0.198836	-87.179867	-0.382452	-129.547419	0.298001
4340.000004	-125.001183	-0.362435	-127.459305	0.350096	-78.591635	0.361587	-119.776775	0.110812
4350.000004	-119.417222	0.170977	-136.190191	0.218935	-89.700737	-0.152838	-142.143932	-0.442028
4360.000004	-125.325210	0.082509	-122.621184	0.253390	-95.687305	0.149721	-129.593381	0.124565
4370.000004	-124.633926	0.265349	-131.509412	0.452245	-89.358792	-0.311929	-135.341504	0.331535
4380.000004	-121.881769	-0.399133	-133.728389	0.385685	-74.924705	0.076046	-133.555505	0.307397
4390.000004	-137.528605	0.081704	-129.467589	-0.300430	-94.353740	-0.451574	-125.295898	-0.396647
4400.000004	-125.982903	-0.085981	-133.990041	-0.325812	-85.005652	-0.016045	-131.706083	0.489139
4410.000004	-126.641369	-0.481637	-122.413629	-0.076968	-76.430628	-0.368858	-120.479253	-0.001166
4420.000004	-137.462795	0.001262	-125.349645	0.104362	-93.796071	0.370686	-128.570548	-0.212293
4430.000004	-123.037318	0.054544	-126.001629	-0.091550	-81.457882	0.399076	-123.895178	0.323171
4440.000004	-137.534382	-0.217021	-127.675192	0.416556	-82.577185	0.178818	-128.099185	0.285867
4450.000004	-134.459067	-0.162583	-121.447893	-0.399542	-75.457459	-0.065881	-128.168029	0.236052
4460.000004	-133.640113	-0.246216	-123.200892	-0.052842	-79.330853	-0.015333	-131.874844	-0.241294
4470.000004	-122.179267	-0.435151	-122.546342	-0.287799	-79.270022	-0.126682	-128.888969	-0.367256
4480.000004	-123.825695	-0.293111	-136.305585	-0.407814	-88.885390	0.280265	-130.488644	0.206238
4490.000004	-119.982003	0.463136	-136.972214	-0.242346	-82.938279	-0.143762	-127.142851	0.460427
4500.000004	-130.552542	-0.107435	-126.182230	-0.215530	-76.476212	0.283755	-123.873767	0.291036
4510.000004	-126.465151	-0.201950	-130.153687	0.155144	-89.757265	-0.479184	-129.751140	0.395977
4520.000004	-123.561355	0.065838	-134.528847	-0.173254	-82.841504	-0.475564	-137.745932	0.115698
4530.000004	-121.818786	-0.182028	-130.893142	-0.004586	-89.833895	-0.197712	-124.475357	-0.243636
4540.000004	-126.386883	-0.194474	-125.759560	-0.074858	-76.134163	0.122847	-124.616036	-0.472861
4550.000004	-127.140881	0.463022	-122.747338	-0.249385	-76.762919	0.275229	-125.897314	0.009136
4560.000004	-125.771972	-0.360316	-124.053092	0.175663	-57.809096	0.236484	-86.246074	-0.259902
4570.000004	-125.363601	-0.300449	-123.662277	-0.491875	-70.505047	0.121281	-126.265863	-0.264065
4580.000004	-123.397616	-0.084436	-128.792627	0.090550	-83.355894	0.369690	-140.191249	-0.128862
4590.000004	-134.226664	0.418369	-135.171760	0.236595	-84.763408	0.275424	-121.765127	0.197690
4600.000004	-124.551611	-0.242215	-125.791783	-0.145330	-78.838219	-0.284464	-126.175442	0.005607
4610.000004	-124.362979	0.114493	-137.204569	0.259474	-75.060414	0.042265	-129.349152	0.480038
4620.000004	-127.692237	-0.256979	-141.862870	0.245031	-84.237891	0.390192	-129.718256	-0.276863
4630.000004	-124.502914	-0.211037	-132.489148	-0.499459	-88.295461	0.215804	-124.770882	0.463808
4640.000004	-130.288079	0.057317	-123.356791	-0.078191	-77.751474	-0.004252	-129.646946	-0.324136
4650.000004	-122.649394	-0.466093	-124.507285	0.215776	-87.040942	0.217211	-128.739704	0.182487
4660.000004	-119.629361	0.375378	-125.901562	0.418428	-77.844130	-0.098295	-132.312700	0.312809
4670.000004	-126.425292	0.404598	-128.788899	0.189478	-77.162268	0.436906	-135.259363	-0.225940
4680.000004	-127.419387	0.009257	-136.780617	0.343384	-82.147087	0.409433	-140.603111	-0.029839
4690.000004	-126.596722	0.292373	-121.167621	0.231419	-78.738597	0.274602	-125.872413	0.113860
4700.000004	-117.769843	0.146776	-122.079210	0.302160	-75.632306	-0.047920	-128.251076	-0.208209
4710.000004	-122.694766	0.314912	-127.095546	0.281132	-81.722804	-0.117056	-132.015297	0.058404
4720.000004	-130.091796	-0.208274	-128.414165	-0.252142	-78.005561	0.260393	-122.438670	0.099828
4730.000004	-136.601924	-0.456338	-127.423293	0.367300	-82.490455	-0.337474	-131.054995	-0.123228
4740.000004	-136.318891	-0.468570	-131.112763	0.056988	-76.684484	-0.462383	-134.301458	-0.436611
4750.000004	-128.864957	0.177490	-131.029911	-0.315159	-77.767570	0.481325	-131.757075	0.274134
4760.000004	-123.968172	-0.280243	-131.700169	0.012422	-81.909168	-0.090518	-139.227168	0.171773
4770.000004	-132.617838	-0.190422	-139.317395	-0.309684	-82.411114	-0.109970	-131.198144	0.373276
4780.000004	-145.504462	0.412399	-124.413336	-0.301791	-84.013095	0.486121	-123.723464	-0.295390
4790.000004	-135.684058	0.425979	-129.029190	-0.280514	-86.158535	0.400650	-127.642878	0.167848
4800.000004	-134.690715	-0.075127	-126.523745	-0.445730	-83.004068	0.278177	-126.929231	-0.352327
4810.000004	-125.145966	0.465156	-128.139900	-0.068422	-88.168373	0.090151	-125.655061	-0.492327
4820.000004	-126.360962	0.484338	-120.665263	-0.379264	-77.022843	0.330273	-119.234232	0.407551
4830.000004	-135.498844	0.134126	-119.015198	-0.014891	-81.454764	-0.035005	-132.970202	0.332165
4840.000004	-134.063993	-0.258925	-122.793799	-0.421752	-83.341929	0.305021	-129.466916	-0.454515
4850.000004	-126.229548	-0.484449	-131.907711	0.316076	-80.398107	0.420595	-138.032968	0.033291
4860.000004	-133.285826	0.353959	-123.792203	0.054896	-98.426993	-0.456059	-125.184247	-0.484665
4870.000004	-132.220591	0.177740	-130.838769	-0.045351	-86.733484	0.123561	-120.369689	-0.435168
4880.000004	-127.233383	0.040027	-128.918015	-0.174269	-87.421246	0.226623	-132.564160	0.072590
4890.000004	-136.769710	0.034222	-125.598716	-0.145517	-98.935497	0.185409	-129.803092	0.133517
4900.000004	-136.908456	-0.204132	-125.484949	-0.348875	-78.834640	0.260290	-135.484705	0.348689
4910.000004	-123.971709	-0.297953	-121.566650	-0.094205	-87.863702	0.265981	-123.562696	-0.277608
4920.000004	-118.886238	0.218630	-125.514477	-0.001385	-88.305095	0.056607	-132.636556	0.184191
4930.000004	-132.225379	-0.355033	-127.164800	0.144714	-81.192404	-0.257768	-132.476440	-0.409619
4940.000004	-134.276320	0.025136	-124.425013	0.368366	-89.566681	-0.206166	-137.821669	0.473871
4950.000004	-134.486939	-0.448596	-123.938405	0.268564	-104.185771	0.221777	-123.611880	0.412099
4960.000004	-130.757834	0.410704	-125.531138	-0.241014	-83.829550	0.066142	-119.163170	-0.256074
4970.000004	-126.633038	0.280307	-127.559681	0.230865	-73.981807	-0.218912	-134.651682	0.297510
4980.000004	-129.200571	-0.209282	-132.415847	0.235961	-78.261947	-0.467410	-123.710969	0.076169
4990.000004	-124.608957	-0.468461	-125.311449	-0.239964	-89.157509	-0.274701	-121.242544	-0.415963
5000.000004	-133.005945	0.339508	-124.057180	-0.327059	-83.265330	0.383183	-120.805807	-0.044666
5010.000004	-130.441857	0.140027	-129.395954	0.129363	-84.189000	-0.163793	-121.763070	-0.265248
5020.000004	-125.276948	0.294424	-128.701491	-0.237671	-80.929642	-0.083810	-137.786803	0.080818
5030.000004	-127.028325	-0.059023	-123.516225	0.204455	-75.342820	0.426192	-123.955720	-0.144214
5040.000004	-128.661036	-0.481950	-122.622615	0.181375	-81.955964	-0.089442	-120.861676	-0.078362
5050.000004	-129.788517	-0.084363	-123.932400	-0.362102	-79.785431	-0.153360	-123.968391	0.411588
5060.000004	-124.557307	0.263536	-129.838532	0.210422	-82.037573	0.342824	-124.064360	-0.375286
5070.000004	-126.196967	0.366261	-121.181453	0.280192	-81.609215	0.422668	-123.233485	0.142143
5080.000005	-122.374625	-0.149654	-128.048239	-0.210372	-82.959871	-0.220103	-128.601412	-0.303067
5090.000005	-123.538982	0.020268	-125.637146	-0.094454	-73.287667	0.399754	-123.042412	-0.216480
5100.000005	-127.008418	-0.439926	-123.844939	-0.025495	-87.683484	-0.103052	-125.158417	0.468000
5110.000005	-127.226840	0.094757	-128.910495	-0.453621	-85.118683	-0.244676	-124.416444	0.100094
5120.000005	-131.238560	-0.486643	-135.528085	-0.096462	-85.520478	0.273754	-114.085547	-0.174190
5130.000005	-117.631100	-0.041145	-134.296990	-0.013487	-77.100369	0.265937	-124.704194	-0.291221
5140.000005	-127.804393	-0.354148	-123.707446	0.469700	-83.982222	-0.164410	-126.539303	0.015502
5150.000005	-134.861633	-0.296001	-130.568592	-0.415889	-81.930146	0.186216	-126.389129	-0.389953
5160.000005	-130.910039	0.248428	-126.584704	-0.140462	-82.954720	0.068242	-126.216724	-0.158929
5170.000005	-122.482142	0.085005	-117.990293	0.084270	-81.869873	0.205693	-128.396652	-0.077009
5180.000005	-126.536220	0.379936	-127.787744	-0.495491	-83.229210	-0.449634	-126.649234	0.399192
5190.000005	-129.665053	-0.276327	-136.041263	0.366656	-77.776434	-0.008683	-124.479228	-0.208464
5200.000005	-121.184081	-0.384252	-125.235091	-0.486104	-79.166897	0.252791	-122.771102	0.300820
5210.000005	-132.616943	0.253072	-128.561876	0.048716	-90.205806	-0.420390	-132.784550	0.419889
5220.000005	-122.142177	-0.111173	-122.330924	0.055772	-76.276492	0.036079	-127.175411	-0.253746
5230.000005	-125.220469	-0.254200	-125.949249	-0.228165	-86.465831	0.378107	-133.541873	-0.451989
5240.000005	-133.960486	0.379933	-129.612401	0.297180	-78.586243	-0.149191	-132.676715	0.211907
5250.000005	-122.386657	0.377574	-120.890704	0.297113	-81.200107	-0.096423	-125.642619	0.371827
5260.000005	-117.541067	-0.166758	-127.276814	0.142665	-88.447448	-0.011747	-126.684789	0.463991
5270.000005	-129.673983	0.250065	-132.176896	0.418972	-81.726368	0.432921	-141.401532	0.381273
5280.000005	-125.877804	-0.422291	-122.471274	0.476728	-81.342393	0.225613	-129.092746	-0.375841
5290.000005	-126.124684	-0.195193	-132.209447	-0.490503	-75.342613	0.216821	-124.310618	-0.206121
5300.000005	-127.607911	0.034428	-126.433910	-0.485743	-79.493717	0.129614	-134.669093	-0.318279
5310.000005	-133.861181	-0.438225	-132.943632	0.405215	-82.881644	0.115765	-132.239851	-0.356967
5320.000005	-137.017105	-0.191408	-119.203880	-0.035218	-96.019071	0.229120	-129.848768	-0.172167
5330.000005	-121.628516	0.215779	-122.480075	-0.453664	-78.878629	-0.275437	-127.454310	0.467838
5340.000005	-137.448754	0.376201	-127.780518	0.069149	-78.190349	-0.485006	-127.233493	0.408548
5350.000005	-124.111389	0.288277	-125.473545	-0.256283	-85.580293	0.165382	-138.831872	-0.399233
5360.000005	-123.652464	-0.444411	-129.068699	-0.377766	-97.605133	0.215010	-125.284635	-0.409425
5370.000005	-137.791597	0.175573	-119.244013	-0.067288	-78.232448	-0.434097	-131.625987	-0.486614
5380.000005	-119.353399	-0.187612	-126.887679	-0.149214	-84.636022	0.034695	-122.886191	-0.244628
5390.000005	-134.124342	-0.124534	-129.865205	-0.106130	-74.782908	0.176348	-125.800773	0.350592
5400.000005	-125.780687	0.298639	-126.612191	0.369556	-91.635647	-0.388792	-125.116759	0.075845
5410.000005	-127.061877	-0.457783	-122.900732	0.263117	-84.080534	-0.291858	-130.272975	-0.337782
5420.000005	-126.844983	0.417581	-127.452484	0.351335	-87.447002	0.432040	-127.658267	0.373197
5430.000005	-125.105331	0.162066	-126.524738	0.034081	-88.123175	-0.132517	-130.915083	0.302664
5440.000005	-124.895970	-0.044743	-123.308437	0.071100	-86.386535	-0.017265	-123.005946	0.028613
5450.000005	-123.363935	0.243503	-123.021346	-0.262943	-79.801984	0.287588	-129.137200	-0.175315
5460.000005	-143.984436	-0.012753	-127.567766	0.080828	-79.107209	0.178480	-122.875112	-0.129986
5470.000005	-133.852674	0.173938	-125.433151	0.249270	-86.073900	0.257822	-120.537892	-0.074295
5480.000005	-133.364446	-0.102745	-122.566364	0.499344	-79.939408	0.027046	-128.395841	-0.099923
5490.000005	-118.258629	-0.480622	-123.642786	-0.040331	-84.599491	-0.407931	-126.553982	0.122795
5500.000005	-125.790752	0.372717	-125.157502	0.307536	-76.267238	-0.379781	-124.552738	0.100920
5510.000005	-123.919269	-0.261990	-135.902198	-0.307249	-84.049513	-0.084300	-123.995450	-0.153800
5520.000005	-127.773036	0.328070	-128.966820	-0.487077	-95.319164	-0.005922	-116.989558	0.246499
5530.000005	-127.789170	0.288300	-127.802937	0.416177	-78.542129	-0.123461	-119.190118	-0.085941
5540.000005	-125.168847	-0.191014	-123.461035	0.226445	-84.747605	-0.441137	-139.020251	-0.478463
5550.000005	-128.016047	0.431418	-124.988561	-0.393973	-85.658018	0.261415	-120.345119	0.373256
5560.000005	-135.804570	0.189313	-128.536872	0.336228	-80.214393	-0.474791	-126.474312	0.148417
5570.000005	-125.944202	0.144104	-121.729896	0.294269	-83.126402	-0.187172	-125.435699	0.397010
5580.000005	-125.173197	-0.329626	-122.066181	-0.353877	-85.922505	0.193610	-131.391772	0.294605
5590.000005	-128.475270	-0.367356	-126.870776	0.058567	-82.607544	-0.389061	-129.934623	0.097381
5600.000005	-129.937750	-0.175295	-123.933458	0.102607	-75.715399	0.475795	-122.965560	0.444631
5610.000005	-125.868918	0.200987	-128.479351	0.347524	-83.714846	-0.261966	-124.878458	0.079354
5620.000005	-127.842393	-0.456713	-118.857388	0.072936	-81.295196	-0.178897	-133.323178	0.191795
5630.000005	-122.447690	0.422917	-127.015052	0.441244	-86.142377	0.355666	-134.232060	0.040114
5640.000005	-141.933854	0.396271	-135.715091	-0.304091	-84.934718	-0.042482	-124.168583	-0.248694
5650.000005	-129.854028	0.325918	-130.142713	0.122571	-82.763974	0.496887	-121.631411	0.278974
5660.000005	-124.822438	0.230978	-123.906378	0.021003	-86.624714	-0.280542	-121.843420	-0.093844
5670.000005	-125.596885	0.025684	-133.350389	0.252494	-79.115071	-0.293206	-125.083240	-0.082862
5680.000005	-136.487130	0.018890	-123.051217	-0.380224	-85.329717	-0.405819	-131.345001	0.004851
5690.000005	-123.949053	-0.416588	-124.171143	-0.013299	-77.013757	-0.112180	-122.824334	-0.239029
5700.000005	-128.317352	-0.094122	-125.798211	-0.115604	-80.609757	-0.163693	-141.879749	0.244032
5710.000005	-124.616181	0.236581	-129.684431	-0.202346	-90.057168	-0.105997	-130.611843	0.153619
5720.000005	-125.907421	-0.419418	-126.420165	-0.309605	-77.247772	-0.092933	-123.109924	-0.204838
5730.000005	-127.920112	0.035509	-128.708188	-0.161549	-77.630694	-0.493928	-126.959100	-0.091318
5740.000005	-129.728541	0.020679	-132.037225	0.189672	-85.162605	0.344715	-131.159471	-0.097575
5750.000005	-146.028776	-0.497099	-124.162575	0.219368	-79.279074	0.028456	-120.205574	-0.499453
5760.000005	-121.105730	-0.370741	-132.428050	0.480513	-85.605141	-0.155119	-124.319927	0.471907
5770.000005	-129.870106	0.078608	-128.526642	-0.363133	-81.317160	0.445010	-122.454827	-0.430372
5780.000005	-122.256318	-0.451562	-130.352552	-0.489857	-94.361250	0.419554	-127.700895	-0.106426
5790.000005	-133.838775	-0.467344	-123.770041	-0.245446	-96.214245	0.031109	-123.033560	-0.171430
5800.000005	-124.942751	0.229579	-126.958797	-0.238277	-78.535057	-0.289703	-125.499733	-0.495569
5810.000005	-127.835477	-0.493668	-131.773533	0.092337	-86.756052	0.445277	-130.922245	-0.496469
5820.000005	-124.110475	0.290346	-132.286295	-0.144998	-96.626089	0.457829	-132.389891	0.463612
5830.000005	-121.224775	-0.008362	-122.401499	-0.302981	-82.757120	0.226275	-125.236802	-0.103751
5840.000005	-129.074868	-0.092284	-124.041014	0.183899	-80.323085	-0.352605	-131.130758	-0.105516
5850.000005	-129.777133	0.056586	-122.485313	-0.400767	-83.067233	-0.180797	-122.595965	-0.399561
5860.000005	-136.117544	-0.021555	-126.762922	0.379715	-78.891978	-0.189237	-132.576269	-0.311102
5870.000005	-126.179585	0.355792	-130.032302	-0.064684	-84.717230	-0.320910	-129.617460	0.243277
5880.000005	-130.220675	0.064290	-152.540665	0.355911	-79.378045	-0.443893	-130.091378	0.477168
5890.000005	-137.787628	0.059412	-134.102885	0.322880	-79.826230	0.202000	-121.997149	-0.045427
5900.000005	-141.752411	-0.331413	-122.067329	-0.094906	-75.149437	0.317605	-129.862239	-0.224653
5910.000005	-116.747439	-0.472580	-124.093649	-0.334130	-82.922998	-0.078969	-128.038103	-0.217104
5920.000005	-121.854231	-0.364018	-129.265162	-0.439752	-92.417465	-0.185925	-115.850081	-0.037833
5930.000005	-125.812985	0.202507	-119.953292	-0.181229	-98.486404	-0.051937	-135.825348	-0.301808
5940.000005	-128.900398	-0.153241	-122.222213	0.276137	-87.247118	0.169841	-131.516562	0.194276
5950.000005	-130.588981	0.402641	-120.319654	0.351583	-80.337135	-0.453032	-128.551932	0.194162
5960.000005	-130.460418	-0.178509	-126.907854	-0.153197	-87.740777	0.227278	-121.031937	0.285287
5970.000005	-122.880828	-0.380459	-125.475580	0.041200	-86.837008	-0.150120	-123.391496	0.381557
5980.000005	-125.094581	0.298259	-121.817251	-0.356671	-90.229691	-0.395462	-131.884646	0.442682
5990.000005	-123.399919	0.011510	-130.290066	-0.262586	-79.376412	-0.116875	-130.886817	0.471015
6000.000005	-123.969608	-0.345847	-127.563890	-0.314066	-87.420240	-0.206338	-116.602201	-0.289220
6010.000005	-132.078867	-0.336870	-123.297875	0.486104	-81.711475	-0.490991	-122.274189	-0.245781
6020.000005	-131.159034	-0.356694	-120.282259	-0.477944	-78.863260	0.430412	-123.973136	0.061926
6030.000005	-124.671735	-0.293587	-122.698070	0.009214	-79.301871	-0.096055	-120.538332	-0.332419
6040.000005	-126.774764	-0.355686	-120.781401	-0.123907	-81.502049	0.163722	-128.895401	0.320283
6050.000005	-130.128464	-0.493516	-121.027802	0.023064	-81.604815	0.428777	-130.526950	0.391993
6060.000005	-127.827010	0.166310	-124.740589	-0.478256	-82.573824	-0.077416	-122.058507	0.288389
6070.000005	-125.370794	-0.476149	-128.256878	0.491887	-79.408172	0.499802	-123.453770	-0.344870
6080.000005	-129.507450	-0.463576	-127.678686	-0.151278	-81.640740	0.011274	-92.992822	-0.253670
6090.000005	-128.267332	-0.267114	-131.555685	0.262969	-82.447045	-0.113825	-131.222960	-0.143627
6100.000005	-126.464457	0.422393	-144.290675	-0.497104	-79.660488	0.156897	-125.450032	-0.207751
6110.000005	-142.532145	-0.041959	-123.938285	-0.020399	-79.698804	-0.209375	-127.600754	0.384506
6120.000005	-124.639155	0.157550	-126.365988	0.253932	-79.843709	-0.289109	-138.956743	0.437770
6130.000005	-127.505621	0.402885	-124.393075	0.481426	-85.683438	-0.066265	-122.466397	0.463307
6140.000005	-125.636585	0.197472	-122.197815	-0.455084	-82.230321	0.080256	-124.058777	-0.472590
6150.000005	-121.814708	-0.051672	-120.062005	-0.238758	-88.060907	0.485562	-126.292206	-0.381083
6160.000005	-126.503169	0.464392	-120.763534	-0.312013	-84.195080	-0.490176	-130.986958	-0.433301
6170.000005	-120.995952	-0.128314	-132.839756	-0.395232	-85.492503	0.275266	-135.492065	0.328398
6180.000005	-122.917589	0.289549	-124.134020	0.272299	-89.593171	0.421872	-125.196217	0.099136
6190.000005	-122.345635	-0.452350	-127.066436	0.356764	-98.915012	-0.078286	-137.072397	0.125568
6200.000005	-119.298737	0.216617	-124.453806	0.236752	-77.962692	0.066355	-123.301622	-0.329820
6210.000006	-132.048899	-0.428301	-125.135017	0.274792	-82.004634	0.449728	-136.089026	0.293093
6220.000006	-123.346417	0.232883	-124.768514	0.443907	-89.580520	0.187696	-125.769487	-0.046863
6230.000006	-125.868131	-0.266977	-124.125686	-0.160395	-88.258724	0.094437	-122.679395	0.156681
6240.000006	-123.361173	-0.252472	-123.597921	0.447927	-79.706977	-0.234395	-118.941455	-0.357785
6250.000006	-132.949412	-0.339863	-140.582872	0.398662	-81.804611	0.233685	-134.574986	0.449281
6260.000006	-127.884217	-0.387786	-130.331610	0.225594	-82.420847	-0.457871	-122.332512	0.417600
6270.000006	-137.845176	-0.407827	-132.195646	0.446441	-84.218942	0.279203	-133.001264	-0.062034
6280.000006	-126.894493	-0.273157	-122.558749	0.414044	-89.893675	0.112604	-121.059451	0.318582
6290.000006	-126.977540	0.280970	-131.101598	-0.009362	-87.166967	-0.487034	-121.622752	0.311254
6300.000006	-125.421496	0.006093	-128.001209	0.051348	-78.485061	0.264500	-120.014487	0.018158
6310.000006	-124.823485	0.264544	-123.235383	-0.011381	-82.428815	0.357642	-125.573793	0.408351
6320.000006	-126.316635	-0.422079	-133.248497	-0.374390	-84.219326	0.151655	-128.858086	0.102146
6330.000006	-130.287965	0.493067	-124.890631	-0.225747	-81.766767	-0.282617	-136.041115	0.439316
6340.000006	-124.401046	0.147712	-134.501341	0.215561	-86.026670	-0.399328	-120.626535	0.441390
6350.000006	-123.858500	-0.012912	-124.773431	0.188580	-80.347652	0.147572	-143.231105	-0.325594
6360.000006	-132.289562	-0.139254	-124.028075	-0.027044	-81.219683	-0.029625	-125.451148	0.494626
6370.000006	-120.004430	-0.125728	-127.105839	0.022658	-79.303472	-0.325993	-122.339814	0.469660
6380.000006	-135.385523	-0.493255	-134.809145	0.341584	-92.357151	0.048736	-120.351759	0.380868
6390.000006	-135.823516	0.276571	-136.003351	0.431430	-100.340938	0.413477	-124.647444	-0.177446
6400.000006	-128.902396	0.050913	-126.460589	-0.092340	-79.883725	-0.279426	-125.600852	-0.161209
6410.000006	-119.245434	0.340746	-130.403510	-0.476899	-85.818506	-0.355669	-132.381847	0.250026
6420.000006	-130.819767	0.375053	-131.835676	-0.424844	-91.485600	-0.089112	-122.355233	-0.404337
6430.000006	-122.770163	0.150332	-135.255086	0.308081	-84.276047	-0.088552	-130.546197	0.404016
6440.000006	-127.746477	0.390918	-127.923255	-0.154785	-80.181124	0.444462	-136.823550	0.265738
6450.000006	-127.460152	0.245959	-124.592069	0.434565	-82.024932	0.384209	-122.521880	-0.406057
6460.000006	-132.582813	0.156514	-128.416964	-0.060646	-89.021039	0.122031	-122.455561	-0.034506
6470.000006	-127.143722	0.049870	-120.624319	0.418982	-87.375916	-0.352158	-127.892536	-0.088940
6480.000006	-129.006991	-0.130986	-122.665481	0.057591	-81.047415	-0.230193	-114.841547	0.122208
6490.000006	-133.041467	-0.302972	-122.125004	-0.009743	-82.199588	0.051341	-131.582233	0.292017
6500.000006	-138.610846	0.067231	-126.259070	0.057242	-88.008357	0.186456	-132.524424	0.083132
6510.000006	-121.705889	0.129367	-125.150854	0.494645	-97.140588	0.032038	-128.043132	0.485370
6520.000006	-121.849238	0.261862	-128.487334	0.321118	-86.004882	-0.268682	-122.143929	-0.042847
6530.000006	-124.241055	0.234273	-134.557960	0.327457	-87.986772	-0.439797	-140.328998	0.404587
6540.000006	-124.655606	-0.316999	-121.256426	0.175300	-78.242280	-0.278763	-127.442798	-0.182732
6550.000006	-143.881139	0.278877	-120.939084	0.433700	-81.782331	-0.012588	-124.193871	0.274103
6560.000006	-125.243415	-0.324792	-143.266972	-0.312577	-77.483010	0.278598	-132.533596	0.099106
6570.000006	-134.629162	-0.161421	-126.889273	-0.285227	-78.165724	0.304913	-126.897174	-0.018210
6580.000006	-128.748397	0.167246	-128.702890	-0.409846	-83.021548	0.148419	-138.857715	-0.440895
6590.000006	-121.141133	0.080400	-124.536498	-0.294288	-84.750206	0.305053	-139.929555	0.456333
6600.000006	-128.622977	-0.079563	-130.351913	-0.279601	-92.333254	0.196855	-124.777422	-0.403236
6610.000006	-127.438338	-0.369616	-129.697446	-0.445598	-85.214384	0.425232	-129.264248	-0.476600
6620.000006	-134.422761	-0.328006	-130.368588	0.379801	-87.573421	-0.064084	-127.546030	-0.138302
6630.000006	-140.257906	0.430676	-121.922599	0.095654	-81.843226	-0.366448	-120.619337	0.227753
6640.000006	-128.100524	0.284749	-128.410986	0.346516	-81.705369	0.408104	-118.827409	0.230574
6650.000006	-126.315967	-0.154153	-132.585985	0.477580	-93.266903	-0.273040	-129.837785	-0.384371
6660.000006	-126.305194	0.455255	-128.633634	-0.047771	-85.558523	-0.260909	-126.190023	0.222820
6670.000006	-142.926535	-0.320534	-123.868509	0.420611	-91.267848	0.459481	-137.246510	0.167297
6680.000006	-129.005177	0.057166	-120.727580	-0.013189	-81.327226	-0.446538	-126.836514	0.143486
6690.000006	-131.664887	0.041751	-132.492304	-0.360766	-79.151949	-0.002089	-135.184734	-0.260473
6700.000006	-121.823832	-0.219797	-124.654301	-0.366962	-89.638739	-0.199565	-140.714565	-0.109913
6710.000006	-118.383877	0.030933	-123.121216	0.053489	-84.722054	0.291161	-132.352736	-0.131088
6720.000006	-128.797257	-0.050048	-123.898257	0.483690	-81.849527	0.291774	-132.011328	0.155833
6730.000006	-120.323336	-0.182473	-129.226728	-0.375865	-84.212979	0.020992	-123.693903	-0.086226
6740.000006	-121.153887	-0.487154	-123.491920	-0.090741	-88.067441	-0.308611	-120.939534	-0.015267
6750.000006	-122.601451	0.406314	-139.816446	0.322213	-82.814088	-0.373612	-123.456923	0.023977
6760.000006	-131.641190	0.480374	-131.345203	0.485764	-83.057459	-0.249529	-123.338990	0.305113
6770.000006	-123.550753	0.321145	-130.695662	-0.399935	-79.585166	-0.424176	-124.322000	-0.478295
6780.000006	-127.383043	0.357347	-122.855034	0.213803	-75.481262	-0.483316	-124.953959	0.244676
6790.000006	-128.351838	0.462736	-127.988661	-0.047705	-78.157716	0.190628	-121.660407	-0.093963
6800.000006	-130.019804	-0.364489	-121.604976	-0.260310	-82.292345	0.259253	-134.830000	-0.152882
6810.000006	-125.135628	0.252618	-127.349839	-0.079877	-80.879309	0.056344	-133.027506	-0.023268
6820.000006	-123.862575	-0.366737	-126.886270	0.376554	-87.218374	0.001664	-127.699353	-0.290143
6830.000006	-122.651910	-0.433317	-123.022521	-0.393511	-82.771813	0.235770	-120.820087	-0.355316
6840.000006	-131.189677	-0.126499	-121.494017	0.354712	-84.801796	-0.139267	-124.601062	-0.062266
6850.000006	-129.535710	0.338815	-129.247311	-0.114472	-84.088087	0.415867	-127.346912	-0.051811
6860.000006	-131.018259	0.105687	-125.627832	0.046302	-91.978117	-0.060158	-119.731363	-0.359876
6870.000006	-120.159222	-0.065369	-134.980483	-0.277716	-84.112998	0.149523	-133.446916	0.171193
6880.000006	-120.004537	0.048452	-125.071105	-0.041335	-91.377076	0.163909	-121.170617	-0.085114
6890.000006	-127.389033	0.091251	-122.051632	0.136630	-90.487485	0.191659	-130.259873	-0.460971
6900.000006	-124.691518	-0.154667	-122.674019	0.065740	-82.559829	-0.383844	-131.086791	0.392515
6910.000006	-127.816452	0.383322	-121.514314	0.105810	-81.071977	-0.382390	-124.373196	-0.335381
6920.000006	-125.695237	0.314868	-141.732727	0.224208	-84.342149	0.352900	-119.863763	-0.470930
6930.000006	-140.269798	-0.059413	-129.290507	-0.496555	-90.381717	0.000119	-126.230403	0.316144
6940.000006	-122.161811	0.419370	-124.992090	0.096636	-89.221586	0.195455	-136.015391	0.435580
6950.000006	-137.817792	-0.234215	-125.311735	-0.400475	-90.151167	-0.311029	-145.102678	-0.404196
6960.000006	-125.155745	0.260870	-119.823360	-0.445884	-84.364481	0.193224	-122.059755	-0.494791
6970.000006	-127.112234	-0.229784	-134.144128	0.438743	-97.369631	0.074094	-123.907686	0.435394
6980.000006	-129.215150	0.335721	-131.512828	-0.140525	-103.701796	-0.014101	-132.443158	0.249211
6990.000006	-130.850097	-0.040607	-122.526615	0.229028	-77.738525	0.403399	-123.371887	-0.124472
7000.000006	-123.712961	-0.338484	-128.420131	-0.140212	-78.291977	-0.033128	-123.902846	-0.482091
7010.000006	-128.991177	0.467522	-125.893293	0.461371	-80.145696	0.034439	-134.988771	0.327093
7020.000006	-128.708927	0.443826	-124.575333	0.238072	-79.666016	0.336811	-125.176396	0.135726
7030.000006	-122.990652	0.007289	-131.111313	-0.436166	-81.841299	0.244150	-123.517153	-0.202796
7040.000006	-121.214164	-0.483269	-124.613856	-0.384767	-77.833365	0.327349	-123.687390	-0.344264
7050.000006	-127.897647	-0.230127	-129.420034	-0.054758	-77.613817	-0.340173	-125.011939	0.386321
7060.000006	-130.203897	-0.247187	-126.494845	0.115399	-80.602349	0.014540	-144.383847	0.346975
7070.000006	-128.002352	0.330824	-136.145635	0.327228	-80.363589	0.438271	-125.126940	0.426741
7080.000006	-119.668908	-0.438659	-122.844756	-0.325735	-90.791691	0.277314	-125.652967	-0.332483
7090.000006	-122.576572	0.069196	-126.867906	0.402049	-91.975885	-0.301834	-121.623198	0.187247
7100.000006	-129.753527	0.037795	-125.311774	0.487095	-84.116787	0.402185	-147.331971	-0.439160
7110.000006	-126.908531	-0.009436	-120.766113	0.063199	-81.658812	-0.128212	-125.496435	-0.242504
7120.000006	-121.981080	0.012007	-125.190749	0.303275	-86.709914	0.242973	-124.823100	-0.050394
7130.000006	-126.991063	0.206502	-129.868415	-0.287280	-84.608627	-0.345735	-134.694498	0.451597
7140.000006	-128.556032	0.269790	-123.621575	0.238702	-81.150438	-0.493759	-123.657941	-0.474013
7150.000006	-144.334132	-0.054475	-123.265026	-0.020089	-78.458662	0.301715	-121.277975	-0.057886
7160.000006	-138.172784	-0.362585	-138.105800	0.374310	-84.676560	-0.260764	-135.418574	0.045005
7170.000006	-127.539200	-0.429300	-132.778558	-0.176122	-87.905955	-0.038046	-129.621411	-0.003283
7180.000006	-129.999399	0.199931	-126.614791	-0.345273	-87.155158	0.047281	-124.875528	-0.399064
7190.000006	-127.090431	-0.298095	-128.366551	-0.255037	-81.703169	-0.284629	-122.858061	-0.479584
7200.000006	-128.103281	0.030618	-137.593816	0.164333	-83.716358	0.307077	-124.321366	0.356502
7210.000006	-129.306402	0.094611	-133.160785	-0.305113	-85.581382	-0.310563	-124.124180	0.137492
7220.000006	-124.359084	0.389795	-136.922470	0.347374	-89.495324	-0.172520	-129.002949	-0.345923
7230.000006	-132.274132	0.339798	-129.981054	0.124549	-92.207628	0.014080	-128.026042	-0.007277
7240.000006	-128.221886	-0.280839	-134.807523	-0.230434	-75.557782	0.255047	-135.281741	0.056699
7250.000006	-126.326798	0.200588	-124.599837	-0.318100	-90.653731	0.293655	-135.782686	0.370354
7260.000006	-136.268626	0.369577	-123.857452	0.305666	-88.479120	0.074534	-126.518044	-0.431825
7270.000006	-126.468968	0.365637	-122.761700	-0.285157	-80.194989	0.073364	-124.216852	0.448220
7280.000006	-133.506896	0.218840	-127.855957	-0.236063	-81.760588	0.400696	-120.253221	-0.477186
7290.000006	-120.809646	0.461884	-122.599048	0.313048	-85.554654	-0.168018	-134.034439	-0.419542
7300.000006	-129.525809	0.202407	-120.265468	0.002698	-88.250040	-0.310787	-124.492757	0.347048
7310.000006	-133.020607	-0.013844	-122.651289	0.234588	-84.880038	-0.126214	-130.053796	-0.229493
7320.000006	-127.410869	0.115498	-126.606153	-0.419643	-84.043795	-0.030253	-125.382516	0.055618
7330.000006	-124.259464	0.089391	-128.551974	0.348023	-88.939574	0.145934	-123.884202	-0.128229
7340.000007	-132.909233	-0.016491	-130.070080	-0.406577	-83.971911	0.440531	-122.430874	0.118156
7350.000007	-131.004180	0.063260	-131.600595	0.139617	-79.537225	0.489163	-133.596961	-0.243127
7360.000007	-124.604236	-0.002550	-127.760442	0.374410	-84.364431	0.097622	-119.856672	0.455683
7370.000007	-127.393563	-0.072528	-133.190039	-0.268066	-87.781850	-0.283964	-123.000164	-0.180653
7380.000007	-121.274832	0.034844	-125.707646	0.227695	-76.251293	0.354629	-124.376758	0.212910
7390.000007	-125.108476	-0.450227	-124.755398	0.144453	-86.301576	-0.193454	-124.275423	0.342750
7400.000007	-129.567350	0.331987	-129.485955	-0.147754	-85.833670	0.407715	-122.669967	0.327851
7410.000007	-124.661927	-0.069267	-128.990503	-0.065259	-81.964421	-0.417257	-130.912821	0.011783
7420.000007	-138.291172	-0.335921	-126.718587	-0.088575	-82.166995	-0.071301	-134.440813	0.448981
7430.000007	-126.845595	-0.398600	-125.003585	0.091437	-89.791599	-0.345740	-126.019570	0.275323
7440.000007	-128.593994	-0.229184	-123.700609	-0.083688	-80.653662	-0.201758	-135.535457	0.352372
7450.000007	-132.230241	-0.140021	-123.976096	0.432547	-88.761931	-0.492933	-125.043334	-0.016879
7460.000007	-128.876193	-0.108835	-132.501157	-0.395935	-89.343628	0.418801	-125.315868	0.314137
7470.000007	-139.820076	-0.377487	-128.756259	0.329046	-82.441741	-0.176085	-125.819328	0.084669
7480.000007	-121.998982	-0.415567	-121.219625	-0.476133	-81.947309	-0.312739	-126.702058	-0.180906
7490.000007	-124.066173	0.173971	-122.415217	0.009982	-78.819376	0.353037	-122.235253	-0.047354
7500.000007	-128.792714	0.262065	-128.112873	0.073622	-85.733794	0.276441	-128.034455	0.242195
7510.000007	-126.814524	0.442462	-120.403270	0.175536	-79.391720	-0.002343	-125.264571	-0.219655
7520.000007	-130.351247	0.054258	-120.567654	-0.355931	-85.971585	0.343492	-128.420962	0.277139
7530.000007	-143.323686	0.127529	-136.590282	0.230340	-96.408680	0.127299	-119.538970	0.207451
7540.000007	-121.197663	-0.432925	-124.250428	-0.381920	-77.176674	-0.462315	-130.036119	-0.029155
7550.000007	-123.285188	-0.020681	-122.042603	0.050731	-82.696354	-0.209999	-135.470732	0.328808
7560.000007	-128.197772	0.270097	-120.513918	0.060284	-85.336047	0.129037	-128.547782	-0.495152
7570.000007	-129.622728	0.187874	-134.920729	0.219519	-89.761217	-0.361224	-119.571854	-0.157631
7580.000007	-126.331502	0.329701	-134.426815	0.446275	-82.563401	-0.338764	-123.408739	-0.456970
7590.000007	-133.477340	0.353790	-129.947424	0.452802	-78.710288	0.099436	-121.821091	0.070981
7600.000007	-126.582531	-0.143384	-136.740100	0.297532	-77.513498	-0.272627	-97.194392	0.101624
7610.000007	-124.946255	-0.131117	-121.792643	-0.167032	-81.921260	-0.448747	-129.000288	0.432583
7620.000007	-126.823365	0.128804	-123.816371	0.477892	-88.789703	0.402693	-124.376026	0.153243
7630.000007	-122.092224	-0.012731	-125.662633	0.268711	-84.616780	0.139859	-127.644161	0.255491
7640.000007	-126.516097	-0.094143	-124.758611	0.222079	-92.177863	-0.129203	-125.042201	-0.037157
7650.000007	-125.209726	-0.447917	-124.607977	-0.420384	-83.891215	-0.446686	-126.320734	-0.047491
7660.000007	-127.277913	0.101654	-127.214507	-0.327378	-89.921291	0.434736	-121.673590	-0.468319
7670.000007	-136.006680	-0.306819	-121.766729	-0.356084	-79.623706	0.259968	-129.196110	-0.314251
7680.000007	-123.978404	-0.393236	-126.967066	0.209834	-82.404575	0.087024	-128.438440	0.382149
7690.000007	-121.158182	0.250987	-131.048748	0.045227	-83.788026	0.031884	-132.401609	-0.126009
7700.000007	-130.985349	-0.343321	-127.111372	0.382894	-91.842493	0.337420	-124.559197	0.185294
7710.000007	-130.652152	-0.322408	-126.189620	0.448550	-87.676839	0.200560	-131.566114	0.233210
7720.000007	-124.578320	-0.203671	-126.351272	-0.292944	-81.666419	-0.216447	-127.784439	-0.158884
7730.000007	-121.463325	-0.287014	-136.993453	0.032375	-85.756796	0.128530	-128.414601	-0.240418
7740.000007	-120.315465	0.437391	-123.132221	0.029768	-102.196766	-0.425056	-126.029696	-0.309381
7750.000007	-132.647944	-0.341049	-123.285041	0.122052	-84.338737	0.214378	-134.921192	0.468677
7760.000007	-127.407077	-0.424474	-123.782981	0.316144	-76.949817	-0.479191	-119.734821	0.110127
7770.000007	-135.009939	0.353440	-125.184771	0.370874	-83.823791	-0.403819	-122.815076	-0.044734
7780.000007	-123.424398	0.040105	-124.665050	-0.199729	-84.648377	0.391128	-136.719431	0.023032
7790.000007	-124.469619	-0.197299	-138.912368	0.374516	-78.646968	0.281040	-124.484537	-0.146039
7800.000007	-120.770580	-0.184950	-117.153417	-0.287985	-83.153057	-0.236365	-119.703061	-0.219638
7810.000007	-133.720016	-0.170739	-126.418446	0.401664	-84.328037	0.426932	-140.485906	-0.430129
7820.000007	-131.473558	-0.149960	-132.115107	0.308898	-82.069013	-0.416539	-128.883110	0.478752
7830.000007	-124.706895	-0.024323	-130.093267	-0.177582	-86.754497	0.128861	-128.308396	-0.446473
7840.000007	-122.866276	0.487693	-120.897548	0.252313	-88.395726	0.209394	-122.694726	0.349852
7850.000007	-126.750285	0.004679	-123.101403	-0.372269	-83.705253	0.380419	-127.090834	0.345696
7860.000007	-133.824434	0.377241	-122.425234	0.069933	-82.579451	0.311547	-129.326671	-0.122623
7870.000007	-124.490404	-0.031250	-118.252700	-0.226089	-79.116661	-0.478173	-124.726259	-0.232364
7880.000007	-130.850846	-0.214326	-126.268255	0.135447	-73.599900	-0.067366	-121.874880	0.314053
7890.000007	-121.889845	0.290072	-124.857052	-0.281976	-79.039947	-0.369584	-125.779805	-0.188504
7900.000007	-120.368525	0.288130	-121.169690	-0.432743	-91.512036	-0.339548	-120.888298	-0.375944
7910.000007	-131.418069	-0.449789	-122.088038	0.176142	-86.638237	-0.368398	-134.404380	-0.324731
7920.000007	-127.424933	-0.384958	-120.818417	-0.482637	-78.468205	-0.089508	-131.335248	-0.259607
7930.000007	-123.220905	-0.188831	-123.750688	-0.190860	-86.046068	-0.486551	-130.224453	-0.419761
7940.000007	-125.407552	0.361174	-126.987859	0.185584	-87.768789	-0.005679	-131.089924	-0.243717
7950.000007	-122.867632	-0.456424	-130.232431	0.003772	-77.597383	0.071813	-122.841032	0.478266
7960.000007	-133.084179	-0.491886	-132.319363	-0.360450	-97.430167	-0.010515	-129.014000	-0.260455
7970.000007	-133.394036	-0.447299	-124.469679	0.134340	-82.843668	-0.281846	-123.218989	0.424383
7980.000007	-134.830459	-0.208036	-117.951595	0.001195	-81.483539	-0.411979	-137.638739	-0.258279
7990.000007	-125.259598	-0.425975	-124.552738	-0.317220	-86.009583	0.014227	-119.408291	-0.485518
8000.000007	-121.768429	-0.146080	-145.209699	-0.357685	-83.493120	0.484173	-121.637052	-0.114463
8010.000007	-125.309892	-0.204292	-133.222082	0.233062	-84.444645	-0.112976	-119.593492	-0.418177
8020.000007	-133.886318	-0.137755	-130.261072	0.410673	-87.798338	-0.134697	-121.711264	-0.449837
8030.000007	-138.256535	0.467817	-126.566860	-0.096835	-81.976787	-0.058809	-137.049795	-0.483319
8040.000007	-124.330502	-0.424731	-121.348560	-0.234019	-90.447837	0.406527	-129.260362	0.339072
8050.000007	-119.419934	-0.235557	-123.593762	-0.176966	-93.459511	0.116920	-133.300587	-0.435755
8060.000007	-132.876888	-0.483254	-122.408622	-0.481084	-86.241736	0.156042	-140.540303	0.175687
8070.000007	-126.502347	0.442354	-129.213454	0.337837	-84.141152	0.295884	-124.690538	0.388663
8080.000007	-126.106993	0.311100	-120.821948	-0.079051	-88.805377	0.409984	-127.986251	-0.430404
8090.000007	-122.383339	-0.410519	-125.021544	-0.451053	-86.433085	0.068693	-123.013245	0.264506
8100.000007	-132.246313	-0.072773	-124.695997	-0.336841	-90.353005	0.415434	-128.099079	-0.460731
8110.000007	-124.673963	-0.495743	-125.030756	0.232794	-84.112273	-0.060765	-123.062491	-0.282568
8120.000007	-130.482799	-0.000177	-127.892678	0.016356	-85.772328	-0.258018	-128.010504	0.371278
8130.000007	-128.248880	-0.189794	-146.666677	0.462688	-82.794541	0.008273	-122.787539	-0.243544
8140.000007	-133.119078	-0.153131	-131.016601	0.390032	-85.819106	-0.410395	-126.748288	0.395061
8150.000007	-128.158554	0.471182	-132.536298	-0.477995	-76.222797	-0.427086	-129.686941	0.168370
8160.000007	-122.720186	-0.474028	-131.728221	0.493540	-78.019219	-0.430023	-112.758637	0.046851
8170.000007	-125.542328	0.376215	-127.713054	-0.218775	-88.055748	0.001491	-122.725543	0.156703
8180.000007	-133.470106	0.422300	-119.535409	0.438179	-87.060524	-0.438175	-123.276303	0.440055
8190.000007	-127.875605	-0.201634	-142.891561	0.098648	-82.216356	0.178211	-129.846977	0.204211
8200.000007	-121.182352	0.199616	-123.006418	0.378765	-79.481333	0.373559	-121.023344	-0.482010
8210.000007	-139.888870	-0.283368	-127.103246	0.419407	-87.601619	0.083517	-122.791280	-0.336923
8220.000007	-133.545969	0.199284	-136.911885	0.126713	-75.153911	-0.058398	-123.068638	0.108991
8230.000007	-125.527020	-0.424920	-132.577442	-0.385171	-79.729498	0.230784	-137.498136	-0.419438
8240.000007	-129.941946	0.232743	-133.006167	-0.091054	-80.713216	0.081641	-117.505378	0.034614
8250.000007	-130.700157	0.277258	-124.894378	-0.046885	-83.982348	0.357356	-135.023028	-0.373209
8260.000007	-127.276768	-0.247017	-135.581765	0.474080	-89.960237	-0.171718	-124.335481	0.111683
8270.000007	-121.168208	-0.281347	-123.585014	0.155527	-96.149211	-0.332936	-132.143397	0.201561
8280.000007	-120.329448	0.244785	-125.226783	-0.330741	-78.737304	-0.171671	-126.618510	0.167668
8290.000007	-121.312974	-0.450535	-124.198861	0.416210	-93.038179	-0.434050	-140.550657	0.430851
8300.000007	-135.805348	0.321787	-124.788979	0.446430	-96.490760	0.354842	-130.064207	-0.273111
8310.000007	-126.955441	0.309935	-122.891223	0.448058	-88.318644	-0.332887	-120.661779	0.269945
8320.000007	-124.951318	-0.182542	-123.612444	0.022359	-85.066411	0.322164	-121.548900	-0.004986
8330.000007	-134.107885	-0.073467	-126.478786	-0.036336	-86.914809	0.130066	-120.663351	0.015357
8340.000007	-125.586167	-0.186007	-125.290319	0.316202	-91.817577	-0.211144	-125.720481	0.054235
8350.000007	-131.908666	0.226311	-126.049633	-0.231837	-85.782817	-0.137143	-123.716715	0.484165
8360.000007	-122.841471	0.389734	-121.397111	0.423668	-82.687135	0.451625	-120.705853	-0.140193
8370.000007	-138.507869	0.294152	-121.192324	0.443281	-84.059211	0.190226	-131.898694	-0.290704
8380.000007	-123.854553	0.205873	-121.984666	-0.010334	-103.809002	0.190250	-127.663255	0.389028
8390.000007	-130.235122	0.402137	-120.952899	0.208175	-78.014700	-0.269651	-122.740216	0.169494
8400.000007	-122.101576	-0.312236	-120.783129	0.476776	-97.100958	-0.439889	-133.091930	-0.296059
8410.000007	-132.464775	0.331069	-120.758835	-0.433419	-86.345371	-0.421930	-130.062670	0.419821
8420.000007	-122.991860	0.034119	-130.232610	0.018367	-78.613892	-0.248019	-130.673291	-0.174015
8430.000007	-126.351519	0.062375	-135.828671	-0.466841	-82.298708	-0.263942	-120.931688	0.029484
8440.000007	-128.850657	0.054433	-130.633800	0.267742	-76.392299	-0.450955	-123.223027	0.129664
8450.000007	-127.858184	-0.379618	-127.569163	0.103446	-81.580165	0.264483	-134.790662	0.222027
8460.000007	-124.027423	0.415276	-128.337174	0.255768	-77.275919	0.143507	-129.293106	0.170348
8470.000008	-135.030857	-0.212500	-130.067805	-0.173347	-92.292169	0.046454	-130.824719	-0.229812
8480.000008	-120.458064	0.086567	-126.160905	-0.409039	-80.436935	-0.311672	-129.886961	0.192082
8490.000008	-120.546357	0.108685	-125.468171	0.408502	-84.492132	0.254020	-137.320634	0.099028
8500.000008	-127.444257	0.077154	-126.089977	-0.424128	-82.529616	-0.448083	-134.600372	0.377584
8510.000008	-125.179930	-0.251382	-131.173633	0.376296	-88.157933	-0.462561	-125.685895	-0.367238
8520.000008	-137.175422	-0.279980	-118.962275	0.458617	-100.066716	0.305661	-128.382987	0.239701
8530.000008	-129.300842	0.113789	-119.749906	0.179921	-95.908194	0.083454	-118.510594	-0.019505
8540.000008	-123.701655	0.360383	-124.534007	-0.213945	-99.299087	-0.204979	-128.567325	0.483773
8550.000008	-131.489949	0.166395	-130.676650	-0.218884	-93.828266	-0.134343	-129.134813	0.177078
8560.000008	-130.469564	0.387334	-124.517207	0.040860	-87.961952	0.396922	-107.756040	0.373487
8570.000008	-128.469939	0.466245	-121.658520	-0.393007	-84.143511	-0.307933	-125.039382	-0.267397
8580.000008	-124.084216	0.402560	-119.232549	0.296315	-80.076094	0.016295	-130.100632	-0.069451
8590.000008	-128.566100	0.353973	-122.567984	-0.229301	-79.226451	0.043114	-131.498076	0.476826
8600.000008	-121.285431	-0.255224	-124.327479	-0.005126	-85.210717	0.310921	-127.532395	-0.435094
8610.000008	-136.670493	-0.178157	-132.214343	-0.146787	-80.008566	-0.396248	-122.365497	-0.424185
8620.000008	-128.111654	0.352903	-122.418025	-0.433781	-94.079513	-0.316178	-129.414922	0.322866
8630.000008	-116.884486	0.439401	-125.601955	-0.011701	-85.664014	-0.217561	-128.687278	0.402933
8640.000008	-131.958060	0.454399	-124.634716	0.009926	-83.596598	-0.014294	-123.754207	0.431344
8650.000008	-129.388377	-0.169075	-124.815362	0.406725	-90.715210	-0.425156	-137.639821	0.021651
8660.000008	-128.608872	0.482548	-118.430631	0.199598	-85.901806	-0.435351	-142.359581	-0.298576
8670.000008	-136.836415	0.234838	-140.054899	0.157302	-88.307924	-0.305962	-133.780354	-0.288120
8680.000008	-126.290691	-0.452468	-123.689013	0.229022	-87.344669	0.260453	-125.038070	0.268159
8690.000008	-122.879070	-0.428282	-131.201873	-0.086433	-84.966488	-0.022058	-121.477627	0.477010
8700.000008	-120.701122	0.038146	-125.800027	0.321954	-84.804847	0.070168	-139.308409	-0.207799
8710.000008	-129.585190	0.444355	-122.608963	0.120839	-85.723211	0.273773	-122.326647	0.271228
8720.000008	-127.033207	-0.243977	-128.936205	-0.223301	-90.127258	0.276948	-119.193166	-0.399544
8730.000008	-138.338813	0.377569	-140.387436	-0.231901	-83.935838	0.170873	-128.735284	0.268783
8740.000008	-134.526506	0.393762	-127.461426	0.483432	-83.133813	0.162141	-122.191245	0.259658
8750.000008	-121.932195	-0.176671	-131.391067	-0.099550	-89.040474	0.369207	-126.611954	-0.009205
8760.000008	-122.805404	-0.245790	-131.688909	0.312783	-100.503833	-0.357198	-121.581570	-0.375015
8770.000008	-125.894118	-0.122414	-132.855897	0.413536	-85.849396	-0.221568	-126.980905	-0.208710
8780.000008	-127.847369	0.191224	-123.890750	-0.433059	-89.734662	0.333902	-127.397623	-0.318891
8790.000008	-129.986024	-0.044211	-120.847048	0.474303	-81.613494	0.308828	-126.286679	0.174807
8800.000008	-120.644270	-0.233067	-129.276493	0.286763	-77.927275	0.088931	-123.626417	-0.381465
8810.000008	-119.823880	0.136409	-128.504743	-0.251484	-85.278735	0.377279	-123.164496	0.250934
8820.000008	-121.296441	-0.111921	-126.018010	0.283326	-82.854922	0.135469	-127.988766	-0.028987
8830.000008	-129.681702	-0.476875	-127.913941	-0.224340	-79.073057	-0.071177	-119.799605	-0.477777
8840.000008	-123.851879	-0.295393	-127.600192	0.295048	-85.464800	-0.385696	-125.823744	-0.195810
8850.000008	-130.654832	-0.394840	-121.509829	-0.356274	-84.670612	-0.439353	-120.984494	-0.086248
8860.000008	-124.748227	0.144873	-124.184304	0.328930	-87.661329	0.207398	-129.056468	-0.497108
8870.000008	-120.039461	-0.258992	-136.330680	0.236930	-88.228091	-0.251213	-129.833110	-0.049463
8880.000008	-131.501917	-0.156760	-139.704901	0.369341	-88.681369	-0.209656	-132.085212	0.129743
8890.000008	-133.087484	-0.417519	-124.192890	-0.107117	-92.802496	0.027010	-135.384405	-0.189127
8900.000008	-119.354781	0.008024	-128.321614	0.259618	-82.051084	0.433656	-125.299564	0.168665
8910.000008	-124.485268	-0.443871	-135.147057	-0.013836	-82.580664	0.489118	-135.567309	-0.037728
8920.000008	-123.950564	0.350609	-161.762123	-0.030506	-90.742170	0.455278	-120.222353	0.125522
8930.000008	-122.316292	0.008955	-118.267691	0.023117	-82.959952	0.405629	-125.216798	-0.242407
8940.000008	-128.217484	0.089440	-123.890325	-0.128266	-87.914077	0.032955	-126.316638	0.121399
8950.000008	-121.238348	0.007620	-132.263211	-0.013145	-90.536029	0.487094	-121.958004	0.280266
8960.000008	-126.540368	0.486184	-124.983698	0.359275	-80.986279	-0.040944	-128.980410	-0.482010
8970.000008	-124.344691	-0.072733	-133.527447	-0.168979	-85.294437	0.465929	-127.729248	0.058803
8980.000008	-126.258811	-0.065197	-122.543002	0.206805	-85.157543	0.367689	-118.242390	-0.191798
8990.000008	-132.827362	-0.147691	-125.862335	0.249853	-83.210349	0.049682	-126.139024	-0.269733
9000.000008	-125.551102	0.451823	-124.593756	0.062119	-82.156089	0.240890	-119.495039	-0.035834
9010.000008	-126.471900	0.101315	-124.683602	-0.448468	-82.738224	-0.059542	-139.137479	-0.256090
9020.000008	-142.190266	0.237677	-122.649569	-0.127501	-81.888170	0.102042	-134.512504	-0.059825
9030.000008	-129.998542	-0.036598	-122.936728	-0.149077	-81.876658	0.389086	-121.233875	0.270997
9040.000008	-125.882489	-0.366443	-124.871624	-0.267586	-89.083227	-0.210261	-123.946189	0.449713
9050.000008	-129.699395	-0.492741	-126.505871	-0.359234	-86.308977	-0.067308	-121.269422	-0.339652
9060.000008	-120.914027	0.144261	-124.845953	0.258850	-86.472941	0.446056	-128.114089	0.403090
9070.000008	-121.070508	-0.115056	-129.706137	-0.204694	-81.229091	0.053681	-139.117874	0.153832
9080.000008	-141.069195	-0.019299	-119.578503	0.315684	-84.330561	-0.095093	-127.494883	0.366708
9090.000008	-125.727857	0.183007	-125.841908	-0.251858	-84.069818	-0.473907	-124.027195	0.352186
9100.000008	-126.627020	0.251963	-130.019469	0.450522	-81.271153	0.369684	-133.744829	0.282328
9110.000008	-127.046025	-0.277007	-121.170815	-0.104667	-88.014002	-0.497054	-127.506355	0.023279
9120.000008	-127.109599	-0.321577	-121.129732	0.334412	-93.455757	-0.341551	-92.294096	0.366209
9130.000008	-128.355016	-0.080583	-124.113558	-0.341849	-90.120104	-0.235718	-125.764771	-0.384775
9140.000008	-123.364939	0.330654	-138.038005	-0.178677	-82.200725	-0.382175	-129.156682	-0.205601
9150.000008	-119.264329	0.442292	-124.604989	-0.007538	-79.609773	0.029115	-124.780934	-0.238839
9160.000008	-126.646766	0.376641	-129.918660	-0.364127	-79.562723	0.078658	-124.450857	0.133706
9170.000008	-128.794249	-0.029335	-122.176007	-0.405796	-89.424202	-0.035740	-123.860887	0.464389
9180.000008	-130.352236	-0.229647	-123.365131	-0.221737	-86.312887	0.151334	-123.520150	-0.398947
9190.000008	-138.403845	-0.121698	-128.823714	-0.425268	-83.693548	-0.282630	-122.980611	-0.197789
9200.000008	-123.302436	-0.153730	-125.084282	-0.036419	-79.237566	-0.463102	-125.490494	-0.466462
9210.000008	-128.711885	-0.027757	-121.413559	-0.401184	-85.697209	-0.363149	-122.571706	-0.079865
9220.000008	-122.226749	0.470185	-120.215070	-0.245465	-86.145792	0.482277	-129.845213	-0.242643
9230.000008	-130.585148	0.447884	-119.371726	0.063580	-91.378259	0.350471	-133.946410	0.214716
9240.000008	-124.068054	-0.400431	-122.680521	0.475235	-107.596828	-0.308997	-120.450640	0.125061
9250.000008	-131.495194	-0.426670	-128.117710	0.005212	-82.632232	0.182505	-135.951731	0.210179
9260.000008	-139.428618	0.441372	-124.621928	0.176504	-86.455088	-0.214278	-124.467926	0.227879
9270.000008	-129.969907	-0.271303	-123.241999	0.412626	-87.431473	0.474771	-132.553633	0.189390
9280.000008	-122.294199	0.237093	-132.865406	-0.138280	-83.130709	-0.452621	-132.892469	-0.367997
9290.000008	-125.291687	-0.444527	-130.794214	0.025399	-84.739165	-0.160687	-119.467980	-0.387474
9300.000008	-124.950746	0.088277	-118.390503	-0.437246	-82.614898	-0.197776	-128.272347	0.361102
9310.000008	-125.444499	0.081705	-125.732458	0.277541	-88.049806	0.413399	-137.999250	0.257662
9320.000008	-132.653387	-0.322150	-128.322608	-0.186251	-81.335547	0.171860	-120.591178	-0.176147
9330.000008	-121.957389	0.371292	-121.388745	0.413379	-85.281102	-0.334265	-119.402967	-0.472214
9340.000008	-130.372209	0.091039	-126.676475	0.128787	-81.254228	0.393356	-133.210212	-0.226165
9350.000008	-129.295984	0.238011	-123.178165	-0.056358	-84.564187	-0.247407	-138.313180	0.199030
9360.000008	-127.028704	-0.297153	-128.283410	-0.449853	-84.305257	-0.421595	-128.769894	0.322917
9370.000008	-130.999145	-0.253262	-128.824028	0.052262	-88.775406	-0.160498	-126.853445	-0.172509
9380.000008	-122.935051	-0.088801	-119.750095	0.226043	-96.239102	-0.400049	-136.456521	-0.164774
9390.000008	-138.686017	0.042750	-134.346000	-0.394686	-92.680746	-0.236255	-120.475523	-0.300444
9400.000008	-123.270167	0.447947	-124.358264	0.002424	-84.361401	-0.231322	-122.921134	0.484092
9410.000008	-139.035261	0.183525	-127.548320	0.058555	-83.803861	0.448566	-133.508600	-0.263419
9420.000008	-127.999673	-0.228071	-123.747898	0.340025	-79.018204	0.455101	-126.290212	0.139337
9430.000008	-122.572357	-0.387864	-123.334239	0.088519	-84.630266	0.476392	-120.425876	-0.395154
9440.000008	-135.808269	-0.348531	-125.247915	-0.148582	-90.089001	0.137013	-124.213485	0.340054
9450.000008	-137.750738	-0.319640	-127.024855	0.122682	-95.447224	0.369708	-121.377664	0.248729
9460.000008	-133.119185	0.116991	-120.828606	-0.217357	-82.585945	-0.391765	-129.749118	0.392984
9470.000008	-122.880190	0.099804	-129.982940	-0.258724	-88.536279	-0.305623	-125.205744	-0.266701
9480.000008	-123.231181	-0.310337	-128.776733	-0.141695	-87.926422	0.093168	-122.624079	0.435217
9490.000008	-126.624435	-0.143162	-127.063789	-0.269833	-90.892439	-0.006477	-125.972931	-0.071645
9500.000008	-130.358602	-0.497292	-126.222552	0.128526	-82.620093	-0.433129	-128.368427	0.393341
9510.000008	-126.998428	-0.081646	-134.067927	-0.208517	-86.076517	0.105889	-119.654909	-0.275317
9520.000008	-122.006922	-0.081565	-123.753576	-0.052108	-87.265470	-0.251640	-123.906430	0.128751
9530.000008	-121.621235	0.284051	-121.181483	-0.386417	-86.551913	-0.193174	-124.444868	0.218378
9540.000008	-127.381871	-0.020098	-143.006261	-0.031864	-80.223831	0.205036	-128.743246	-0.472203
9550.000008	-124.979781	-0.492108	-119.250978	0.337498	-79.781288	0.225157	-125.639695	-0.178799
9560.000008	-127.291045	0.007593	-126.979269	0.478927	-90.178797	-0.261617	-118.994033	-0.009616
9570.000008	-122.943571	-0.480813	-148.509008	0.299965	-94.777369	0.157794	-131.518726	-0.312692
9580.000008	-124.666298	-0.375479	-121.707169	0.386663	-92.345429	0.135487	-127.577089	0.219717
9590.000008	-123.134338	0.456259	-131.869889	-0.077895	-90.252444	-0.228057	-122.430375	0.109609
9600.000009	-128.036861	-0.119995	-127.075162	-0.204364	-83.675128	0.034757	-124.658202	-0.107843
9610.000009	-119.857588	-0.191390	-122.384948	0.024292	-84.762956	0.349989	-134.016071	0.321263
9620.000009	-120.752932	0.065231	-129.094631	-0.272854	-85.564000	-0.423488	-124.977338	-0.201120
9630.000009	-127.002014	0.213267	-122.286557	0.092759	-87.526196	-0.172165	-128.825644	0.024455
9640.000009	-119.994565	-0.287824	-122.201154	-0.151412	-85.146875	-0.416379	-143.666278	0.497489
9650.000009	-126.303180	-0.053323	-126.231385	-0.322990	-97.290246	-0.147560	-128.434172	-0.350081
9660.000009	-119.676425	-0.285361	-122.199820	0.435012	-87.438318	0.047254	-126.637544	0.251346
9670.000009	-134.675250	0.469796	-132.843884	-0.056080	-84.063024	-0.231070	-128.374439	-0.300976
9680.000009	-128.163441	-0.317945	-130.435351	-0.319832	-81.768607	0.085607	-131.369866	0.098846
9690.000009	-134.393429	0.035971	-121.344805	0.290554	-101.627965	-0.254839	-122.250901	-0.068087
9700.000009	-125.429155	-0.478253	-132.849041	0.212716	-92.894156	0.108350	-123.284599	0.239817
9710.000009	-129.988881	0.350719	-126.125123	0.432468	-87.462133	0.468296	-124.112800	-0.207535
9720.000009	-125.287088	-0.103325	-126.148110	-0.322227	-87.882328	0.009527	-127.808883	-0.251527
9730.000009	-128.145096	-0.303724	-121.308312	0.076587	-90.410452	-0.228592	-121.944204	0.380312
9740.000009	-126.155224	-0.279947	-131.250726	0.097512	-77.085920	0.435569	-128.225015	-0.020899
9750.000009	-130.282329	-0.271980	-129.815446	-0.467309	-86.336750	-0.300964	-130.159644	-0.146984
9760.000009	-131.761854	-0.257584	-127.240142	-0.327773	-80.799529	-0.154693	-126.557251	0.208138
9770.000009	-127.310189	0.451136	-121.904466	0.214246	-88.645089	-0.077438	-139.077300	0.064587
9780.000009	-136.302275	0.298880	-120.471250	0.268200	-88.125595	0.416171	-120.032793	-0.398213
9790.000009	-117.564559	0.039761	-121.273962	0.214721	-85.303697	0.499094	-119.202835	0.159740
9800.000009	-136.373084	0.181915	-127.493320	-0.199582	-85.505983	-0.025030	-126.489624	0.046643
9810.000009	-128.443321	0.400040	-126.869074	-0.048173	-90.772388	-0.356802	-134.845404	-0.437530
9820.000009	-123.690658	0.494149	-127.235080	0.416288	-89.535635	-0.013094	-130.302157	0.366653
9830.000009	-122.972483	0.374262	-127.898209	-0.152995	-83.599714	-0.203519	-125.928344	0.163721
9840.000009	-127.766109	-0.009229	-130.751568	-0.346113	-99.385475	0.493152	-132.456452	-0.104994
9850.000009	-124.963166	-0.420555	-123.987931	0.316134	-85.575262	-0.038538	-121.977843	-0.287919
9860.000009	-146.040539	0.180063	-121.728719	-0.177650	-83.877891	0.262508	-122.990132	0.395078
9870.000009	-124.582549	-0.238709	-118.407809	-0.113041	-88.259698	-0.205335	-133.831066	-0.059885
9880.000009	-121.659323	0.487806	-150.515676	-0.278052	-79.735024	-0.135023	-125.065933	0.339898
9890.000009	-126.261891	-0.336406	-126.778592	-0.451869	-83.234590	-0.152687	-130.725308	-0.129927
9900.000009	-134.756539	-0.387087	-126.349138	-0.390968	-86.472281	0.232540	-121.906687	-0.192521
9910.000009	-138.676417	0.203329	-127.535966	0.133308	-89.349449	-0.372564	-131.336084	-0.236577
9920.000009	-129.863886	-0.089995	-129.179179	-0.482880	-88.831526	0.152387	-127.652397	-0.466212
9930.000009	-123.569365	0.298530	-124.978536	0.330292	-86.426758	-0.236071	-135.227560	0.404993
9940.000009	-122.221082	-0.450115	-131.284333	-0.483229	-85.159826	0.482595	-128.174373	-0.304922
9950.000009	-122.889064	0.073275	-121.829263	0.037189	-98.908391	0.126238	-147.180898	-0.216711
9960.000009	-120.008015	-0.005255	-125.939228	0.078811	-95.207883	0.288314	-130.445371	-0.278672
9970.000009	-122.927694	-0.223756	-122.834574	-0.205332	-91.136505	0.279304	-126.911285	-0.240614
9980.000009	-127.174409	0.085057	-123.186882	-0.251104	-90.672404	-0.446570	-129.612800	-0.268157
9990.000009	-133.474596	-0.055620	-123.549333	-0.022284	-90.206035	-0.148360	-129.619427	0.422135
10000.000009	-135.289385	0.164052	-123.483730	-0.203732	-89.067979	0.224360	-120.897375	-0.274066
