% f116.txt
% Date Sat, Jun 26, 2021 5:48 PM
% Sine seq
% Response spectrum
% Stim level (V pk) 0.500, 0 dB filter gain, 120.0 dB attenuation
% Stim RMS (V) 0.000
% Freq [Hz]	Ch0 Mag [dB]	Ch0 Phase [cyc]	Ch1 Mag [dB]	Ch1 Phase [cyc]	Ch2 Mag [dB]	Ch2 Phase [cyc]	Ch3 Mag [dB]	Ch3 Phase [cyc]
%%end
100.000000	-114.367983	-0.091247	-120.068711	0.246531	-47.462483	0.281237	-112.546606	-0.326440
200.000000	-112.338969	0.186619	-128.346893	0.374516	-12.588977	-0.466126	-25.539732	-0.255445
300.000000	-108.223628	0.451975	-104.910381	-0.019884	-53.299007	-0.410555	-112.349102	0.261302
400.000000	-119.149253	0.203744	-114.256703	0.281153	-44.100042	-0.306674	-86.560537	0.488417
500.000000	-115.944995	0.269412	-115.803292	0.315716	-46.526271	-0.437668	-116.461900	0.046399
600.000000	-117.311811	0.068219	-111.329621	0.290099	-55.608771	0.271251	-97.078327	-0.181211
700.000000	-117.460950	-0.435818	-113.998702	-0.059076	-61.517679	-0.374346	-115.034223	0.128091
800.000000	-117.647734	0.137547	-121.792664	-0.176360	-63.121402	0.288484	-97.599604	-0.013259
900.000000	-117.845447	-0.121799	-116.972119	-0.209206	-60.243054	-0.009952	-109.044428	-0.143296
1000.000000	-113.828594	0.125031	-114.233716	0.471442	-59.233518	-0.093529	-93.200308	-0.292355
1100.000001	-120.116079	-0.136054	-134.095647	0.410307	-58.817273	0.211274	-114.962176	0.354791
1200.000001	-121.232219	-0.248300	-121.545609	-0.376558	-60.593730	0.201392	-101.413961	-0.051961
1300.000001	-118.625153	0.074824	-115.022800	0.305503	-62.401447	0.291539	-124.280368	-0.182014
1400.000001	-119.664410	0.482908	-117.559178	0.399729	-58.549480	-0.041937	-98.205125	-0.303340
1500.000001	-121.863576	-0.231174	-116.351095	-0.274870	-58.389627	0.474267	-116.007843	0.277280
1600.000001	-116.610385	-0.481382	-120.353896	-0.309461	-61.034123	0.286037	-103.640626	-0.031684
1700.000001	-131.923742	-0.127989	-124.639859	-0.310955	-67.629613	-0.440231	-119.104586	-0.378306
1800.000001	-128.274248	0.081482	-114.973706	0.343235	-57.790853	0.230046	-100.526204	0.217219
1900.000001	-116.287689	0.047656	-129.608652	0.387681	-56.807202	0.003547	-120.416949	-0.154229
2000.000001	-125.619418	-0.119471	-121.374729	-0.248280	-62.942185	-0.122265	-125.122993	-0.463532
2100.000001	-121.698011	-0.107441	-127.876414	0.061810	-58.520618	-0.087006	-124.224461	-0.062760
2200.000001	-122.637500	0.382723	-119.375106	-0.437480	-63.749279	0.395107	-111.239836	-0.326277
2300.000001	-112.839112	-0.156819	-119.310481	-0.469589	-67.519639	0.300961	-126.459890	-0.006077
2400.000001	-125.005363	-0.063077	-121.258179	0.448447	-69.222513	0.232346	-105.783974	0.395354
2500.000001	-120.317257	-0.173114	-115.437999	-0.256198	-59.917984	0.182239	-126.061701	0.265050
2600.000001	-121.546280	0.262004	-115.071930	-0.041110	-72.469379	-0.462248	-101.414877	-0.318206
2700.000001	-113.972638	-0.405758	-124.220137	-0.270658	-69.227145	0.000704	-118.605595	-0.297977
2800.000001	-114.710492	-0.154446	-117.998424	0.411706	-63.965607	0.469171	-99.701822	-0.091517
2900.000001	-125.258539	-0.370322	-127.180747	-0.495618	-63.442546	-0.448230	-115.576641	-0.215178
3000.000001	-113.937130	0.151457	-114.771085	0.051689	-67.689719	0.201975	-104.659285	0.171085
3100.000001	-134.295067	-0.201777	-117.820492	-0.270141	-69.554055	0.225228	-136.635442	-0.416389
3200.000001	-114.490141	-0.077123	-124.911093	-0.054221	-65.225006	0.168500	-126.703519	0.409355
3300.000002	-120.287589	0.119775	-116.122503	-0.067701	-65.703925	0.036144	-129.303982	0.208895
3400.000002	-119.515939	-0.021302	-118.156656	-0.250158	-71.935877	-0.052973	-103.963543	0.185717
3500.000002	-120.803908	0.391533	-116.754050	-0.196947	-67.732783	0.419751	-118.445431	-0.421253
3600.000002	-124.656250	-0.167960	-125.072476	0.095366	-71.160540	0.238439	-104.451781	0.370925
3700.000002	-119.111795	-0.393710	-113.726877	-0.283752	-79.205176	0.293283	-119.252729	-0.489429
3800.000002	-117.266171	-0.156723	-121.463105	0.133569	-67.887394	0.158915	-114.541755	0.157140
3900.000002	-137.407540	0.489114	-118.026780	0.056546	-74.685080	-0.129795	-125.826665	0.208045
4000.000002	-120.730457	-0.183016	-122.828042	0.380840	-67.599849	-0.299727	-128.642444	-0.422355
4100.000002	-120.429373	-0.077729	-113.730544	-0.170293	-77.763363	0.027767	-112.031730	-0.082086
4200.000002	-118.010610	-0.105810	-115.489121	-0.312589	-71.287572	-0.306285	-111.321290	-0.312564
4300.000002	-124.509240	0.313037	-132.297437	-0.061791	-74.861524	-0.251569	-117.967807	-0.430327
4400.000002	-135.052269	0.270304	-126.337252	-0.391595	-65.939513	-0.114120	-103.557112	-0.137949
4500.000002	-117.999214	0.091810	-115.380727	0.115153	-85.980929	0.197670	-115.792045	-0.032680
4600.000002	-115.021653	-0.383422	-119.838652	0.160959	-66.528804	-0.318832	-105.444977	-0.401753
4700.000002	-121.066447	0.096771	-120.478638	-0.181842	-71.376857	0.134351	-125.438263	-0.482621
4800.000002	-126.252596	-0.314545	-116.961508	0.027569	-72.227190	0.323632	-109.337590	-0.130462
4900.000002	-123.875828	-0.006972	-123.147956	0.220591	-68.166175	0.114755	-123.258415	-0.046959
5000.000002	-122.149062	0.311521	-118.999741	-0.009906	-72.503044	-0.468268	-105.895861	0.123125
5100.000002	-121.249154	-0.148030	-117.955831	-0.253464	-77.542484	-0.407428	-132.095860	-0.154337
5200.000002	-118.540570	-0.276706	-120.633040	-0.025123	-73.874572	0.460911	-110.328410	0.401126
5300.000002	-123.368069	-0.157025	-117.075646	0.376161	-69.825672	-0.423747	-114.554947	0.205246
5400.000002	-116.978381	-0.193563	-121.543229	-0.033872	-65.860523	0.315553	-124.711740	0.304514
5500.000003	-119.395712	-0.407713	-121.514215	-0.207691	-67.699142	-0.293716	-129.911848	0.487908
5600.000003	-122.883976	0.385476	-119.097267	-0.266655	-73.009154	0.350270	-112.039089	0.432005
5700.000003	-116.126507	0.368598	-133.129676	-0.103178	-69.835511	-0.193077	-120.834040	0.188760
5800.000003	-133.147287	0.475718	-119.905497	0.424478	-72.942673	0.038224	-105.967027	-0.409162
5900.000003	-123.871338	-0.413964	-122.147689	0.408951	-79.078625	0.154198	-117.140523	-0.407019
6000.000003	-117.512054	0.191605	-118.404088	0.444008	-73.347260	0.452339	-119.553373	0.323142
6100.000003	-131.649756	0.301364	-132.447869	0.376732	-68.572568	0.283471	-116.040971	-0.308748
6200.000003	-132.474479	-0.252330	-120.596125	0.102287	-66.791123	-0.384339	-126.499322	-0.215661
6300.000003	-118.486384	-0.298801	-124.716003	0.321907	-74.696931	-0.151814	-122.217687	-0.220996
6400.000003	-122.254563	0.136722	-122.306824	-0.353903	-74.442890	-0.110026	-116.914861	-0.227943
6500.000003	-119.758849	-0.237317	-127.217153	0.311919	-81.735262	0.426369	-117.445407	-0.230010
6600.000003	-120.657549	0.110542	-122.838378	0.388754	-74.681204	0.279405	-111.692979	0.062496
6700.000003	-117.202701	-0.482125	-118.893181	0.439099	-68.807709	-0.095796	-133.336877	-0.311334
6800.000003	-117.086460	0.294916	-123.220253	0.260232	-74.075197	-0.191375	-112.336404	0.320605
6900.000003	-122.377182	0.025212	-121.381842	0.474863	-68.278549	-0.394644	-118.141963	-0.314868
7000.000003	-119.434792	0.230508	-121.595228	-0.188675	-72.031589	-0.137381	-119.122250	0.155708
7100.000003	-119.151359	-0.093042	-118.546295	-0.086159	-77.798339	0.433639	-118.899964	0.214281
7200.000003	-116.748802	-0.100930	-115.147022	-0.426214	-69.265364	-0.171816	-107.307736	0.269344
7300.000003	-124.700244	0.423365	-120.044941	0.049677	-71.545517	0.065803	-125.371330	-0.172206
7400.000003	-117.772051	0.202982	-119.745627	-0.033483	-70.434094	-0.433432	-112.471795	-0.458565
7500.000003	-127.994993	0.035659	-121.583328	-0.331819	-72.991619	0.320602	-115.657345	0.173858
7600.000004	-123.803196	0.243022	-121.504054	0.203137	-93.477688	0.371777	-108.672337	-0.208560
7700.000004	-120.712451	0.175269	-119.593624	0.235339	-81.185563	0.233426	-118.284312	-0.484647
7800.000004	-135.736967	0.358761	-117.562852	-0.033151	-73.949001	-0.166419	-115.434867	-0.332940
7900.000004	-116.913027	0.427131	-124.399764	-0.035807	-79.425553	0.237839	-135.823739	-0.430259
8000.000004	-123.708399	-0.418209	-115.129377	0.272713	-79.246893	-0.236491	-112.794297	-0.219246
8100.000004	-131.009328	0.304850	-125.401931	-0.009563	-68.108500	0.473316	-117.679425	0.274421
8200.000004	-114.245108	0.203718	-134.798898	-0.167195	-71.832031	0.065956	-135.916944	-0.130917
8300.000004	-119.841837	-0.151544	-118.540607	-0.388869	-68.471937	0.327186	-117.326832	0.469082
8400.000004	-119.483141	-0.000287	-123.185855	-0.040672	-70.655758	0.093672	-110.066530	0.255554
8500.000004	-124.925134	-0.448550	-119.014070	-0.125751	-69.919420	0.267119	-122.181118	-0.219758
8600.000004	-116.431274	0.221784	-117.220692	0.066626	-78.317706	-0.247452	-129.973892	-0.264002
8700.000004	-134.553353	-0.228987	-119.224279	0.130243	-76.883035	0.312430	-119.585296	0.387905
8800.000004	-120.514161	-0.173721	-125.002057	-0.146512	-74.268069	0.065151	-122.994049	0.462868
8900.000004	-124.750591	-0.001736	-121.889240	-0.210138	-67.516475	0.400970	-116.923150	0.336881
9000.000004	-122.944628	-0.319363	-113.039154	0.006519	-72.637602	-0.493191	-134.525298	-0.190215
9100.000004	-127.953905	-0.118129	-127.160980	0.151946	-80.383874	0.484364	-121.209010	0.482991
9200.000004	-118.166156	-0.229838	-127.286963	0.220431	-74.824949	0.267278	-115.180235	0.489955
9300.000004	-119.129230	-0.205200	-119.866479	0.009999	-77.439219	-0.095055	-129.623978	-0.392666
9400.000004	-115.995953	0.211752	-123.929654	0.148743	-74.475448	-0.309144	-115.532149	0.455613
9500.000004	-124.790746	0.228697	-130.189997	0.281229	-77.253014	-0.041372	-117.322669	0.265719
9600.000004	-121.791178	-0.498507	-121.599896	-0.137717	-72.964727	0.295416	-113.800984	0.273851
9700.000004	-117.678270	-0.294087	-117.928586	0.077688	-74.224255	0.032352	-128.833452	0.035456
9800.000005	-126.389909	-0.166294	-121.656931	0.393424	-84.982456	-0.090906	-117.987602	0.395644
9900.000005	-119.650767	-0.486408	-119.661103	0.298782	-85.861310	0.479146	-120.239314	-0.311872
10000.000005	-119.688370	-0.440686	-120.574516	0.137915	-74.557706	0.242207	-107.817867	-0.279823
10100.000005	-121.871128	0.027906	-121.516909	0.125463	-73.794789	0.357255	-123.285456	-0.198821
10200.000005	-135.581814	0.058198	-121.299243	-0.058476	-73.781254	-0.465370	-116.792782	0.149933
10300.000005	-119.822283	-0.096372	-118.345821	-0.444395	-66.001659	0.443329	-118.711874	-0.231295
10400.000005	-124.530589	0.234483	-126.527415	0.357359	-83.895987	-0.154211	-112.858988	0.111145
10500.000005	-128.528665	-0.440383	-122.541480	0.454993	-87.207549	-0.328288	-116.832026	0.118457
10600.000005	-116.055371	0.315826	-114.671379	0.258285	-85.114678	0.458683	-117.482330	-0.040388
10700.000005	-132.436902	-0.074830	-119.262842	-0.339565	-79.583010	-0.153651	-120.801022	-0.126310
10800.000005	-119.734693	-0.162759	-130.516491	0.081904	-72.102780	-0.173639	-119.604554	0.245084
10900.000005	-124.777899	-0.081226	-133.832967	-0.423715	-78.142820	-0.291665	-132.953660	-0.052743
11000.000005	-119.292431	-0.028610	-117.913404	0.045129	-74.626012	0.233795	-121.703216	0.310393
11100.000005	-115.364668	-0.439856	-128.834078	-0.318184	-72.801606	-0.105635	-126.492943	-0.011209
11200.000005	-122.779741	-0.063226	-130.921911	0.281555	-77.550156	-0.330215	-112.774470	-0.317353
11300.000005	-122.222094	-0.346591	-120.101021	0.239446	-80.345409	0.432648	-117.701615	-0.263291
11400.000005	-123.814647	-0.215352	-125.160227	-0.164800	-79.361060	-0.442542	-123.174628	0.156942
11500.000005	-123.092736	0.170150	-121.383648	-0.397907	-79.258873	0.494608	-126.683618	0.353482
11600.000005	-125.924565	-0.257806	-116.183977	0.008607	-71.557030	-0.257466	-144.844388	0.418287
11700.000005	-122.894123	-0.441028	-120.257646	-0.328294	-78.624953	-0.231417	-126.238911	0.010758
11800.000005	-117.574021	0.417779	-120.294214	0.127282	-75.072954	0.244458	-108.723198	-0.040081
11900.000005	-114.024720	0.296923	-130.482077	-0.025470	-73.388415	0.243111	-120.665235	0.203603
12000.000006	-120.728697	-0.482705	-120.516266	-0.356173	-77.375133	0.244235	-118.242059	0.075730
12100.000006	-119.944421	0.476510	-114.920290	0.172379	-81.296747	0.168997	-118.566129	-0.057914
12200.000006	-118.992003	0.314848	-116.286564	-0.068192	-76.548165	-0.469197	-122.721734	0.205515
12300.000006	-127.175307	-0.299013	-120.262741	-0.307947	-84.799304	0.127607	-123.312147	-0.412236
12400.000006	-122.586707	-0.360528	-119.537644	0.022771	-70.336206	0.433249	-110.607942	0.172908
12500.000006	-116.358348	0.201098	-119.895854	0.264684	-76.572408	0.415936	-120.867286	0.185464
12600.000006	-120.081391	0.156916	-126.022057	-0.228819	-76.632013	-0.327441	-113.340366	0.350110
12700.000006	-120.280364	0.055482	-120.837672	0.351815	-75.416436	-0.310453	-118.920212	-0.121043
12800.000006	-118.411044	-0.488702	-120.095579	-0.376305	-75.589636	-0.053906	-120.583265	-0.071451
12900.000006	-119.275551	-0.104612	-118.461241	0.418976	-95.404364	-0.295749	-116.437950	0.025437
13000.000006	-134.647420	-0.470998	-125.667057	0.319940	-75.668136	-0.217996	-117.461617	-0.275571
13100.000006	-121.624080	0.113971	-115.642226	0.342611	-81.370922	-0.023098	-113.329845	-0.071847
13200.000006	-124.413785	0.374523	-118.328196	-0.050692	-80.959438	-0.412641	-119.457855	0.068639
13300.000006	-123.852019	-0.414779	-121.892481	0.165048	-70.309576	-0.017939	-122.665555	0.035741
13400.000006	-123.405457	-0.282002	-120.356027	-0.333748	-70.087942	0.218376	-111.299842	-0.102539
13500.000006	-131.160662	-0.272816	-118.813099	-0.083701	-76.417721	-0.040784	-113.655557	-0.045031
13600.000006	-121.870491	-0.288387	-122.655313	0.112240	-80.110280	-0.399762	-114.290495	0.150269
13700.000006	-124.222988	-0.076056	-124.216906	0.307393	-84.705430	0.442821	-118.921078	0.089943
13800.000006	-119.536813	0.136943	-111.953625	0.062676	-72.773470	0.187063	-118.748803	0.348910
13900.000006	-121.724407	-0.043750	-116.015745	0.169289	-74.340628	0.312813	-123.083456	0.411172
14000.000006	-115.663456	-0.142518	-119.577663	0.207592	-74.705930	-0.290903	-114.538581	-0.195872
14100.000006	-125.346520	-0.224731	-123.292699	-0.418284	-80.973438	0.393731	-127.908070	0.238889
14200.000007	-132.675818	0.382313	-117.440150	0.456571	-79.188573	0.138530	-118.277933	0.256531
14300.000007	-125.792482	-0.305421	-122.088799	0.068269	-72.683918	-0.397236	-123.077868	-0.421292
14400.000007	-127.816419	0.282155	-126.940278	-0.215375	-75.718154	-0.358937	-116.803155	0.243183
14500.000007	-128.061819	0.032323	-118.827343	0.425828	-78.350326	-0.397744	-120.154041	-0.267306
14600.000007	-119.193327	0.270577	-131.324308	0.428721	-90.964168	-0.396641	-116.260924	-0.112016
14700.000007	-119.790805	-0.120478	-117.844558	-0.055172	-75.870453	0.137485	-118.067626	-0.263880
14800.000007	-119.382329	-0.045642	-121.861436	-0.079225	-74.717211	-0.054929	-121.718058	0.159196
14900.000007	-121.122634	-0.093512	-116.476403	0.127136	-81.533724	-0.270179	-117.889311	-0.464042
15000.000007	-125.638513	-0.488117	-120.874196	-0.404020	-74.920248	0.197139	-119.043586	0.293027
15100.000007	-116.059680	0.358167	-124.583964	-0.021298	-79.635412	0.393013	-126.832192	-0.122058
15200.000007	-117.219596	-0.166750	-118.941900	-0.298157	-76.367623	0.215522	-117.082808	0.458661
15300.000007	-115.509900	0.106729	-116.694225	0.129375	-89.086647	0.463832	-139.088131	-0.080440
15400.000007	-121.233924	-0.164760	-118.640628	0.085837	-82.750472	0.307784	-116.214872	0.411640
15500.000007	-126.355809	0.297072	-122.505322	0.329265	-77.632818	-0.072802	-119.451949	0.397672
15600.000007	-133.956449	-0.138161	-150.062613	0.077632	-77.129863	0.107730	-129.791159	0.078962
15700.000007	-120.154781	-0.050663	-117.217012	0.217585	-77.626974	0.179135	-118.073608	-0.400607
15800.000007	-116.926676	-0.401812	-116.429454	0.479129	-86.935373	-0.203213	-119.933755	0.301930
15900.000007	-126.285541	0.329376	-123.222779	0.150179	-81.460145	-0.111813	-116.559444	0.289457
16000.000007	-116.455661	-0.074122	-131.147115	0.124649	-98.901441	0.329893	-125.469020	-0.367853
16100.000007	-118.889950	-0.110599	-117.963456	-0.095525	-86.644835	-0.142485	-122.988351	-0.017923
16200.000007	-125.667781	0.423793	-118.551249	-0.182471	-80.719159	-0.171355	-116.041889	0.216533
16300.000008	-125.788330	-0.061122	-118.908928	0.027548	-88.244201	0.361792	-128.270962	-0.279788
16400.000008	-114.729077	0.257907	-143.474818	-0.283746	-83.875652	0.409217	-117.669081	0.382501
16500.000008	-137.759397	0.256724	-115.973734	0.182815	-88.788496	0.003799	-121.146356	0.354739
16600.000008	-121.147565	0.458360	-120.882547	0.402805	-81.907064	0.095704	-128.554241	0.315967
16700.000008	-122.978084	-0.224641	-116.381255	0.021450	-79.613182	-0.336263	-129.627144	-0.370564
16800.000008	-115.797228	-0.034143	-116.713120	0.088926	-88.505016	0.472587	-113.576276	-0.057009
16900.000008	-119.986911	-0.340100	-117.550447	0.352029	-74.261839	-0.397187	-118.888829	0.274630
17000.000008	-118.070084	-0.149889	-122.747813	-0.277125	-75.853975	0.044560	-136.477375	-0.231799
17100.000008	-119.463583	-0.349256	-124.099706	-0.137940	-93.290671	-0.220240	-128.985177	-0.453762
17200.000008	-120.982425	0.085824	-126.086951	-0.017387	-83.653920	-0.028846	-122.758751	-0.122507
17300.000008	-115.086797	-0.379503	-116.927456	0.462418	-82.018942	-0.216000	-124.393530	-0.137647
17400.000008	-123.436524	-0.099645	-116.934631	0.068618	-77.685710	0.016985	-119.689148	0.266407
17500.000008	-118.813033	0.226599	-122.343424	-0.174725	-79.154712	0.254916	-117.854856	-0.401310
17600.000008	-126.215030	0.006505	-118.245872	0.289434	-80.940712	-0.311349	-125.432065	-0.424629
17700.000008	-117.366009	-0.302044	-130.868337	-0.037986	-89.542535	-0.023104	-119.370455	-0.278531
17800.000008	-126.108876	0.319108	-119.469011	-0.007591	-79.525829	0.238219	-117.743732	0.352203
17900.000008	-124.030788	-0.459376	-127.118081	0.347194	-89.034845	-0.228930	-128.372613	0.234084
18000.000008	-118.735582	-0.328923	-125.217164	-0.447176	-80.290907	0.132696	-128.286153	-0.301645
18100.000008	-137.695620	-0.261838	-125.640957	0.005090	-86.821885	-0.194108	-119.923235	-0.183171
18200.000008	-120.587297	0.302020	-114.776997	0.431533	-90.770082	0.331036	-122.128190	-0.190776
18300.000008	-114.751822	-0.083142	-120.387707	0.431036	-82.386606	0.227384	-121.648608	0.488970
18400.000008	-129.104286	-0.399845	-118.323597	-0.108251	-77.945703	-0.218959	-119.159195	0.497342
18500.000009	-144.050647	0.226175	-135.246229	0.414504	-90.978095	-0.032687	-124.845715	-0.216218
18600.000009	-124.978463	-0.230583	-119.620473	-0.334318	-80.831797	0.313952	-119.508083	0.182608
18700.000009	-124.455359	0.099066	-118.122710	-0.335210	-82.708669	-0.382067	-121.331983	0.044756
18800.000009	-115.886290	-0.237776	-115.760787	-0.338960	-86.725935	-0.259208	-121.717326	-0.280626
18900.000009	-119.612779	-0.218967	-126.081232	-0.064205	-83.011298	0.077474	-116.324215	0.401326
19000.000009	-121.962876	0.495268	-118.440059	0.414105	-83.150483	-0.219768	-123.257240	0.149319
19100.000009	-134.159527	-0.072973	-132.823241	0.148113	-76.437964	0.215223	-121.610937	-0.028663
19200.000009	-117.825060	0.302425	-123.069836	0.327614	-79.820005	-0.298265	-125.034109	-0.011288
19300.000009	-121.274948	-0.469678	-119.044118	-0.062080	-79.941737	0.013174	-121.937626	-0.480858
19400.000009	-116.715539	-0.178397	-126.678185	-0.186858	-81.075700	-0.059964	-118.139804	0.246110
19500.000009	-113.716727	-0.421118	-139.945492	-0.496091	-83.014241	-0.358706	-117.717475	0.294180
19600.000009	-122.809824	0.314917	-116.406088	0.477494	-79.989739	-0.237561	-117.553731	0.460629
19700.000009	-127.444636	0.202264	-125.557188	0.318864	-93.820189	-0.099526	-119.423725	-0.430940
19800.000009	-119.810902	-0.385734	-122.618667	-0.333212	-85.037335	-0.460325	-114.507434	0.174295
19900.000009	-126.699501	-0.207948	-118.396917	-0.099421	-80.891741	0.160481	-117.041284	-0.015515
20000.000009	-122.033977	0.088051	-120.707830	-0.477443	-80.505958	0.201362	-123.049808	0.216293
20100.000009	-114.821667	-0.230975	-118.712424	-0.263384	-98.585934	0.363766	-119.093550	-0.320582
20200.000009	-123.646074	0.056573	-138.410737	-0.109190	-81.741036	0.172091	-115.149506	-0.456619
20300.000009	-121.212205	-0.325516	-119.510299	-0.361785	-78.096768	-0.491923	-112.050726	-0.261235
20400.000009	-123.075260	0.296675	-114.420699	0.032329	-88.256360	0.414907	-115.591981	0.007974
20500.000009	-128.492808	0.230630	-119.568033	-0.326290	-80.096160	0.041760	-121.115204	0.480933
20600.000009	-123.142205	0.489017	-123.270480	0.329862	-89.065366	-0.060579	-118.563556	-0.397566
20700.000010	-114.846246	0.448009	-125.461978	-0.260047	-78.738973	-0.145522	-119.970975	-0.334858
20800.000010	-130.230569	-0.483004	-114.347380	-0.187999	-78.538020	-0.332105	-113.294662	0.012300
20900.000010	-125.257638	0.237554	-118.222052	0.234123	-87.385028	-0.280313	-122.511726	-0.231115
21000.000010	-121.882554	-0.267798	-120.096102	-0.200637	-79.365236	-0.135264	-114.815976	0.103720
21100.000010	-120.813355	0.441174	-122.977053	0.457834	-82.880617	0.003492	-116.575653	0.193231
21200.000010	-127.392543	-0.402614	-136.873217	0.135836	-86.219679	0.014031	-118.055428	-0.437458
21300.000010	-129.303863	-0.356463	-121.780499	0.306464	-82.734703	-0.296928	-116.398663	-0.046607
21400.000010	-124.110602	0.168074	-119.927190	0.275402	-97.202993	-0.357871	-122.708945	-0.184371
21500.000010	-113.606855	-0.115426	-124.689330	-0.106496	-82.361801	-0.472910	-124.323216	-0.044450
21600.000010	-116.811613	0.091729	-114.828785	-0.365766	-80.862401	0.462954	-122.012199	-0.321125
21700.000010	-115.246412	-0.014840	-116.735311	-0.197472	-90.606976	0.294803	-115.666785	-0.038112
21800.000010	-116.816916	0.463086	-121.569021	-0.099898	-84.314644	-0.159445	-125.231696	-0.341519
21900.000010	-114.244470	0.493896	-116.223125	-0.443832	-81.805239	0.208603	-132.381951	0.484273
22000.000010	-133.018354	0.074201	-119.776841	0.347245	-80.941596	-0.075422	-116.553906	-0.071818
22100.000010	-110.594129	-0.062039	-119.676666	-0.219002	-79.258504	-0.098428	-116.263798	-0.176132
22200.000010	-120.281370	-0.285383	-123.345133	0.010227	-75.735222	-0.298676	-111.969435	0.139393
22300.000010	-117.548206	-0.145108	-123.643968	0.158868	-80.162899	0.059190	-122.738980	-0.050867
22400.000010	-123.621756	0.383848	-124.316853	0.149082	-84.895923	-0.271904	-128.992101	-0.298461
22500.000010	-119.297035	-0.109985	-121.799709	0.150416	-80.012710	0.373087	-117.836669	0.099792
22600.000010	-120.199436	-0.085796	-120.521718	-0.040800	-88.335591	0.381741	-116.651275	0.263899
22700.000010	-121.651723	0.342043	-121.276242	0.234817	-78.491546	-0.411331	-116.571620	-0.388982
22800.000011	-119.644133	-0.333427	-123.864066	0.134385	-85.866448	0.031773	-117.086262	-0.210366
22900.000011	-114.834131	0.403241	-119.810819	0.335893	-78.538980	0.464823	-115.141959	0.286842
23000.000011	-133.486585	-0.462352	-129.790556	-0.457460	-84.669407	0.299349	-123.947861	-0.345585
23100.000011	-123.055692	0.162657	-125.838209	-0.338558	-83.237833	0.100555	-131.068016	0.151535
23200.000011	-126.305982	0.479450	-129.003599	-0.099432	-81.302356	0.424219	-120.860145	-0.365661
23300.000011	-117.368949	-0.214959	-122.876829	-0.328432	-79.804350	0.236953	-118.006700	-0.040098
23400.000011	-116.274105	0.231637	-122.338972	0.191862	-81.695805	-0.329560	-121.405008	-0.150773
23500.000011	-117.911781	0.179113	-122.584796	0.188063	-78.627886	0.487485	-117.318555	0.086216
23600.000011	-129.876626	-0.195423	-119.112421	0.078813	-86.170139	-0.255330	-116.965802	0.051866
23700.000011	-132.922241	-0.356145	-120.086832	0.192271	-82.174651	-0.257348	-126.206608	-0.257276
23800.000011	-115.386583	-0.021304	-125.559229	-0.039549	-87.453819	0.176209	-121.883735	0.167074
23900.000011	-112.596777	0.096494	-123.855597	-0.010754	-100.952440	-0.182042	-118.342327	-0.108452
24000.000011	-118.928209	-0.214255	-116.128686	0.220044	-84.598584	0.163637	-121.561724	0.189304
24100.000011	-124.834698	0.011090	-113.300997	0.416344	-82.060137	0.196196	-123.768763	0.043269
24200.000011	-122.941990	0.231449	-115.949330	0.026621	-80.298624	-0.118659	-114.238207	0.195936
24300.000011	-119.893330	-0.321652	-124.717044	-0.192834	-84.675670	0.311134	-129.309188	-0.241585
24400.000011	-124.055283	-0.420633	-122.707755	0.301639	-77.674399	-0.086408	-123.111660	0.314567
24500.000011	-116.519932	0.421033	-134.876467	0.231382	-89.380367	0.030814	-143.603337	-0.380555
24600.000011	-127.980612	-0.240191	-126.078990	0.312262	-88.083542	0.341662	-117.486222	-0.465727
24700.000011	-120.351269	-0.142064	-121.075500	-0.375678	-89.657343	0.080437	-121.837024	-0.075670
24800.000011	-114.517533	-0.483094	-130.662241	-0.151639	-83.479667	-0.160284	-119.661194	0.288555
24900.000011	-116.959137	-0.259382	-112.042118	-0.284130	-97.674542	-0.335267	-122.290726	-0.058513
25000.000012	-120.443069	0.417725	-123.608706	-0.415608	-90.104805	0.461611	-115.900370	0.152343
25100.000012	-122.241406	0.237384	-121.250090	-0.456506	-85.140492	-0.381351	-117.547601	-0.196494
25200.000012	-121.850379	-0.208622	-130.172950	0.330291	-95.268969	-0.400980	-116.543564	-0.478342
25300.000012	-122.988406	0.422912	-113.893398	0.241151	-77.627033	0.137259	-119.166097	0.100720
25400.000012	-118.324137	0.228544	-116.602966	0.345514	-80.937056	0.475189	-127.948905	0.228713
25500.000012	-123.184860	0.131912	-119.587236	-0.023491	-80.100005	-0.006898	-123.814023	0.226752
25600.000012	-120.936062	0.430248	-126.847773	-0.120486	-86.401798	-0.146941	-112.325251	-0.335520
25700.000012	-119.879561	0.258827	-123.261902	0.133146	-78.413812	-0.183223	-120.295825	-0.236483
25800.000012	-115.223734	0.227853	-118.928338	0.165706	-88.108811	-0.021750	-117.477849	0.426954
25900.000012	-127.514257	-0.293412	-123.412138	0.217767	-83.448624	-0.381190	-116.932151	0.399197
26000.000012	-124.769943	-0.348123	-123.118377	0.105620	-99.645136	0.446438	-120.158220	-0.293445
26100.000012	-118.720962	-0.241248	-118.272926	0.218367	-80.843951	-0.473092	-125.045545	-0.094147
26200.000012	-125.555253	-0.126528	-128.752935	0.305082	-83.901812	-0.015985	-112.870932	0.076009
26300.000012	-131.080657	0.107505	-112.756389	-0.074379	-84.294787	-0.220895	-117.327494	0.262609
26400.000012	-120.572427	-0.049563	-120.951818	-0.096116	-98.139658	0.447896	-121.768914	0.152955
26500.000012	-121.793055	0.192574	-122.753309	0.081382	-85.979456	-0.335190	-128.102282	-0.261761
26600.000012	-117.463279	-0.157346	-125.412465	-0.414222	-82.306537	-0.123144	-115.791321	-0.225980
26700.000012	-124.146128	-0.317650	-115.740673	-0.010668	-81.483807	0.085775	-124.094452	0.447095
26800.000012	-121.895419	-0.339720	-121.294929	0.371622	-84.465947	-0.448642	-122.374162	-0.339505
26900.000012	-120.815357	-0.251673	-124.290859	-0.237442	-87.373649	-0.189293	-120.727812	-0.053929
27000.000012	-119.470665	-0.226311	-140.355311	0.486775	-89.061686	-0.350782	-134.562739	-0.269107
27100.000012	-121.425870	0.345396	-117.587631	-0.393083	-86.452951	-0.348637	-118.250361	0.300614
27200.000013	-118.670393	0.201795	-117.258968	0.112929	-87.608094	0.337491	-118.677478	-0.252087
27300.000013	-123.234874	0.192975	-117.860417	0.480284	-85.430699	0.149080	-136.884688	0.151422
27400.000013	-121.376854	0.114001	-125.523036	0.211286	-79.327653	0.388752	-117.992405	-0.425646
27500.000013	-122.959634	0.450263	-118.855504	-0.372562	-80.300752	0.494489	-131.326301	0.334619
27600.000013	-115.974300	-0.481603	-120.486383	0.306741	-89.914718	0.122668	-126.047796	-0.446018
27700.000013	-122.229498	-0.020686	-123.135212	-0.206408	-84.303755	0.107896	-120.398778	0.000726
27800.000013	-122.908950	-0.323019	-111.805082	0.229201	-82.621991	-0.207480	-115.959856	0.176806
27900.000013	-122.767999	-0.343375	-141.812765	-0.130634	-87.341156	-0.214923	-129.224837	-0.236577
28000.000013	-129.728928	0.148334	-119.617509	-0.008706	-96.718849	0.302378	-118.727873	0.262835
28100.000013	-118.261960	0.435332	-129.474196	-0.036253	-102.945492	0.285715	-119.591030	0.425505
28200.000013	-121.434761	0.395159	-117.277851	-0.014217	-82.489906	0.268199	-118.843392	0.014993
28300.000013	-118.707833	-0.263560	-114.977861	-0.142414	-90.465310	0.289193	-120.997631	0.127380
28400.000013	-116.332310	-0.238746	-116.770602	-0.254949	-81.369828	0.424011	-113.956946	0.034119
28500.000013	-122.084645	0.055998	-127.717254	-0.298704	-81.625872	-0.293735	-116.669953	0.104039
28600.000013	-120.746979	0.220760	-121.534577	0.360901	-84.435490	-0.407077	-115.464593	0.285075
28700.000013	-126.388452	0.196098	-122.167530	-0.411324	-92.864822	0.446960	-136.573357	-0.071954
28800.000013	-115.622474	0.280857	-122.142315	0.418078	-91.591946	0.469570	-118.784990	-0.270994
28900.000013	-124.636133	-0.441532	-123.244726	-0.181085	-87.505981	0.024988	-120.083430	-0.172986
29000.000013	-121.827049	0.328210	-127.282354	0.467712	-93.368004	-0.117184	-116.374496	-0.465104
29100.000013	-124.854992	0.487308	-122.284553	-0.237761	-86.191546	0.006854	-124.079926	-0.075739
29200.000013	-127.373418	0.207395	-118.984909	0.311228	-105.071124	-0.256026	-118.437577	-0.328935
29300.000014	-113.378612	0.300360	-128.580148	-0.292435	-80.940483	-0.038436	-117.926933	-0.249251
29400.000014	-130.537695	-0.244866	-141.953805	-0.473783	-87.916722	0.319426	-118.471020	0.045194
29500.000014	-125.526385	0.096918	-119.882698	0.075569	-101.160207	0.045873	-141.026913	-0.349799
29600.000014	-120.378500	-0.038273	-115.651155	0.478909	-88.724010	-0.078924	-121.908489	0.278346
29700.000014	-122.067190	-0.151190	-121.536715	-0.262310	-94.202336	0.401547	-120.005118	-0.368156
29800.000014	-120.557727	0.154558	-119.041648	0.173543	-84.775491	0.329165	-118.644253	0.129895
29900.000014	-125.043339	0.200237	-119.269903	-0.281823	-81.592514	0.464068	-119.441307	-0.355361
30000.000014	-133.410054	-0.026595	-128.465656	-0.112076	-79.290086	-0.497300	-116.484030	0.215674
30100.000014	-117.976354	0.230032	-128.551439	-0.315533	-81.402475	-0.446025	-114.426132	-0.034982
30200.000014	-116.227124	0.033255	-127.219483	-0.060054	-86.776578	-0.327131	-117.388276	0.418750
30300.000014	-124.196126	-0.218972	-119.180975	-0.384739	-87.056494	-0.264430	-122.271018	0.272872
30400.000014	-131.768924	-0.417803	-123.069479	-0.155046	-93.592643	-0.025876	-137.236143	0.409359
30500.000014	-122.820876	-0.208950	-126.244270	0.340440	-95.841483	0.235424	-115.530908	-0.192526
30600.000014	-117.486428	0.332733	-114.997501	0.056273	-89.884817	-0.146667	-121.141925	-0.488923
30700.000014	-116.336890	-0.448763	-115.607487	0.422873	-78.985648	0.040522	-118.481167	-0.475608
30800.000014	-117.267532	0.013153	-114.372944	-0.344559	-93.585494	-0.161295	-123.831945	0.496540
30900.000014	-114.493048	-0.128232	-136.278196	0.300706	-85.784423	-0.015093	-123.812553	0.100390
31000.000014	-127.194536	-0.012319	-125.147616	-0.432045	-88.268062	-0.367377	-128.932164	0.222821
31100.000014	-119.117038	-0.336451	-117.129826	-0.003020	-83.776265	-0.180409	-121.243463	-0.397253
31200.000014	-122.593030	-0.149276	-120.545787	0.151308	-82.337902	0.066442	-129.955818	0.401656
31300.000014	-122.668551	-0.019592	-123.723464	0.036823	-87.829652	0.433101	-118.785356	-0.397241
31400.000014	-120.435027	-0.121867	-118.076193	-0.236675	-88.756423	0.357658	-117.921266	-0.077486
31500.000015	-133.238523	-0.267545	-125.755678	-0.035207	-82.724376	0.476362	-126.388479	0.007079
31600.000015	-129.400281	0.158246	-118.649492	-0.058023	-83.582861	0.095921	-120.438480	-0.117685
31700.000015	-120.363107	0.200758	-120.082549	-0.318636	-83.102930	0.126583	-125.365572	-0.442891
31800.000015	-124.370190	-0.022743	-127.761781	0.457306	-85.617069	-0.079241	-115.560153	-0.235072
31900.000015	-120.256175	-0.320817	-120.799444	-0.432811	-87.865701	-0.104436	-137.391174	-0.069103
32000.000015	-122.722252	0.122038	-122.112335	-0.429094	-86.427431	0.113640	-115.721692	0.147909
32100.000015	-117.519134	-0.480570	-121.528654	-0.499497	-90.683885	-0.288983	-120.883511	-0.342121
32200.000015	-123.470735	0.193110	-121.426277	-0.389906	-90.328069	-0.350722	-127.825066	0.435700
32300.000015	-121.388603	0.089687	-117.622301	-0.220697	-83.464737	0.406238	-118.871938	-0.078172
32400.000015	-119.336521	-0.396819	-121.305965	-0.356787	-83.775123	0.322500	-133.173049	0.045973
32500.000015	-119.188167	0.222850	-123.113742	-0.227281	-87.743009	-0.242937	-117.671265	-0.032514
32600.000015	-128.406366	-0.439202	-124.036189	0.073585	-103.962080	-0.149789	-122.065314	0.351869
32700.000015	-123.255243	0.420349	-130.156517	0.470743	-90.139533	0.277638	-123.663919	-0.214059
32800.000015	-119.897372	0.345379	-125.620889	0.364591	-82.467999	0.106879	-123.638750	-0.353593
32900.000015	-136.907673	0.377718	-129.795126	-0.344409	-86.121056	-0.041616	-121.098020	-0.368418
33000.000015	-121.690168	-0.094510	-118.986044	-0.467699	-83.414982	0.332011	-119.972558	0.287167
33100.000015	-121.961014	-0.268187	-120.292223	0.037675	-83.515856	0.125230	-116.989095	0.101810
33200.000015	-118.157742	0.467734	-118.231573	0.428014	-94.947874	-0.470768	-121.555810	-0.436856
33300.000015	-125.100106	-0.126171	-122.547565	0.415262	-85.326247	0.154217	-115.443637	-0.280949
33400.000015	-120.954082	0.111992	-131.874696	0.038125	-98.792274	0.307900	-123.050698	-0.089120
33500.000015	-127.854789	0.064662	-127.502582	0.074797	-91.587465	-0.055469	-120.712739	0.060759
33600.000015	-117.517890	0.057975	-122.434235	0.072070	-80.428554	0.002432	-125.191595	-0.143439
33700.000016	-120.193230	0.104528	-127.638954	0.219928	-88.563283	-0.268945	-117.466114	0.470386
33800.000016	-121.547610	0.415628	-119.616338	-0.378385	-98.487560	-0.459009	-112.149009	-0.383084
33900.000016	-126.670177	0.384162	-117.582269	-0.325100	-91.482681	0.369045	-118.566365	0.275523
34000.000016	-119.601482	-0.135917	-124.449721	0.170495	-84.611629	0.166749	-126.239243	0.090410
34100.000016	-124.580386	-0.423600	-133.587409	-0.369705	-90.393199	-0.460428	-117.536894	0.281181
34200.000016	-116.277820	-0.250713	-121.794662	0.008494	-92.660743	0.036845	-121.672951	-0.399373
34300.000016	-122.347707	0.388030	-122.731318	-0.170208	-83.026704	-0.036212	-115.110825	0.228444
34400.000016	-120.614185	0.273775	-120.656612	0.328926	-90.620503	-0.481241	-116.503638	0.114016
34500.000016	-114.309213	0.287130	-118.524222	-0.366361	-92.449729	-0.173836	-121.091354	0.017199
34600.000016	-120.340098	0.309438	-122.145919	-0.195538	-87.122346	0.324414	-116.414644	-0.147600
34700.000016	-124.312951	0.197858	-138.916650	0.109813	-90.588138	-0.030093	-114.183433	0.056691
34800.000016	-114.393053	0.136392	-120.048892	0.379561	-93.884593	0.031564	-119.722701	-0.322080
34900.000016	-122.640843	-0.066183	-116.850446	0.254167	-83.135159	-0.198264	-134.397640	-0.441783
35000.000016	-120.346561	0.288787	-117.908953	0.448823	-84.810094	0.057667	-124.347303	0.245443
35100.000016	-118.454363	-0.421677	-121.075811	-0.420563	-85.551300	-0.447498	-115.669875	0.147488
35200.000016	-122.084993	-0.021841	-123.784301	-0.076263	-85.158873	-0.028522	-112.869337	0.474200
35300.000016	-115.736835	0.137794	-124.273217	-0.015718	-91.188898	-0.094448	-132.963080	0.164920
35400.000016	-123.065495	0.381587	-116.110900	0.094473	-86.616750	-0.352752	-115.864338	0.488676
35500.000016	-128.504688	-0.408945	-122.072528	-0.066352	-91.917862	-0.269861	-117.241131	-0.312355
35600.000016	-117.350542	-0.273009	-121.159196	-0.103352	-81.379826	-0.386023	-115.196935	-0.381067
35700.000016	-117.920578	-0.376118	-124.357502	-0.364900	-85.654005	-0.357024	-120.714864	-0.317600
35800.000017	-114.842018	0.342223	-120.624825	-0.137444	-93.883032	-0.115867	-117.783008	0.202548
35900.000017	-117.676142	-0.225824	-116.650066	-0.152619	-82.960532	0.133155	-123.856644	0.053342
36000.000017	-124.865436	-0.137220	-125.844896	-0.003779	-94.511930	0.060375	-125.624209	-0.494870
36100.000017	-117.931884	0.045928	-114.865021	0.150407	-85.530737	0.332091	-121.405626	0.090574
36200.000017	-125.150209	-0.089335	-127.927324	0.466216	-90.061555	0.462138	-130.974104	-0.239395
36300.000017	-120.376578	0.484375	-117.531890	-0.174866	-86.763452	-0.050074	-125.916272	-0.400790
36400.000017	-120.542716	-0.271972	-124.075329	0.124752	-89.676686	0.048340	-122.690546	-0.496516
36500.000017	-121.765604	0.277997	-121.422080	-0.168501	-84.868904	0.366820	-121.594034	0.272774
36600.000017	-130.298985	-0.092255	-138.669219	0.434084	-92.820989	-0.147583	-125.664246	0.129561
36700.000017	-134.023482	0.138500	-118.124860	-0.113140	-85.056973	-0.268618	-121.786323	-0.183500
36800.000017	-129.192173	-0.120936	-122.276610	-0.472490	-85.348058	0.457884	-117.531463	-0.410760
36900.000017	-129.633859	0.187122	-120.706474	-0.438869	-92.458423	0.469876	-121.141995	0.185755
37000.000017	-115.303228	-0.009457	-125.345332	-0.106134	-93.504403	-0.260866	-118.044316	-0.300781
37100.000017	-123.675850	0.093256	-116.939668	0.054653	-83.439275	-0.097816	-124.448726	-0.179042
37200.000017	-132.416515	0.204266	-120.592749	0.347018	-107.034681	0.386276	-133.771824	0.027144
37300.000017	-120.214638	0.134508	-121.727902	0.230593	-95.773971	-0.174969	-129.549937	0.007234
37400.000017	-125.546908	-0.113579	-119.117949	0.393624	-83.367209	-0.007992	-141.230108	0.114230
37500.000017	-118.947680	0.380066	-116.327083	0.386002	-83.952840	0.490137	-121.399651	-0.032011
37600.000017	-118.497589	0.247833	-116.456894	-0.249873	-87.230875	0.301846	-126.728663	-0.070863
37700.000017	-120.467170	-0.404526	-126.285685	0.003553	-85.533880	0.265186	-120.376950	-0.157873
37800.000017	-118.064939	-0.203318	-139.161071	-0.126868	-89.232402	0.354111	-121.760021	-0.291629
37900.000017	-117.801801	0.061177	-122.355707	-0.154542	-92.344151	0.398981	-118.719747	-0.382660
38000.000018	-123.696140	-0.385074	-125.986986	-0.121399	-91.078344	-0.025209	-121.223041	0.189868
38100.000018	-122.983782	0.068847	-120.062431	-0.050919	-83.329562	-0.011535	-141.584445	-0.264486
38200.000018	-126.655927	0.400901	-113.896303	0.297734	-92.230698	0.240289	-127.054399	0.239651
38300.000018	-132.859285	-0.406638	-128.836377	-0.322371	-110.451193	-0.190114	-119.868808	0.061932
38400.000018	-120.453096	-0.323877	-113.856294	-0.263769	-94.429467	-0.249372	-136.659443	-0.037018
38500.000018	-114.615122	0.014794	-117.365471	0.450227	-83.317575	-0.368783	-125.731326	-0.038833
38600.000018	-121.764769	-0.430054	-124.869126	-0.379706	-95.182763	-0.187298	-120.421083	0.180787
38700.000018	-124.755493	0.488018	-112.596221	-0.446003	-90.979295	0.368641	-125.846285	-0.031069
38800.000018	-124.176695	0.207818	-119.508934	0.244330	-81.534167	-0.422543	-124.216358	0.419950
38900.000018	-126.247489	-0.315666	-114.142358	-0.001849	-84.082440	0.231252	-123.437190	-0.349622
39000.000018	-118.659794	0.301572	-120.349392	0.483334	-95.513777	-0.399670	-130.111496	-0.334935
39100.000018	-125.400641	-0.133225	-119.534298	-0.323959	-82.029189	0.043591	-129.687551	-0.103312
39200.000018	-115.402539	0.211784	-121.381120	-0.460026	-93.101217	-0.351248	-117.096817	-0.122097
39300.000018	-120.287032	0.012017	-121.029349	0.032620	-87.290586	-0.331809	-134.606675	0.263171
39400.000018	-117.933621	-0.429936	-118.990146	0.296963	-89.433113	0.379685	-125.700119	-0.211470
39500.000018	-118.952511	0.075430	-139.054440	-0.015303	-93.343908	0.311259	-129.457412	0.400794
39600.000018	-138.186512	-0.313382	-115.722670	-0.016156	-93.332285	-0.376558	-112.870465	0.143111
39700.000018	-118.167193	-0.164876	-127.091659	0.054750	-90.937959	0.311933	-120.733860	0.256333
39800.000018	-120.567531	-0.404878	-116.247313	-0.433500	-92.075298	-0.176739	-136.438028	0.394845
39900.000018	-123.057004	0.372534	-122.690945	-0.191046	-97.186265	0.447594	-127.786721	0.198489
40000.000018	-119.665297	0.264659	-115.224985	0.073526	-97.345089	0.361517	-124.711230	-0.239955
40100.000018	-131.094721	0.372036	-119.339420	-0.377445	-88.350978	0.272799	-114.730423	-0.043949
40200.000019	-127.649575	-0.368515	-119.814217	-0.161445	-87.025433	-0.039187	-115.852304	0.061603
40300.000019	-121.671327	0.047827	-127.372729	0.102479	-86.969063	-0.391033	-115.661270	-0.480092
40400.000019	-119.088674	0.484508	-129.286407	-0.281716	-93.271051	0.163435	-117.208200	0.409994
40500.000019	-119.426072	-0.426067	-129.019963	-0.152801	-103.058424	-0.375502	-120.326043	-0.102903
40600.000019	-124.787902	-0.349030	-120.580728	0.356844	-80.756176	-0.211646	-121.878959	0.445233
40700.000019	-132.430367	-0.125632	-127.350133	0.408904	-101.969644	0.244226	-119.546457	0.448869
40800.000019	-127.368528	0.066077	-128.887139	0.197409	-89.376549	0.007363	-116.493767	-0.418762
40900.000019	-120.598778	-0.226580	-123.218040	-0.193123	-97.240432	-0.288320	-125.622719	-0.347119
41000.000019	-117.284785	-0.029325	-112.405005	-0.125900	-85.401662	-0.424668	-115.544462	0.003336
41100.000019	-116.449703	0.190895	-121.923559	0.414489	-91.896080	0.448828	-124.858324	-0.391973
41200.000019	-116.913112	0.140946	-114.182614	-0.156890	-90.435003	-0.400031	-120.572897	0.178473
41300.000019	-113.839796	0.475049	-119.598235	0.460349	-87.652357	-0.395041	-136.469860	0.468504
41400.000019	-122.005255	-0.113141	-129.484998	0.295122	-87.519285	0.162546	-117.509539	0.434475
41500.000019	-120.716790	-0.048645	-127.357614	-0.028857	-99.455837	-0.438942	-131.326232	-0.349351
41600.000019	-124.054079	-0.400805	-116.956575	0.388745	-91.013345	-0.354190	-115.154986	-0.383481
41700.000019	-126.055095	-0.351450	-123.284898	-0.143301	-89.599375	0.124703	-116.690362	0.067830
41800.000019	-126.330409	0.313828	-122.627866	-0.382932	-90.276961	0.190874	-114.989584	-0.432440
41900.000019	-124.062262	-0.391248	-120.670833	0.454469	-97.038864	0.303737	-121.128391	0.485648
42000.000019	-116.766282	0.005673	-118.132418	0.325154	-80.941955	0.450823	-114.026474	0.155874
42100.000019	-116.299528	0.097843	-122.316486	0.193721	-87.201784	0.482016	-117.525403	-0.391837
42200.000019	-119.110379	-0.012363	-128.770409	0.277462	-88.210937	-0.069456	-139.482692	0.347626
42300.000019	-115.744987	0.393197	-118.222348	0.435031	-83.720065	0.091515	-116.048488	0.397468
42400.000020	-126.767457	0.067626	-119.687686	-0.487265	-88.992195	-0.380765	-133.343061	-0.412071
42500.000020	-116.228529	0.328691	-116.437281	-0.353083	-88.680362	-0.133554	-120.545135	-0.281875
42600.000020	-118.731942	-0.312181	-120.817457	-0.205361	-109.916047	-0.361070	-118.203088	-0.216807
42700.000020	-120.850112	-0.204096	-126.794814	-0.092246	-82.339510	0.045058	-115.660744	0.383825
42800.000020	-121.257650	-0.226644	-128.615920	0.429541	-88.552570	-0.050359	-120.329473	-0.274540
42900.000020	-132.454489	0.227116	-118.957991	-0.358937	-93.014407	-0.257334	-119.179697	-0.415285
43000.000020	-121.793495	0.330193	-117.202025	0.100904	-85.170051	0.230399	-118.288639	0.280784
43100.000020	-121.778304	0.490680	-115.207439	-0.201322	-96.849248	-0.430015	-118.961609	-0.012994
43200.000020	-117.532567	-0.107790	-118.748876	0.494663	-85.561824	-0.018094	-123.301592	0.462199
43300.000020	-116.920704	-0.003641	-117.829102	0.182952	-106.543193	-0.470920	-129.977743	-0.378949
43400.000020	-126.892504	-0.348510	-120.858447	-0.148975	-90.655418	-0.217966	-122.729967	0.492651
43500.000020	-116.957393	0.453946	-114.007155	-0.206679	-99.914395	-0.474182	-119.517380	0.341476
43600.000020	-112.657608	-0.029628	-124.640716	-0.191172	-112.507046	-0.067137	-122.959105	0.041955
43700.000020	-122.868757	-0.287912	-117.250110	-0.158518	-97.950771	0.436645	-122.335519	0.183181
43800.000020	-118.779580	0.191756	-121.634458	0.392328	-98.068810	0.012040	-115.854479	-0.195138
43900.000020	-125.396872	-0.098594	-121.246615	-0.189849	-89.588682	-0.462992	-132.994323	-0.096956
44000.000020	-119.891136	0.297039	-120.298505	-0.323288	-93.237744	0.272320	-116.620898	-0.075427
44100.000020	-120.144916	-0.365747	-128.422357	0.175121	-88.783432	-0.228221	-113.419573	-0.006160
44200.000020	-121.461195	-0.208716	-133.292463	-0.476857	-93.152050	-0.097784	-123.521208	-0.142340
44300.000020	-123.688631	-0.308524	-119.561076	0.354225	-99.025132	-0.045834	-133.788883	0.126833
44400.000020	-132.898798	0.213630	-121.435960	-0.374535	-88.183286	0.466993	-140.437306	-0.044748
44500.000021	-117.156164	0.289491	-121.348958	-0.164353	-94.165359	0.150240	-123.913179	0.486378
44600.000021	-128.327666	-0.198537	-116.711062	-0.066411	-94.171052	0.062377	-133.689970	-0.450831
44700.000021	-132.630731	-0.155981	-118.936144	0.062666	-108.974359	-0.005197	-122.750046	0.145110
44800.000021	-123.770130	0.254076	-117.922806	0.475609	-90.839682	-0.474722	-120.603782	-0.260388
44900.000021	-117.286743	-0.259128	-121.156173	-0.116432	-93.797334	0.409341	-119.556912	-0.333787
45000.000021	-120.035392	-0.221799	-123.598647	0.277449	-87.967410	-0.111418	-125.074482	-0.155901
45100.000021	-121.861760	0.317364	-122.091933	0.062561	-86.938875	0.496326	-122.591377	-0.034483
45200.000021	-129.834039	0.068831	-125.133855	0.339342	-94.634002	-0.141047	-120.296214	-0.047503
45300.000021	-132.041779	0.157597	-118.854504	0.369305	-96.578304	0.432955	-131.253584	0.439697
45400.000021	-116.761891	-0.287232	-116.062361	-0.224898	-95.973756	0.123631	-121.655801	0.155062
45500.000021	-116.403299	-0.476668	-120.476729	0.236337	-85.022497	-0.402083	-123.882297	0.335032
45600.000021	-126.668854	-0.046667	-120.937101	0.346495	-91.751721	-0.441203	-134.814539	0.268446
45700.000021	-125.255660	-0.044120	-118.059366	-0.150525	-93.648270	0.125852	-116.882321	0.314084
45800.000021	-118.274080	-0.174256	-122.310865	0.312366	-91.499123	-0.417165	-126.080840	-0.140576
45900.000021	-117.249338	0.128794	-125.156016	0.356243	-102.933190	0.217534	-126.237594	0.125629
46000.000021	-121.113444	-0.238084	-117.606464	0.214210	-103.635949	0.144728	-126.150027	-0.019100
46100.000021	-118.241522	-0.145704	-119.955673	0.288783	-100.756534	-0.049193	-123.194610	0.437328
46200.000021	-118.202879	0.315236	-115.704727	0.163009	-92.086503	0.136047	-128.768711	-0.153765
46300.000021	-116.923416	0.151343	-128.148719	0.128712	-95.064643	0.384808	-120.654276	-0.186419
46400.000021	-123.764278	0.330403	-116.413907	0.326386	-85.770739	0.185056	-124.686862	0.287144
46500.000021	-116.696822	0.323414	-122.443256	0.050891	-95.437929	-0.289297	-117.325217	-0.097089
46600.000021	-121.151394	-0.236947	-117.747455	-0.436239	-104.192491	0.028643	-119.224224	0.246462
46700.000022	-124.367858	-0.316092	-120.021785	0.188980	-88.034045	0.079579	-125.458829	0.392891
46800.000022	-114.942113	-0.380555	-115.245944	-0.338329	-90.758407	-0.225819	-117.098256	0.214212
46900.000022	-119.608276	-0.471789	-122.679961	-0.060725	-90.348903	-0.296125	-122.801253	-0.466125
47000.000022	-118.667257	0.497546	-119.284842	-0.182914	-95.982105	-0.492949	-115.158798	-0.091060
47100.000022	-124.679433	0.092973	-117.438646	-0.016817	-84.487708	0.061687	-125.240993	-0.489633
47200.000022	-124.171580	-0.024681	-125.161999	0.110257	-107.923397	-0.206059	-120.608763	0.454737
47300.000022	-119.653996	-0.253688	-120.142367	0.056947	-90.760783	0.260190	-118.223491	-0.047724
47400.000022	-115.354256	0.164892	-128.623224	0.172755	-100.579967	-0.202115	-115.965464	0.105372
47500.000022	-130.280489	0.017467	-118.688548	-0.222728	-89.354350	-0.351833	-124.167534	-0.133943
47600.000022	-124.206190	0.362004	-113.878576	-0.279629	-93.408599	-0.101449	-118.505505	-0.120726
47700.000022	-119.474254	-0.153179	-122.877722	-0.389281	-99.964843	0.288029	-129.234208	0.287457
47800.000022	-121.433612	0.072663	-121.691606	0.006141	-96.094915	0.036242	-134.386894	0.452128
47900.000022	-113.747307	-0.286424	-120.549549	-0.284858	-96.318509	-0.068305	-128.463041	0.400796
48000.000022	-155.080475	0.373967	-120.265999	-0.383160	-90.145835	0.305250	-121.808999	-0.393546
48100.000022	-125.828715	0.014492	-116.657348	-0.388300	-93.267945	0.134073	-134.279435	0.301335
48200.000022	-120.542249	0.189192	-129.392282	-0.079018	-90.578953	0.393841	-119.014594	0.011370
48300.000022	-118.613187	-0.481389	-132.101785	-0.055694	-99.636925	-0.391657	-123.053132	0.071422
48400.000022	-128.930881	-0.401706	-122.849669	0.027184	-94.252816	-0.356208	-119.843139	-0.323622
48500.000022	-120.812992	-0.173018	-116.465061	0.115715	-87.587621	-0.151692	-119.182722	-0.115435
48600.000022	-121.482785	0.122699	-117.498459	-0.400528	-87.334139	-0.489176	-122.478826	-0.018613
48700.000022	-121.320605	-0.490731	-131.727550	0.128974	-100.240002	0.162347	-121.323924	-0.299458
48800.000022	-123.227301	0.213283	-119.858522	-0.444750	-94.376563	0.408102	-113.844484	-0.104539
48900.000023	-119.547903	-0.346384	-122.676111	-0.314781	-97.139698	-0.089884	-134.102858	0.363464
49000.000023	-121.211377	-0.011072	-118.150226	-0.195606	-91.435460	0.179385	-115.422384	-0.135233
49100.000023	-121.074873	-0.364862	-117.125481	-0.357419	-93.810892	-0.281027	-129.437498	-0.392197
49200.000023	-117.312529	-0.040304	-134.600662	-0.103141	-90.945036	0.084637	-119.756992	0.116565
49300.000023	-116.768821	0.330342	-124.663926	0.295336	-96.670480	0.373150	-116.690055	0.340415
49400.000023	-120.851695	0.497475	-129.526633	-0.356780	-89.331373	-0.230653	-119.803961	0.439281
49500.000023	-128.368973	-0.496363	-114.200658	0.094620	-90.261475	0.382918	-116.299509	-0.043826
49600.000023	-130.750438	-0.487665	-120.151992	-0.019389	-90.718108	-0.185571	-120.232830	-0.229013
49700.000023	-136.397490	0.014408	-127.844927	-0.046085	-92.756296	-0.028450	-116.527927	-0.055737
49800.000023	-115.827384	0.119655	-119.692694	0.260840	-90.230370	-0.190235	-128.236483	-0.119436
49900.000023	-118.372685	-0.064379	-125.325574	-0.251345	-93.740469	0.324665	-118.038465	0.096651
50000.000023	-114.910019	-0.332329	-122.706645	0.451787	-93.808342	0.135154	-126.332370	0.279176
50100.000023	-118.553719	-0.073371	-119.438242	-0.465031	-100.670165	0.067193	-117.776968	-0.292380
50200.000023	-125.065848	0.444432	-117.062608	-0.497139	-90.734747	0.447823	-119.033936	-0.102616
50300.000023	-111.089675	0.063750	-126.155263	-0.442149	-89.690292	0.315162	-124.078478	0.053268
50400.000023	-113.130952	0.149610	-116.884370	0.195932	-89.762585	0.409754	-118.115362	0.197794
50500.000023	-113.180541	0.240662	-149.926886	0.234775	-92.040482	0.154595	-122.316034	0.329490
50600.000023	-116.424564	0.209208	-120.866046	-0.071188	-96.801815	-0.166374	-122.336297	0.123110
50700.000023	-129.602391	0.343517	-121.934211	0.428242	-94.074526	-0.045495	-120.321841	0.486227
50800.000023	-121.447105	0.305902	-125.256867	0.435009	-99.361588	-0.025184	-122.201780	0.118625
50900.000023	-122.351255	0.088658	-118.633693	0.267111	-103.065168	-0.397856	-125.842473	0.239131
51000.000024	-124.297074	0.150830	-116.038294	0.183473	-89.438347	-0.209027	-117.433790	-0.102064
51100.000024	-118.341552	-0.305072	-120.681783	0.338897	-92.003978	-0.236023	-123.902838	-0.262553
51200.000024	-121.981111	-0.244681	-119.564071	0.157621	-91.522260	0.020093	-139.723951	0.445931
51300.000024	-141.181545	-0.455805	-123.435082	0.151542	-90.718911	-0.131115	-120.956835	-0.049169
51400.000024	-113.884376	-0.420966	-115.693557	0.324464	-92.932773	-0.280308	-119.548134	-0.445673
51500.000024	-125.008138	-0.238846	-122.388146	-0.402298	-95.651720	-0.215743	-123.889181	0.176894
51600.000024	-121.464630	0.105256	-120.385089	0.058455	-94.187193	-0.015062	-118.882547	-0.111340
51700.000024	-130.401748	-0.176901	-119.965239	-0.366807	-91.360058	-0.085670	-124.180653	-0.145022
51800.000024	-116.810712	-0.414772	-131.451716	0.085754	-90.491432	0.493738	-120.017695	-0.414924
51900.000024	-116.953091	0.143537	-129.870347	0.359441	-91.015253	0.342243	-121.302185	0.419254
52000.000024	-126.854065	-0.031855	-118.579886	-0.189582	-94.650925	0.329329	-114.268985	0.305784
52100.000024	-122.292418	0.204480	-128.689488	0.184838	-96.101390	-0.221834	-122.086143	0.301863
52200.000024	-126.483233	-0.336962	-122.202341	0.338324	-96.904556	0.151038	-116.655650	-0.179966
52300.000024	-125.580403	-0.115035	-116.883596	-0.405792	-95.921425	0.389398	-133.238683	-0.464044
52400.000024	-124.043549	0.467035	-117.302569	0.380266	-91.523369	-0.370554	-117.927467	0.177024
52500.000024	-123.757217	0.054961	-119.610747	-0.066023	-90.889360	-0.459212	-126.424593	-0.365271
52600.000024	-128.538610	-0.119076	-129.211007	-0.492376	-95.459583	-0.198491	-124.338619	-0.058332
52700.000024	-121.381569	-0.307905	-130.961388	0.364280	-96.121918	0.346316	-119.295650	0.356686
52800.000024	-123.351185	0.152243	-120.248688	0.106531	-96.509238	-0.005535	-119.708383	-0.099093
52900.000024	-127.253484	-0.173220	-119.361957	-0.262578	-92.355980	-0.013263	-115.521657	0.258709
53000.000024	-116.093355	-0.144531	-125.035000	-0.082909	-91.530851	-0.230088	-120.478608	-0.044354
53100.000024	-120.638349	-0.268992	-119.581314	0.272843	-91.471075	-0.441855	-123.314551	-0.477905
53200.000025	-122.640337	0.248982	-116.749234	0.143466	-87.150612	-0.290548	-123.330028	-0.302616
53300.000025	-118.145268	-0.033256	-117.061332	-0.384904	-98.920147	-0.458526	-118.915631	-0.135141
53400.000025	-117.533252	0.154645	-122.367911	-0.391102	-102.898755	0.036435	-121.452102	-0.471471
53500.000025	-127.565468	0.058532	-122.353191	0.112059	-99.375834	0.330241	-121.836501	0.237839
53600.000025	-122.969260	0.478112	-124.380661	0.072268	-106.739284	0.006455	-120.683929	0.449133
53700.000025	-126.760967	-0.328718	-122.698565	-0.170465	-106.055185	0.451544	-122.262020	0.170124
53800.000025	-116.986124	-0.395503	-117.715053	0.409733	-94.211678	-0.421755	-126.266566	0.416870
53900.000025	-129.039330	-0.487927	-110.990520	0.137593	-90.357737	0.212584	-133.283091	-0.117820
54000.000025	-119.348803	0.458120	-118.304339	0.236756	-90.043739	0.475288	-124.015424	0.455960
54100.000025	-129.037647	0.381490	-119.874518	0.016425	-93.770539	-0.285764	-123.360711	0.466110
54200.000025	-133.141850	-0.141114	-120.059365	0.391504	-88.060013	0.023302	-118.789851	-0.394870
54300.000025	-123.224530	-0.312799	-114.115233	0.270954	-100.172309	0.161745	-119.522785	-0.232664
54400.000025	-118.708178	-0.351465	-123.242842	0.435146	-88.983697	-0.089923	-122.559852	-0.128815
54500.000025	-115.303978	-0.340117	-122.380894	0.359166	-97.976139	0.254905	-122.888320	-0.209993
54600.000025	-117.438839	-0.454603	-119.928234	0.363000	-91.487195	-0.396172	-119.096230	0.438344
54700.000025	-119.389594	-0.072318	-134.959425	-0.360157	-90.429984	0.244655	-132.366014	-0.232785
54800.000025	-120.076521	0.438161	-119.369164	0.426990	-115.757020	-0.237802	-137.122592	-0.155818
54900.000025	-120.287236	0.462339	-116.525291	0.483572	-95.753677	-0.361826	-115.220709	0.097030
55000.000025	-125.880894	0.293335	-125.319677	-0.472112	-104.050281	-0.295741	-122.292677	0.050342
55100.000025	-117.029094	-0.421674	-116.285344	-0.420673	-91.118076	-0.285404	-119.928494	0.490119
55200.000025	-120.277752	0.055247	-110.961570	-0.449451	-95.112393	-0.171410	-134.217751	0.259742
55300.000025	-119.982551	-0.493974	-119.417188	0.016156	-88.236650	-0.490287	-124.455643	0.114460
55400.000026	-126.564839	0.191581	-118.404636	0.449302	-108.537704	-0.201188	-123.154636	0.330409
55500.000026	-124.218736	0.461556	-123.279662	0.478092	-94.407096	-0.083516	-115.990611	-0.308433
55600.000026	-129.527828	0.044481	-122.902637	0.335950	-118.864795	-0.251763	-123.468758	0.336941
55700.000026	-126.583440	-0.166354	-114.798554	0.306488	-94.002713	0.358169	-117.373937	0.100172
55800.000026	-115.718694	0.070204	-116.128992	0.060346	-91.474732	-0.069227	-122.653957	0.206107
55900.000026	-124.774080	-0.424887	-118.514950	0.252185	-94.670051	0.207096	-120.708212	-0.419892
56000.000026	-117.529110	-0.378595	-120.038342	0.268942	-104.062100	0.199344	-128.856862	0.411783
56100.000026	-122.776421	0.156374	-117.530219	0.440186	-91.662690	-0.232290	-123.020347	0.246521
56200.000026	-131.848153	-0.186632	-123.287272	-0.276380	-91.173970	0.075555	-138.145294	0.173933
56300.000026	-126.568753	-0.467612	-125.713660	-0.016961	-93.116451	0.114092	-120.468950	0.012542
56400.000026	-110.202853	-0.037470	-152.663836	-0.469354	-99.083589	0.106923	-125.459940	0.373786
56500.000026	-127.032100	-0.262408	-121.192719	-0.030697	-89.246808	0.115674	-126.125599	-0.432421
56600.000026	-125.744465	0.185915	-115.450254	0.264256	-96.094086	0.007471	-120.409970	0.344549
56700.000026	-124.395104	0.007061	-115.070006	-0.467801	-97.022298	0.317984	-132.380606	-0.243707
56800.000026	-126.722345	-0.400973	-116.616277	0.005670	-93.645799	0.234423	-119.886378	0.041409
56900.000026	-121.503511	0.221318	-129.940804	-0.019760	-93.942082	0.060027	-118.889455	0.239113
57000.000026	-123.524831	-0.278397	-121.640060	0.184969	-97.165789	-0.125610	-116.528046	0.085169
57100.000026	-139.877715	-0.067111	-122.078227	0.144266	-94.827771	-0.099996	-114.560183	0.339445
57200.000026	-118.926571	-0.302358	-134.268840	0.377783	-100.424294	0.031420	-127.376430	-0.160372
57300.000026	-125.012591	0.423619	-124.026045	-0.442162	-96.787259	-0.250209	-114.973558	0.492730
57400.000026	-121.585908	-0.024220	-121.889824	0.367526	-93.955132	-0.170465	-113.073414	0.023959
57500.000027	-121.548960	0.248710	-121.859318	-0.087150	-93.556777	-0.371349	-119.434885	0.006839
57600.000027	-116.908276	-0.221841	-114.575226	-0.458552	-89.586187	0.208704	-124.195337	-0.463121
57700.000027	-123.204834	0.230135	-130.042732	0.202003	-94.358210	-0.236566	-124.603664	-0.293417
57800.000027	-119.985715	0.046846	-115.995419	-0.273917	-99.952115	0.392496	-118.812139	-0.006310
57900.000027	-117.858948	0.432473	-120.317928	-0.122026	-92.935388	0.120184	-130.779695	0.135129
58000.000027	-115.493317	0.196960	-122.024925	0.096057	-93.920813	0.323559	-116.341192	0.025267
58100.000027	-118.745075	0.220261	-119.038364	0.399440	-99.171475	0.087963	-121.704963	-0.357538
58200.000027	-125.299256	-0.070179	-127.316360	-0.360720	-92.704727	-0.278738	-122.573961	-0.379075
58300.000027	-120.348176	0.436309	-114.767900	-0.209560	-108.171458	0.455894	-133.526361	0.237645
58400.000027	-117.074358	0.049015	-121.572336	0.077279	-95.138234	-0.195479	-115.257104	-0.156152
58500.000027	-123.656564	0.369357	-120.234954	0.399994	-94.396370	-0.406666	-119.308124	0.006481
58600.000027	-114.776398	0.425660	-127.501634	0.443401	-94.833329	0.499126	-123.760902	-0.226899
58700.000027	-122.133051	0.032594	-130.081971	-0.247337	-96.363800	-0.235747	-118.440518	-0.043915
58800.000027	-119.284362	-0.406494	-122.297695	0.223509	-91.995713	-0.254544	-130.576592	0.244602
58900.000027	-119.191684	0.012468	-117.651940	-0.286459	-98.924801	-0.111005	-121.898257	0.317131
59000.000027	-132.013542	-0.373393	-119.954226	0.136726	-89.795476	-0.256401	-131.536864	-0.080853
59100.000027	-115.601367	0.398261	-120.007824	-0.289787	-99.983721	0.217545	-113.654350	0.399848
59200.000027	-123.620863	-0.463586	-130.727142	-0.168391	-89.564976	0.300738	-118.684781	-0.442000
59300.000027	-120.661505	-0.293086	-110.708310	-0.462130	-93.824914	-0.461843	-121.882889	0.420414
59400.000027	-127.315421	-0.261582	-125.901351	0.103652	-93.530145	0.153342	-121.774474	0.456934
59500.000027	-116.158574	0.421550	-116.843873	-0.491395	-89.472790	-0.172545	-122.699207	0.309871
59600.000027	-117.456531	0.293064	-110.369567	0.397256	-91.147133	-0.088245	-123.784016	-0.051121
59700.000028	-121.990510	0.189694	-120.088413	0.075443	-92.285443	0.343684	-118.374461	0.023635
59800.000028	-120.982503	-0.377185	-115.295998	-0.017035	-106.511201	0.499560	-119.905771	0.021555
59900.000028	-123.296942	0.053815	-122.357553	-0.036723	-89.003008	-0.411988	-119.639154	-0.024843
60000.000028	-111.605339	0.438420	-123.352518	0.299240	-94.988143	0.109884	-112.353207	0.388807
60100.000028	-118.157347	0.444039	-128.369399	-0.410350	-88.893035	0.473355	-115.817347	-0.312753
60200.000028	-116.609607	0.110985	-123.594593	0.154802	-95.993046	-0.049559	-130.135902	0.253130
60300.000028	-119.366169	0.158679	-115.035669	0.263322	-87.957716	0.439084	-124.241429	0.030867
60400.000028	-118.298442	-0.269269	-115.329640	0.192623	-91.624232	-0.252978	-122.268349	-0.119656
60500.000028	-117.829713	0.450471	-120.029441	0.084007	-97.344605	0.217673	-120.597530	0.196758
60600.000028	-120.253202	0.258299	-122.062014	0.250628	-91.050611	0.306089	-122.085067	-0.384869
60700.000028	-128.117620	-0.440933	-122.671366	0.180528	-89.883360	-0.119560	-115.979523	0.099008
60800.000028	-126.498327	-0.122191	-119.132642	0.147380	-91.585283	-0.364900	-131.456018	-0.492606
60900.000028	-114.594864	0.186715	-118.526685	0.075173	-95.058392	-0.079785	-122.284623	-0.201370
61000.000028	-118.327365	-0.341569	-141.426965	-0.254980	-95.618453	-0.071867	-122.567437	0.491102
61100.000028	-131.097593	0.306540	-121.230228	0.298350	-94.906671	0.062768	-120.604198	-0.384805
61200.000028	-122.928478	0.409268	-119.715678	-0.018661	-88.997130	-0.196805	-117.155885	0.228495
61300.000028	-118.402707	0.077837	-120.166304	-0.343949	-103.433792	0.224929	-120.092370	0.379916
61400.000028	-121.567826	-0.287087	-123.648014	0.422972	-101.387121	-0.066862	-120.768654	0.045333
61500.000028	-116.407827	0.364483	-127.677251	0.256320	-91.891788	-0.071481	-133.461536	0.174569
61600.000028	-125.919903	-0.098983	-124.487658	-0.184080	-95.665126	0.186959	-117.353464	0.409606
61700.000028	-148.955429	0.167134	-121.807469	-0.441405	-99.218824	0.427861	-127.676432	0.461403
61800.000028	-116.462443	-0.120555	-121.796399	0.020745	-105.062910	-0.103280	-118.764551	0.126601
61900.000029	-116.611404	0.121084	-115.475073	-0.335841	-93.151116	-0.265660	-119.486879	-0.457201
62000.000029	-117.677410	-0.366142	-117.880647	-0.499701	-107.136369	-0.228447	-116.569520	-0.477070
62100.000029	-126.318462	-0.150801	-111.164117	-0.342606	-102.585598	0.294514	-117.242257	-0.393956
62200.000029	-129.755431	-0.440478	-128.615815	0.084519	-91.591282	-0.008447	-125.279761	-0.177446
62300.000029	-117.654269	0.343486	-114.913874	-0.193874	-104.558987	0.450068	-119.464929	-0.326165
62400.000029	-118.274382	0.391093	-123.079566	0.481648	-95.596376	0.366518	-125.679564	-0.413116
62500.000029	-116.551153	0.050298	-120.241085	-0.418348	-92.137250	-0.241605	-124.600046	-0.401607
62600.000029	-123.904451	0.071998	-124.825781	0.122983	-94.197716	-0.187814	-113.111299	-0.355261
62700.000029	-118.861479	0.451821	-124.064786	0.454256	-91.210621	-0.240680	-123.330467	0.083632
62800.000029	-124.828691	0.352140	-121.616659	0.041864	-91.283415	0.209919	-121.450544	0.092971
62900.000029	-121.141337	-0.133938	-120.131443	-0.056730	-94.919182	0.436509	-118.940376	0.187951
63000.000029	-114.443369	-0.221876	-121.749062	0.176286	-98.951975	0.113155	-123.819045	-0.097581
63100.000029	-116.396789	-0.418395	-124.474046	0.137814	-99.645721	0.056192	-116.120625	-0.346744
63200.000029	-118.017917	0.357222	-118.944217	-0.259582	-102.661580	-0.055230	-120.147216	0.142473
63300.000029	-116.615946	0.301303	-139.853669	-0.356599	-95.779890	-0.470795	-121.948738	-0.298378
63400.000029	-113.646740	0.103261	-116.514022	0.287040	-102.272672	-0.144197	-122.354686	0.263160
63500.000029	-117.276697	-0.498151	-117.152801	0.420564	-93.147747	-0.466839	-119.470017	-0.490374
63600.000029	-121.484112	0.436404	-124.208488	0.020666	-103.545436	0.191308	-125.011828	0.478427
63700.000029	-122.622247	0.157442	-120.252289	0.430150	-110.733544	-0.468414	-121.376668	-0.033354
63800.000029	-121.896738	-0.118821	-119.598821	-0.364103	-96.812874	-0.196267	-119.076357	0.138360
63900.000029	-116.946467	-0.444627	-128.463628	-0.405538	-100.076992	0.419874	-138.390300	0.134821
64000.000030	-125.343268	-0.387112	-133.676086	0.231555	-101.720716	-0.337928	-126.072734	-0.045585
64100.000030	-119.526908	-0.041062	-118.725669	-0.443832	-95.857792	0.405355	-127.853481	-0.134402
64200.000030	-121.153767	0.237679	-132.117700	0.136749	-97.276884	-0.415011	-118.771023	0.210522
64300.000030	-126.780415	-0.075824	-131.365005	0.055067	-103.293244	0.213447	-121.388689	-0.171871
64400.000030	-121.129741	-0.074368	-118.863323	0.017221	-91.739104	0.135105	-115.052076	0.103784
64500.000030	-119.421777	0.084129	-118.102345	0.081440	-101.549502	0.458860	-113.343505	-0.385742
64600.000030	-115.132499	0.144084	-115.083026	0.154743	-94.462394	0.325539	-120.133133	-0.117516
64700.000030	-127.517938	0.006785	-129.644383	-0.442317	-104.125582	-0.201137	-121.307148	0.414100
64800.000030	-120.866916	-0.193861	-126.141719	-0.065834	-107.718005	-0.211900	-125.860591	0.337813
64900.000030	-128.277169	0.334998	-124.860510	-0.477975	-96.449452	-0.129198	-129.227940	-0.362989
65000.000030	-125.253521	-0.355366	-129.873460	-0.383066	-99.204576	0.402479	-118.538705	-0.130093
65100.000030	-124.155145	-0.143180	-113.102315	-0.062619	-91.297477	0.068817	-118.747566	0.185101
65200.000030	-117.047965	0.076476	-123.656145	-0.264823	-91.308890	0.041435	-126.912719	-0.225327
65300.000030	-120.202730	-0.331277	-120.607323	-0.231296	-98.086371	-0.356027	-120.839563	0.488792
65400.000030	-123.096199	-0.325561	-126.194352	0.286556	-91.009841	0.279716	-131.227056	0.400665
65500.000030	-114.395776	-0.379408	-117.311353	0.394036	-99.360887	-0.221958	-119.411570	-0.380030
65600.000030	-118.078122	-0.039174	-115.353269	-0.158604	-104.312700	-0.421936	-120.405102	-0.192915
65700.000030	-121.773522	0.352247	-134.925740	0.055426	-99.528310	0.095321	-116.318039	0.404752
65800.000030	-123.222387	0.396159	-131.524382	-0.116171	-96.259463	0.200315	-127.024901	0.248520
65900.000030	-120.002857	0.261361	-127.256534	-0.198143	-97.013855	0.285961	-118.989682	0.061625
66000.000030	-118.590790	0.418879	-119.131776	0.014155	-101.089081	-0.119812	-116.731872	-0.174713
66100.000030	-124.692912	-0.497415	-118.006225	0.321152	-98.993118	-0.352706	-113.442872	0.174956
66200.000031	-126.003077	0.049359	-114.521526	-0.236780	-95.985726	0.126139	-124.683386	-0.449752
66300.000031	-121.190502	-0.132492	-121.829656	0.335835	-109.743881	0.252349	-124.307683	0.375883
66400.000031	-123.502095	-0.162075	-122.283253	0.184385	-92.987429	-0.291016	-127.835547	-0.120908
66500.000031	-116.682206	-0.049816	-124.169660	-0.009488	-98.845571	-0.476492	-117.024782	-0.137280
66600.000031	-122.242715	-0.281898	-128.148900	0.468870	-108.298624	-0.385031	-123.956310	-0.100564
66700.000031	-119.288563	0.074622	-120.359345	0.396133	-95.645334	-0.414340	-125.282509	0.008992
66800.000031	-122.422150	0.426621	-120.914649	0.384935	-92.685267	0.300394	-124.169537	0.427241
66900.000031	-122.102086	0.323841	-117.035870	0.130553	-100.904761	0.128476	-122.740808	-0.154494
67000.000031	-123.183717	-0.448525	-116.022210	-0.249872	-101.411366	-0.450263	-119.271326	-0.228714
67100.000031	-122.871976	-0.090598	-126.417020	0.102750	-95.940516	-0.375841	-123.547480	0.420176
67200.000031	-120.493294	0.169328	-116.020340	0.350767	-96.176125	0.488653	-126.658252	-0.374748
67300.000031	-126.021452	-0.031348	-119.482324	-0.353600	-99.962947	-0.345480	-118.032955	-0.380270
67400.000031	-135.268764	0.219265	-118.164470	-0.231480	-101.806488	0.003822	-146.221666	-0.428893
67500.000031	-121.936696	0.380902	-117.384979	0.489066	-97.996010	-0.054440	-118.404835	-0.101284
67600.000031	-114.908580	-0.116641	-118.080795	-0.378866	-92.236989	-0.362867	-129.685059	-0.208745
67700.000031	-125.994553	-0.135660	-119.424966	0.109251	-91.449413	0.018107	-121.393229	-0.107177
67800.000031	-110.451818	0.298063	-120.976409	-0.323913	-92.747772	-0.311592	-117.340285	0.421567
67900.000031	-117.437175	-0.422354	-123.811228	0.195899	-91.536615	0.421140	-118.218758	-0.164379
68000.000031	-127.010107	0.267120	-121.183275	0.245056	-99.254146	-0.425491	-127.261858	-0.437656
68100.000031	-115.750601	0.089064	-115.308711	0.206980	-96.057274	-0.062348	-127.936821	-0.360491
68200.000031	-124.972942	0.407212	-126.515204	0.416133	-101.591684	-0.468077	-123.985921	-0.204658
68300.000031	-125.130837	-0.156842	-122.042751	0.370244	-91.792917	-0.412169	-119.969942	-0.419258
68400.000032	-136.031869	0.469815	-117.863140	0.126878	-106.463491	-0.407419	-120.926755	0.294545
68500.000032	-121.442734	-0.372267	-133.441782	-0.346152	-94.562583	-0.008441	-118.285523	-0.073671
68600.000032	-125.683104	0.154061	-122.749748	-0.419160	-93.748333	-0.105070	-135.623536	-0.296004
68700.000032	-121.379563	0.421434	-127.256258	0.121537	-98.755036	0.230429	-119.075861	0.480319
68800.000032	-129.266464	0.346146	-116.899765	-0.148762	-100.900443	0.086635	-118.517641	-0.112862
68900.000032	-123.093908	-0.453386	-122.323941	0.206741	-102.888830	-0.310906	-126.670329	-0.103728
69000.000032	-128.345993	-0.433621	-123.545045	0.017690	-96.488866	0.294251	-115.887977	-0.093468
69100.000032	-121.248947	0.417611	-133.588637	0.488024	-93.305008	0.229495	-125.559248	0.246742
69200.000032	-121.951171	-0.434790	-131.828353	-0.462876	-97.349000	-0.488823	-115.857283	-0.376697
69300.000032	-130.669638	-0.141872	-122.969916	0.250187	-104.939242	0.434797	-120.209130	0.036569
69400.000032	-119.204304	-0.036838	-117.659085	-0.261021	-95.644844	0.226905	-123.548895	-0.030721
69500.000032	-117.243548	0.182296	-129.112321	-0.037788	-90.475660	0.245968	-123.072971	-0.240544
69600.000032	-122.726002	0.192217	-123.538581	0.455183	-97.213184	-0.361950	-128.168502	-0.044468
69700.000032	-114.246808	0.011939	-134.064423	0.255222	-101.033824	0.089893	-117.259770	-0.089837
69800.000032	-128.323532	0.303878	-117.346345	-0.234247	-91.009380	0.261093	-118.045661	0.223349
69900.000032	-116.856479	0.244051	-119.148545	0.094520	-96.491145	0.391733	-124.626739	-0.277867
70000.000032	-128.809645	-0.225734	-119.091088	0.468857	-91.744986	-0.205938	-121.656099	-0.207644
70100.000032	-120.293020	-0.223305	-122.415757	-0.030816	-101.168395	-0.493516	-130.208252	0.427707
70200.000032	-116.710937	-0.414847	-125.394780	0.461902	-95.676999	-0.433213	-117.675016	0.006230
70300.000032	-118.660431	0.064942	-127.582677	-0.241237	-103.669624	0.388302	-118.277742	0.249873
70400.000032	-115.882308	-0.070952	-120.044093	-0.058217	-94.851786	0.348194	-129.989799	-0.060737
70500.000032	-128.683969	0.343158	-115.180160	0.398522	-113.845412	0.130758	-128.993357	-0.408922
70600.000033	-122.490606	-0.063626	-118.408998	0.082476	-101.911497	-0.319740	-116.304915	-0.465290
70700.000033	-120.552199	0.083869	-116.571314	0.326451	-97.642416	-0.439687	-129.065080	0.227591
70800.000033	-113.862002	-0.433150	-126.953418	0.279060	-102.509542	-0.131754	-141.163917	-0.131978
70900.000033	-114.690405	-0.316984	-120.893634	0.295650	-98.236966	-0.463431	-121.536671	0.481989
71000.000033	-120.639268	-0.488878	-126.665223	0.212746	-95.412232	0.293199	-120.857462	-0.187820
71100.000033	-120.405304	0.260296	-125.090885	0.053713	-102.181484	0.180750	-118.333731	0.478594
71200.000033	-124.692595	0.023276	-120.852433	0.404565	-98.145647	-0.057398	-125.326464	0.040182
71300.000033	-123.133792	0.118916	-119.432099	-0.016955	-104.178955	-0.414885	-122.108147	0.028164
71400.000033	-124.932597	-0.226256	-140.109664	-0.185474	-101.717068	-0.387943	-137.503228	0.232733
71500.000033	-129.572038	-0.151030	-124.199883	-0.012743	-101.238922	0.393552	-121.792529	0.435049
71600.000033	-127.299902	-0.244599	-123.333368	-0.115739	-98.810790	0.333391	-115.999102	-0.371658
71700.000033	-127.138750	0.473365	-122.258757	-0.085504	-103.617807	0.003780	-115.388562	-0.263836
71800.000033	-119.879160	-0.149809	-127.082762	-0.119786	-100.260295	0.076194	-123.522043	-0.008286
71900.000033	-123.478489	-0.268528	-119.977855	-0.193554	-97.443213	0.461570	-120.243881	-0.302855
72000.000033	-124.695039	-0.192444	-120.562858	0.450365	-93.700251	0.099742	-126.530875	-0.349394
72100.000033	-120.223143	0.059957	-133.907299	-0.449156	-94.549649	0.000810	-119.406762	0.264607
72200.000033	-118.547734	0.375628	-118.780247	-0.449905	-93.262287	0.065590	-124.949748	0.316611
72300.000033	-129.144571	0.155992	-118.961463	0.318650	-92.617977	-0.076136	-114.146480	0.024138
72400.000033	-118.661469	-0.029032	-124.484115	-0.325783	-93.012201	-0.067304	-119.469074	0.472422
72500.000033	-116.466572	-0.078494	-114.515214	0.290650	-99.011461	0.371179	-121.483280	0.256390
72600.000033	-125.492662	-0.314986	-130.442759	-0.138906	-98.705070	0.110349	-118.390765	0.214745
72700.000034	-128.643581	-0.014578	-131.783640	-0.187859	-95.478855	-0.341131	-119.584032	0.032319
72800.000034	-124.383709	0.451572	-123.283264	0.069407	-95.715780	-0.334337	-133.767620	0.263042
72900.000034	-127.254173	0.232138	-125.359684	0.464295	-98.318513	0.322992	-122.527906	-0.458779
73000.000034	-113.987373	-0.328262	-118.682417	0.456489	-99.851410	-0.407936	-126.675756	0.091755
73100.000034	-115.261330	-0.397138	-116.625527	0.410007	-97.849150	-0.436307	-129.573020	0.347385
73200.000034	-121.328673	0.321576	-121.535707	-0.129640	-94.449458	0.091841	-116.337849	-0.137078
73300.000034	-113.669912	0.008179	-119.601516	-0.083393	-99.828854	-0.205126	-120.442062	-0.262756
73400.000034	-128.739478	0.167903	-122.871104	-0.198987	-96.585589	-0.135340	-123.902532	-0.193698
73500.000034	-122.013629	-0.173262	-125.490610	0.347709	-96.211720	0.132474	-141.723927	0.134027
73600.000034	-120.220720	-0.121167	-124.141987	-0.376133	-102.188608	-0.181492	-121.143897	0.381367
73700.000034	-124.932914	-0.381121	-114.717062	0.113837	-95.574778	0.209837	-116.439527	-0.288445
73800.000034	-124.649932	-0.484445	-117.239452	0.189253	-90.757936	0.482233	-122.285240	0.455746
73900.000034	-122.263165	-0.370376	-119.652311	-0.476335	-91.023782	0.304399	-118.946961	0.325817
74000.000034	-130.971886	0.369016	-117.909794	-0.305173	-105.782535	0.145185	-116.973823	-0.197368
74100.000034	-116.599217	-0.132858	-128.065044	0.186869	-91.232308	-0.027804	-119.615374	0.009736
74200.000034	-116.090071	-0.300106	-126.364105	-0.317042	-93.050382	-0.088124	-121.199801	-0.463693
74300.000034	-123.009093	0.250477	-134.553509	-0.068023	-94.091596	-0.416686	-124.419037	0.192705
74400.000034	-123.446515	-0.167980	-121.762620	-0.404536	-89.417391	-0.192040	-123.695066	0.169626
74500.000034	-132.736820	-0.299488	-119.558699	-0.343926	-97.823122	-0.151572	-118.836137	-0.467490
74600.000034	-123.873320	-0.170243	-117.407638	0.005349	-95.598126	-0.496180	-124.775471	-0.473536
74700.000034	-132.980234	-0.308546	-118.980408	0.375512	-97.768365	0.268317	-117.681839	0.487833
74800.000034	-115.528723	0.436186	-125.026997	-0.355804	-113.355017	-0.257570	-115.049208	-0.035216
74900.000035	-115.859094	0.470081	-119.721516	0.495121	-97.935755	0.428892	-143.091199	-0.447308
75000.000035	-129.169108	0.498822	-125.809890	-0.275481	-100.873879	0.433580	-118.379878	0.119398
75100.000035	-123.353096	-0.355912	-122.061313	0.164855	-92.805673	0.402824	-123.456955	0.167445
75200.000035	-122.405560	-0.190086	-126.077947	0.494133	-102.712027	-0.110404	-114.765779	-0.199985
75300.000035	-123.541613	0.209588	-127.854142	-0.073037	-102.780120	0.142702	-123.704010	0.399847
75400.000035	-114.709226	0.243645	-139.287508	-0.324282	-100.756824	-0.013491	-120.822866	0.172986
75500.000035	-125.297797	0.011157	-115.542961	0.108665	-94.479061	0.176146	-124.957246	0.194570
75600.000035	-117.482405	0.453690	-117.874024	-0.345956	-104.351523	0.061603	-123.959726	0.045523
75700.000035	-119.373975	0.076723	-121.883204	-0.208401	-95.233056	0.332761	-115.324605	-0.312153
75800.000035	-116.852644	0.073726	-122.322746	-0.210221	-95.955541	0.017516	-130.231737	0.009609
75900.000035	-120.664511	-0.065656	-119.394246	-0.284527	-97.749257	0.368035	-122.233733	0.392624
76000.000035	-135.106221	0.143461	-120.152286	-0.329801	-103.957453	-0.374104	-117.120788	0.156375
76100.000035	-121.086883	0.329312	-116.929364	-0.458901	-95.468393	0.393336	-121.095477	-0.407728
76200.000035	-114.782916	0.480892	-119.290097	0.214031	-107.704980	0.408750	-118.258803	-0.402981
76300.000035	-126.233117	0.341930	-113.622370	0.001135	-98.796800	0.284982	-116.066867	-0.029464
76400.000035	-125.434967	0.406009	-122.776599	-0.251204	-94.419056	-0.403411	-118.629332	-0.109983
76500.000035	-116.663249	0.042763	-125.354474	0.310262	-96.819345	-0.428648	-120.917099	0.340601
76600.000035	-125.677744	-0.044863	-117.812717	0.433972	-96.855683	-0.387555	-122.156008	-0.394768
76700.000035	-119.087293	-0.127301	-125.905509	-0.044992	-102.576469	0.444349	-135.251800	0.151124
76800.000035	-115.139550	-0.283812	-118.120196	-0.275561	-106.837313	0.038419	-117.121869	-0.070371
76900.000035	-122.333415	0.343541	-114.302399	-0.083247	-99.701018	-0.456308	-131.212221	0.337006
77000.000035	-121.678845	-0.012403	-118.547261	0.177590	-99.175697	0.408617	-120.093606	0.214529
77100.000036	-121.133784	0.012712	-120.258726	-0.042776	-99.719234	0.053401	-116.641099	-0.143438
77200.000036	-125.284817	0.164004	-123.490219	-0.078145	-96.435006	0.426921	-123.609269	-0.097688
77300.000036	-128.403254	-0.229961	-123.364247	-0.184340	-97.808827	-0.131910	-118.700852	0.374551
77400.000036	-126.384161	0.443084	-125.713724	0.379526	-91.457397	0.199355	-118.124210	-0.437950
77500.000036	-118.792175	0.241655	-130.019367	0.039370	-99.823178	-0.394572	-122.914633	0.009016
77600.000036	-129.909668	-0.145492	-115.983125	-0.016601	-95.512590	0.429132	-129.762832	-0.138285
77700.000036	-123.801571	-0.347030	-116.586878	0.084319	-90.411062	0.029744	-127.516044	0.305184
77800.000036	-127.572767	0.134742	-122.514120	-0.139340	-98.031798	0.417046	-120.519595	-0.075585
77900.000036	-117.294124	0.327724	-119.649588	-0.000891	-96.197474	0.293679	-121.276468	-0.220853
78000.000036	-121.277703	-0.226360	-112.868274	0.413614	-94.051789	-0.218381	-121.308006	0.452843
78100.000036	-119.472738	0.334997	-125.356843	-0.087084	-96.057562	-0.291106	-120.791451	0.263982
78200.000036	-120.417583	-0.423778	-115.346400	0.310161	-100.814898	-0.099916	-116.294071	-0.330693
78300.000036	-132.537882	0.453805	-121.473864	0.204620	-108.409349	0.480375	-128.341784	-0.110669
78400.000036	-122.251123	0.307557	-116.277616	-0.082895	-94.778866	-0.255531	-118.190293	0.356957
78500.000036	-122.120387	0.390935	-127.750955	0.174319	-99.994283	0.044855	-122.093977	-0.455804
78600.000036	-118.653201	-0.034771	-113.674462	0.180781	-96.370470	-0.012586	-115.441846	0.012048
78700.000036	-116.636603	-0.388451	-115.290665	0.494668	-95.079576	0.071859	-131.829901	-0.245785
78800.000036	-125.442262	0.165928	-118.978359	-0.276366	-91.560977	-0.233938	-114.042646	-0.473361
78900.000036	-116.311168	0.357568	-114.314618	0.117084	-101.170160	-0.179896	-121.424698	-0.054010
79000.000036	-122.731477	0.127313	-131.384037	0.131062	-99.528948	0.004534	-125.954061	0.119960
79100.000036	-117.074375	0.217153	-117.781902	0.123415	-104.842366	0.090136	-123.228411	0.425802
79200.000037	-122.947045	0.365962	-118.775853	0.276742	-94.416886	-0.321722	-117.310315	-0.470646
79300.000037	-121.733876	0.417274	-117.246121	0.417004	-98.827939	0.436692	-118.917880	0.457748
79400.000037	-118.480111	-0.336713	-119.021533	0.057483	-100.453049	-0.273837	-117.404645	0.144579
79500.000037	-117.971736	-0.413647	-116.763708	0.401088	-103.832525	0.158461	-116.620464	-0.322710
79600.000037	-132.148769	0.237674	-129.776649	-0.102181	-101.737935	0.122261	-130.209961	0.131002
79700.000037	-114.971644	0.135301	-119.992897	-0.187600	-102.442731	0.189181	-125.251974	-0.161816
79800.000037	-119.360984	-0.490224	-120.587289	0.427479	-99.458957	0.411060	-117.776024	-0.345108
79900.000037	-138.463022	-0.284859	-118.110147	-0.388096	-89.793009	-0.199312	-118.331078	0.403333
80000.000037	-123.288380	-0.085984	-116.076357	-0.017614	-104.504930	-0.090184	-120.001284	0.402531
80100.000037	-125.386319	-0.051811	-115.900802	-0.010136	-100.135056	0.170925	-119.946422	-0.342732
80200.000037	-116.452430	0.077916	-128.910677	0.188185	-92.122529	-0.439393	-126.812622	-0.151768
80300.000037	-118.895992	-0.178443	-129.526068	-0.294738	-96.203722	0.326649	-118.851867	-0.193434
80400.000037	-121.681452	0.408638	-121.787580	-0.154477	-98.018565	0.223079	-119.256457	0.040776
80500.000037	-122.394322	0.376671	-116.723956	0.231409	-98.284575	-0.107624	-126.641019	-0.483497
80600.000037	-117.368706	-0.485907	-121.520202	-0.496213	-100.403767	-0.459931	-111.479538	0.325495
80700.000037	-114.912819	-0.451132	-114.624331	-0.397107	-94.895443	-0.147236	-120.536111	-0.039338
80800.000037	-117.911029	0.004220	-113.944196	0.481971	-105.609521	-0.462100	-115.520951	0.295252
80900.000037	-125.029370	0.199783	-111.891238	0.173973	-98.770069	-0.041152	-117.939869	0.218892
81000.000037	-118.022317	-0.330706	-124.095941	-0.421034	-108.790198	0.157317	-113.740227	-0.142466
81100.000037	-124.176572	-0.098185	-116.835603	-0.251624	-105.045888	-0.419564	-123.176014	-0.022814
81200.000037	-117.741966	-0.102575	-134.641923	0.061031	-88.409459	-0.417352	-125.732967	-0.203073
81300.000037	-119.661052	-0.360319	-111.843510	0.393291	-100.230534	-0.466226	-120.535240	0.301413
81400.000038	-115.875440	0.049856	-104.081204	-0.182219	-92.969556	-0.154421	-118.140288	0.124712
81500.000038	-124.373237	-0.276223	-110.216374	0.310817	-100.142424	0.323407	-140.980237	-0.408777
81600.000038	-131.625320	-0.285114	-115.542151	0.090611	-95.059781	0.062241	-117.321486	0.112654
81700.000038	-114.933915	0.045195	-120.602565	0.063871	-100.576852	0.405053	-118.151675	-0.386789
81800.000038	-115.754898	0.177816	-119.194230	0.328304	-96.184873	0.287445	-131.426059	-0.280655
81900.000038	-115.824912	0.451970	-130.184287	0.163339	-106.668492	-0.007683	-119.167735	0.114508
82000.000038	-125.861140	-0.133879	-121.555226	0.275065	-100.679778	0.369803	-118.149138	-0.094809
82100.000038	-134.738600	0.138598	-117.741653	-0.176580	-107.461220	-0.466538	-121.891946	0.314868
82200.000038	-121.182209	0.418063	-128.408117	-0.423674	-101.264314	-0.119720	-123.349385	0.069516
82300.000038	-127.019372	0.301193	-116.865273	0.341291	-107.232669	-0.311096	-120.262637	-0.488009
82400.000038	-122.004696	-0.165560	-114.310339	-0.048282	-107.245199	0.042015	-118.483263	0.221027
82500.000038	-121.962375	0.398086	-118.005555	-0.312478	-103.873529	0.169779	-119.911819	-0.303947
82600.000038	-120.679967	0.439907	-122.322129	-0.327864	-90.905174	0.372144	-114.581124	-0.218093
82700.000038	-124.908971	-0.158052	-125.131385	0.088486	-100.345658	0.183904	-122.011495	-0.103967
82800.000038	-128.296917	-0.047718	-126.646274	0.307740	-98.234651	-0.245312	-113.251694	-0.122515
82900.000038	-114.088852	0.052892	-121.574877	-0.195953	-95.742068	0.212444	-119.593365	0.463780
83000.000038	-116.545606	0.255427	-118.622754	-0.186032	-100.499561	0.123282	-113.328203	-0.125633
83100.000038	-122.443693	0.101953	-119.628660	0.271449	-101.701908	-0.092704	-127.864930	0.404230
83200.000038	-120.641555	0.312387	-126.605204	0.423389	-103.402105	-0.290324	-121.564686	-0.350160
83300.000038	-120.168743	0.194446	-121.336468	-0.434236	-119.499369	0.073780	-134.642953	0.135271
83400.000038	-117.981344	0.075418	-121.305041	-0.468029	-98.780733	-0.370670	-116.677489	-0.383998
83500.000038	-118.691505	-0.362259	-115.640741	-0.119673	-101.578129	-0.200867	-116.915222	-0.117869
83600.000039	-110.620273	0.032771	-113.676193	0.423429	-100.463125	-0.062223	-123.257096	0.489929
83700.000039	-122.841618	0.041635	-121.285539	-0.313736	-108.974063	-0.499985	-119.490468	-0.423439
83800.000039	-125.395471	-0.332066	-128.263845	0.208750	-100.999736	0.063331	-127.932497	-0.476351
83900.000039	-117.198324	-0.236030	-118.956205	-0.299618	-104.380982	0.158735	-118.694755	-0.476754
84000.000039	-118.024733	0.040488	-115.746627	0.328277	-94.734735	0.071837	-119.453483	0.148880
84100.000039	-116.985710	-0.115769	-122.179887	-0.084168	-104.737993	0.442278	-111.465616	-0.294680
84200.000039	-122.698153	0.391692	-126.195915	-0.168784	-98.929730	-0.420519	-120.442602	0.234627
84300.000039	-120.382967	-0.291366	-115.558756	0.225089	-103.641245	0.117162	-111.428125	0.004449
84400.000039	-115.745486	-0.331351	-120.766958	-0.104405	-102.309657	0.266989	-113.488668	0.306852
84500.000039	-123.178136	0.051032	-126.430484	0.416337	-95.103080	0.355679	-120.291433	-0.211011
84600.000039	-117.913759	-0.279999	-121.033202	0.442543	-103.936646	0.050281	-123.903032	-0.102299
84700.000039	-121.725646	-0.010520	-121.795488	-0.026199	-100.904677	-0.160877	-116.130942	-0.190409
84800.000039	-114.696157	0.200430	-117.981193	-0.334166	-96.472738	-0.124897	-119.669931	-0.130505
84900.000039	-115.157773	0.017004	-117.501169	-0.435515	-104.156667	-0.342406	-123.131331	-0.471720
85000.000039	-124.200388	-0.147863	-126.799417	-0.154843	-95.200667	0.164525	-120.560203	-0.085390
85100.000039	-118.917910	-0.299514	-119.847183	0.205499	-115.517524	-0.326749	-125.817057	0.196839
85200.000039	-126.113773	-0.449643	-112.489715	-0.235235	-101.191341	-0.480987	-134.966463	-0.165130
85300.000039	-118.525454	-0.319377	-126.254743	0.008367	-108.349895	-0.128802	-122.170859	-0.232352
85400.000039	-115.469162	-0.245391	-115.387171	-0.262075	-108.525517	0.305665	-122.443820	0.306237
85500.000039	-119.593763	-0.340040	-129.017993	0.111024	-93.092363	0.026762	-117.924957	0.164402
85600.000039	-123.253500	0.459283	-124.037773	0.011457	-107.391478	-0.129630	-122.009412	-0.143283
85700.000040	-119.251863	-0.022653	-134.104684	-0.323389	-95.700759	0.243801	-118.772479	-0.288670
85800.000040	-128.837807	-0.492332	-126.198110	0.303257	-100.981499	-0.282806	-128.737069	-0.041300
85900.000040	-134.910431	-0.377024	-124.197983	0.264178	-95.696422	0.011040	-116.874395	-0.454816
86000.000040	-118.086351	0.057015	-117.596834	0.051063	-99.510228	-0.371079	-117.366836	0.216674
86100.000040	-122.692129	0.407432	-115.512924	-0.146018	-100.048464	0.115283	-116.344989	-0.158573
86200.000040	-120.728278	-0.438427	-114.401937	-0.044300	-94.029578	0.281529	-116.559124	0.396374
86300.000040	-115.458786	0.290414	-118.271361	0.163448	-94.875608	0.330441	-119.105957	-0.057709
86400.000040	-125.252260	0.482852	-115.944787	-0.013580	-105.766689	0.289721	-119.929493	-0.171220
86500.000040	-122.689794	-0.227233	-114.366243	0.281291	-99.409241	0.133333	-125.054991	0.178944
86600.000040	-119.216005	-0.493681	-132.141376	-0.334502	-110.039079	-0.298422	-115.703644	-0.479741
86700.000040	-120.320255	-0.426486	-125.331551	0.416424	-98.535094	-0.155526	-115.361936	-0.425381
86800.000040	-120.465954	-0.360170	-128.446350	0.141087	-99.331322	-0.381915	-119.763857	-0.140405
86900.000040	-120.188819	0.399070	-117.677744	0.187007	-105.309221	0.150034	-119.876862	-0.440287
87000.000040	-117.693593	-0.073585	-123.523230	0.363753	-110.877286	0.474045	-123.857785	-0.331055
87100.000040	-116.925277	-0.267270	-126.785962	0.424174	-104.255496	-0.223566	-118.057225	0.242861
87200.000040	-121.645739	-0.203665	-126.467699	0.287227	-102.221750	-0.030919	-116.677595	-0.499151
87300.000040	-120.170265	-0.185005	-129.819037	-0.047244	-96.897293	-0.211070	-124.681265	-0.034604
87400.000040	-120.252006	0.340607	-116.088691	0.325137	-104.748531	0.298335	-123.054979	0.376951
87500.000040	-121.276662	0.390882	-123.689482	0.360965	-102.116912	0.088089	-121.346493	-0.098799
87600.000040	-114.793301	-0.153172	-121.548509	0.435313	-105.265680	-0.164528	-119.518922	-0.367315
87700.000040	-118.386809	-0.343095	-120.773147	-0.119377	-100.290328	0.159054	-115.441083	-0.154081
87800.000040	-131.061986	-0.262684	-123.088953	-0.171652	-103.034212	0.347128	-124.418241	0.094980
87900.000041	-123.779394	0.275700	-119.913781	-0.248645	-95.643873	0.189417	-116.117847	0.025689
88000.000041	-126.782475	-0.107773	-119.849667	0.469918	-102.692362	0.427309	-123.668228	-0.217894
88100.000041	-119.740644	0.412453	-119.380516	-0.293855	-103.571764	-0.349208	-114.468918	0.199355
88200.000041	-115.170969	0.443674	-118.641289	0.188633	-109.603895	-0.025570	-116.235882	-0.303500
88300.000041	-121.411090	0.451615	-116.578950	0.224508	-104.124287	-0.063318	-113.866746	0.395111
88400.000041	-119.008050	-0.122935	-115.717774	-0.496854	-101.178689	0.212938	-124.509809	0.026387
88500.000041	-116.653977	-0.162895	-122.611827	-0.454168	-99.009270	-0.436195	-116.408760	-0.214722
88600.000041	-124.373886	-0.137030	-117.435855	0.307808	-95.833836	-0.038507	-120.674161	0.335338
88700.000041	-118.453353	-0.327975	-115.781630	-0.239676	-99.505768	-0.038012	-125.299980	-0.272846
88800.000041	-117.246881	-0.298640	-115.293654	0.477114	-96.591571	0.057659	-146.948039	0.382360
88900.000041	-120.147964	-0.470647	-113.037609	0.181003	-100.391423	0.139339	-119.936753	0.455625
89000.000041	-119.226058	0.144989	-121.000461	-0.326508	-115.664445	-0.375031	-123.632166	0.471151
89100.000041	-122.996885	-0.458440	-121.309392	0.141821	-111.135080	-0.230717	-130.816396	-0.002221
89200.000041	-120.422281	0.399018	-115.153610	-0.440716	-101.965925	-0.403141	-117.428154	-0.023521
89300.000041	-115.860318	0.209972	-126.871171	-0.029502	-101.096327	-0.087311	-108.574958	-0.078647
89400.000041	-119.775207	-0.427086	-113.010232	0.149074	-106.395694	0.139340	-120.789761	0.260746
89500.000041	-116.461151	-0.426283	-116.388202	0.283013	-110.515789	0.254111	-120.520539	-0.378262
89600.000041	-121.242612	-0.025281	-112.895003	0.099452	-100.186048	0.282425	-125.082106	-0.446829
89700.000041	-116.642565	-0.228311	-122.619137	-0.002056	-104.925491	-0.246824	-117.571231	-0.401282
89800.000041	-122.188172	0.264881	-117.554912	-0.368452	-119.466599	0.381588	-121.464859	0.055789
89900.000041	-117.859153	0.199981	-131.968954	-0.478338	-95.337586	-0.104905	-113.810334	0.158565
90000.000041	-124.540827	0.290874	-116.263440	0.186930	-108.271333	0.006826	-109.618278	-0.093033
90100.000042	-118.995267	-0.155045	-112.643556	-0.119025	-103.720754	0.161632	-118.440427	-0.480164
90200.000042	-118.096820	0.121088	-119.483807	0.219320	-99.863779	0.338979	-122.831650	0.493262
90300.000042	-118.971857	-0.478096	-116.713213	0.140701	-100.440442	-0.215497	-117.805510	0.033028
90400.000042	-128.006084	-0.350653	-112.209313	0.117566	-96.571432	-0.434116	-115.431782	-0.496173
90500.000042	-117.348106	-0.336928	-120.807916	0.054025	-100.458548	-0.034233	-126.757824	-0.432766
90600.000042	-119.280714	0.242628	-111.443816	-0.194798	-100.689030	-0.131183	-126.667958	-0.050978
90700.000042	-118.626143	0.020921	-116.069429	0.436444	-105.152721	-0.060507	-133.871143	-0.075847
90800.000042	-125.806483	-0.440399	-124.053277	0.001457	-105.839393	0.380646	-115.339130	0.028520
90900.000042	-114.751326	-0.130492	-114.315315	-0.052146	-100.156018	0.374016	-122.109912	-0.023338
91000.000042	-118.538523	-0.286564	-118.544849	-0.282221	-94.666147	0.343159	-108.772152	-0.468255
91100.000042	-114.161227	-0.123744	-119.477715	-0.189691	-104.024986	0.126163	-121.758420	-0.094453
91200.000042	-118.724487	0.049070	-115.310321	-0.487159	-98.305511	0.228285	-129.188590	-0.033546
91300.000042	-125.613186	0.352513	-121.306333	-0.435831	-100.074392	0.233795	-121.590823	-0.498321
91400.000042	-121.368191	0.389214	-114.634138	-0.155219	-102.100075	6.022775E-5	-113.407064	-0.483086
91500.000042	-135.981308	-0.096729	-113.143352	-0.125426	-98.902303	0.174477	-123.434826	-0.102456
91600.000042	-117.853324	-0.113233	-118.225569	0.305846	-97.032146	-0.301387	-127.226557	-0.148143
91700.000042	-114.764092	0.072418	-119.019848	0.096749	-96.805090	-0.483562	-115.176109	-0.429093
91800.000042	-124.321851	0.463730	-126.296074	0.225654	-94.098081	-0.497700	-112.473174	0.390659
91900.000042	-113.075633	0.016662	-133.975196	0.168106	-95.583190	-0.309433	-118.919511	-0.111632
92000.000042	-117.636846	-0.125236	-124.673050	-0.043066	-97.121614	-0.101145	-115.040076	-0.485768
92100.000042	-127.361500	-0.352906	-116.525081	0.499505	-98.237640	0.001690	-125.977747	0.421268
92200.000043	-126.873091	-0.384717	-123.965166	0.416781	-98.975678	0.033097	-120.317637	-0.057170
92300.000043	-113.861547	0.226649	-117.599047	-0.008820	-100.158586	0.245704	-113.395517	-0.281913
92400.000043	-119.868429	0.155970	-114.065994	-0.140636	-97.809437	-0.164209	-113.584071	-0.150466
92500.000043	-121.682782	-0.322616	-112.412581	0.180767	-94.878714	0.214687	-116.653201	-0.408943
92600.000043	-114.273008	-0.111323	-119.984009	-0.446399	-103.344784	0.469133	-123.144836	-0.285206
92700.000043	-118.377563	0.077336	-113.008031	0.117132	-94.772724	0.107528	-118.199200	0.309738
92800.000043	-117.157657	0.110150	-118.177579	0.417548	-106.395666	0.148877	-119.978405	-0.065898
92900.000043	-129.752200	0.360774	-121.529864	-0.486154	-101.963508	0.093397	-119.073637	0.038718
93000.000043	-116.745051	0.025588	-116.417124	0.191362	-93.609289	0.248872	-110.826530	-0.085350
93100.000043	-117.761388	-0.440991	-113.158450	-0.253762	-103.141969	-0.293271	-127.650219	0.072733
93200.000043	-114.588465	0.393899	-114.038992	0.011759	-102.149306	-0.366311	-122.404091	0.423365
93300.000043	-120.211371	0.025703	-117.237644	0.208048	-97.563696	-0.070493	-117.054275	-0.160815
93400.000043	-121.193641	0.130107	-120.403384	0.113121	-97.989452	-0.286698	-117.685369	-0.338242
93500.000043	-114.079486	-0.292120	-124.987248	-0.144214	-96.403628	-0.230732	-114.577501	0.030220
93600.000043	-119.152647	-0.247411	-129.001495	0.039394	-99.014299	0.138080	-127.938571	-0.031070
93700.000043	-125.701417	-0.160369	-117.653495	-0.450107	-96.834225	-0.307343	-115.080299	-0.086007
93800.000043	-119.933720	-0.323503	-124.745818	0.292933	-97.585002	0.483517	-114.065618	-0.119131
93900.000043	-140.651246	0.080112	-116.154946	0.020433	-96.379539	-0.076158	-122.651503	0.198080
94000.000043	-120.817697	-0.309799	-116.270862	0.470697	-109.312158	0.044147	-120.160886	0.464630
94100.000043	-117.305897	0.169867	-119.427486	0.242022	-99.689886	0.277121	-115.391882	0.137933
94200.000043	-119.169727	-0.134592	-120.550029	-0.228234	-102.036099	-0.060382	-119.390388	-0.267386
94300.000043	-111.892811	-0.066377	-119.611179	-0.104984	-109.354698	0.473814	-119.476019	-0.386651
94400.000044	-118.478886	0.000624	-119.906395	0.010321	-99.502844	-0.150494	-130.189570	-0.396825
94500.000044	-115.898367	-0.196579	-118.234816	-0.346583	-95.491732	0.289592	-120.614878	-0.240027
94600.000044	-125.135908	-0.392857	-113.228852	0.259919	-101.589786	-0.067324	-112.796555	0.262789
94700.000044	-116.592377	0.275895	-118.338175	-0.216016	-101.454749	-0.373166	-114.881105	0.264434
94800.000044	-109.910226	0.185835	-111.118622	-0.429273	-105.639366	0.119640	-116.944548	0.178291
94900.000044	-118.101456	-0.297262	-121.985076	-0.319616	-95.448004	-0.358867	-114.594845	-0.282910
95000.000044	-125.319075	-0.349639	-108.881423	0.086576	-97.793220	-0.156964	-116.288842	0.129882
95100.000044	-111.016241	-0.185992	-110.892101	-0.162032	-123.734824	0.207458	-112.664528	0.390305
95200.000044	-114.584248	0.004200	-113.642197	-0.186475	-101.089384	0.130297	-112.880744	0.022149
95300.000044	-123.933366	-0.278393	-116.705281	-0.409946	-94.732737	0.414135	-113.417623	-0.252083
95400.000044	-122.185880	-0.404157	-117.749143	-0.328489	-104.879214	0.025671	-122.053148	0.367039
95500.000044	-127.182982	-0.005493	-119.298232	0.305801	-97.569605	-0.181060	-120.038964	-0.083713
95600.000044	-112.664048	0.291144	-114.627697	-0.081920	-103.833118	0.458158	-113.959340	-0.303397
95700.000044	-119.694780	-0.426054	-127.142378	-0.229365	-111.644815	-0.205230	-120.298332	0.059304
95800.000044	-121.744743	-0.114163	-121.473028	0.445045	-99.028705	0.208332	-116.242058	0.497348
95900.000044	-124.118829	-0.182349	-115.955975	0.482918	-98.336452	-0.233778	-124.121865	-0.187994
96000.000044	-122.025721	0.197027	-115.648931	-0.398231	-96.206248	-0.280781	-120.814249	-0.083687
96100.000044	-126.218272	-0.329112	-128.789759	-0.492775	-123.060114	0.284159	-113.795704	-0.210760
96200.000044	-119.266308	-0.150929	-121.803285	0.396888	-99.550834	-0.290479	-113.961219	-0.425356
96300.000044	-127.296653	0.328888	-113.864797	-0.068700	-107.985633	-0.108492	-112.705021	0.170924
96400.000044	-119.912282	0.493013	-111.898065	0.058214	-97.787674	0.400220	-109.584964	0.103380
96500.000044	-121.242375	0.341126	-112.142187	-0.149918	-93.512692	-0.014585	-122.288315	0.282949
96600.000045	-135.295687	-0.487441	-108.488372	0.248833	-98.193612	0.028835	-119.283030	0.317657
96700.000045	-114.552603	0.128136	-116.739759	0.391786	-99.497674	0.474180	-123.455016	0.423692
96800.000045	-109.593880	-0.302732	-124.628601	-0.460062	-106.030934	-0.417866	-126.304457	0.361301
96900.000045	-111.600431	0.164924	-114.339207	0.115575	-96.186989	0.018123	-115.810751	-0.117398
97000.000045	-114.986448	0.067158	-118.170503	0.082358	-98.219673	-0.171916	-114.534643	0.268915
97100.000045	-129.195023	0.214642	-129.963791	0.236051	-99.112156	0.392856	-123.233985	-0.162659
97200.000045	-120.966459	0.426583	-116.218576	0.494773	-102.436692	0.007479	-109.662481	0.491084
97300.000045	-115.315330	-0.081239	-119.485920	0.409506	-101.758742	0.168285	-116.154664	-0.169679
97400.000045	-113.905446	0.321776	-116.131327	0.104330	-98.675867	-0.406642	-121.087797	-0.343408
97500.000045	-126.013651	0.051306	-117.755925	0.083796	-105.249675	-0.045793	-127.180139	-0.198865
97600.000045	-124.080934	-0.075224	-122.194872	0.175621	-103.231593	0.413981	-117.547919	0.490438
97700.000045	-129.441498	-0.455915	-113.308875	-0.100054	-104.145425	-0.419582	-112.015918	-0.057750
97800.000045	-116.990963	0.281170	-118.170848	-0.338198	-104.170685	-0.153748	-114.059857	-0.327921
97900.000045	-118.323090	0.078417	-119.515265	-0.149063	-97.005788	0.341027	-111.769231	-0.187314
98000.000045	-109.678090	0.371465	-114.735638	0.143641	-106.776701	-0.021408	-119.394207	-0.399904
98100.000045	-117.228552	-0.217021	-135.938859	0.463577	-101.108631	-0.290942	-113.432587	-0.100284
98200.000045	-122.178701	0.186593	-124.624731	0.282884	-100.019196	0.328860	-114.759797	0.302692
98300.000045	-125.461948	-0.099009	-133.058824	-0.115829	-104.353639	0.327683	-120.650425	-0.161462
98400.000045	-118.641763	0.193550	-118.469748	-0.208778	-108.718627	0.185389	-119.479258	-0.453688
98500.000045	-117.765075	-0.148067	-113.401419	0.481673	-99.467514	0.157234	-122.326302	-0.276618
98600.000045	-110.441203	-0.369769	-119.632524	-0.440285	-105.843955	0.390368	-108.295563	0.230336
98700.000045	-116.144417	0.440325	-114.769973	-0.078056	-99.825992	-0.314346	-125.938990	-0.052596
98800.000046	-112.634766	0.247476	-115.189282	0.011173	-105.332472	0.364828	-119.081062	-0.188028
98900.000046	-117.077507	-0.029395	-132.718489	0.391170	-99.217334	0.025704	-121.456115	0.103274
99000.000046	0.000000	0.000000	0.000000	0.000000	0.000000	0.000000	0.000000	0.000000
