% f17.txt
% Date Sat, Jun 26, 2021 5:09 PM
% Sine seq
% Response spectrum
% Stim level (V pk) 0.500, 0 dB filter gain, 120.0 dB attenuation
% Stim RMS (V) 0.000
% Freq [Hz]	Ch0 Mag [dB]	Ch0 Phase [cyc]	Ch1 Mag [dB]	Ch1 Phase [cyc]	Ch2 Mag [dB]	Ch2 Phase [cyc]	Ch3 Mag [dB]	Ch3 Phase [cyc]
%%end
10.000000	-128.444952	-0.177530	-110.418524	-0.417344	-88.870002	0.197437	-122.812618	-0.373400
20.000000	-125.978635	-0.255475	-119.208847	-0.184907	-91.998366	-0.483684	-115.584410	-0.013200
30.000000	-123.344599	0.455889	-124.246630	0.342296	-83.236374	0.395558	-120.580672	-0.380238
40.000000	-113.621547	0.376310	-119.253939	-0.455403	-88.241065	0.470762	-117.429077	-0.404296
50.000000	-128.175638	-0.129724	-122.915352	-0.228173	-89.159053	0.354376	-125.552523	0.081731
60.000000	-97.466301	-0.046557	-89.489143	0.239556	-67.552314	-0.489530	-101.239328	-0.296720
70.000000	-118.929510	0.433145	-128.856858	0.386649	-79.460300	0.354917	-121.786116	-0.017669
80.000000	-126.721645	0.131585	-129.164600	0.468204	-77.423619	-0.406281	-124.954134	-0.294568
90.000000	-119.632897	0.003505	-122.815351	-0.398681	-76.146937	-0.424217	-131.961948	0.198205
100.000000	-125.530011	-0.110113	-128.042219	-0.418868	-79.727759	0.253500	-123.219283	-0.437051
110.000000	-127.254093	0.235302	-125.039811	-0.125078	-79.193558	0.278495	-128.998686	0.139175
120.000000	-133.078721	-0.295654	-117.047979	0.109055	-80.047480	0.113573	-121.121483	-0.239459
130.000000	-128.308361	0.302821	-122.970994	0.167341	-84.213023	-0.084684	-117.061276	0.073585
140.000000	-127.220947	0.466281	-125.130323	-0.106378	-75.765106	-0.253508	-128.047309	-0.186092
150.000000	-122.111089	0.387272	-133.456168	0.122464	-83.255915	-0.177454	-122.306970	-0.031472
160.000000	-124.449765	-0.197513	-122.537693	-0.055295	-68.256440	-0.273008	-122.708037	-0.231016
170.000000	-118.264756	0.069124	-120.025924	-0.035467	-71.261136	0.226504	-127.742982	-0.055758
180.000000	-105.014463	0.260607	-93.897669	0.231034	-72.644115	0.208989	-94.925979	-0.394987
190.000000	-140.595391	-0.358410	-133.734668	-0.245610	-79.314039	-0.047737	-123.289918	0.080859
200.000000	-120.892182	0.414829	-127.253873	0.259242	-72.543415	0.179216	-129.726647	0.116924
210.000000	-127.077874	-0.282354	-119.768161	-0.251029	-78.391569	-0.025344	-138.979670	-0.399953
220.000000	-119.526482	-0.303249	-117.745409	-0.470247	-72.497530	-0.432921	-127.529776	0.441941
230.000000	-119.844366	0.268474	-125.358544	0.370244	-76.931694	0.499037	-133.370409	0.127167
240.000000	-117.557283	0.096394	-122.207577	-0.141873	-69.975483	-0.026664	-140.110876	0.049813
250.000000	-124.520035	0.050290	-125.240590	-0.203132	-73.576091	-0.319403	-125.266146	-0.428876
260.000000	-127.456815	-0.385946	-141.760111	0.198676	-73.341743	-0.033475	-126.594514	0.008121
270.000000	-122.400413	-0.350621	-125.498507	0.136816	-73.276691	-0.384862	-124.264468	0.314779
280.000000	-133.554317	0.261672	-120.379952	0.131338	-69.182468	-0.249428	-117.016347	-0.110238
290.000000	-119.109014	-0.244170	-123.368578	0.247716	-77.807985	-0.418249	-144.830148	-0.422372
300.000000	-108.111376	-0.245181	-108.082041	0.238803	-70.162880	-0.196390	-108.947089	-0.453522
310.000000	-122.903537	0.357828	-128.195188	0.181569	-72.419785	-0.220870	-121.268448	-0.143795
320.000000	-119.621278	-0.471173	-127.179215	-0.435761	-78.555144	-0.362689	-126.098860	0.468347
330.000000	-133.487494	-0.471921	-129.417699	-0.332348	-78.892473	-0.049665	-129.026752	-0.146319
340.000000	-123.350921	-0.121449	-123.639039	0.145530	-68.011061	-0.230099	-121.659362	0.419083
350.000000	-119.532680	-0.090897	-123.764343	-0.005857	-81.687101	-0.442919	-123.807334	-0.463161
360.000000	-129.105450	-0.102984	-125.211249	-0.387402	-74.694826	-0.177531	-127.786038	0.008681
370.000000	-132.543577	0.342697	-130.757672	-0.348923	-72.752302	0.415706	-127.992196	0.476356
380.000000	-134.139488	0.240649	-123.092768	0.278113	-72.943077	0.326189	-125.462025	0.146375
390.000000	-119.694960	-0.396571	-119.963380	0.435270	-77.917031	-0.112459	-127.098693	0.418985
400.000000	-126.531902	-0.046161	-138.404546	0.196125	-80.608255	-0.349357	-131.818111	0.130551
410.000000	-119.324319	0.254170	-120.768843	-0.035012	-83.107911	0.189175	-129.732780	0.349852
420.000000	-133.056113	-0.124450	-113.319468	-0.186234	-79.724312	0.073175	-130.037670	-0.026457
430.000000	-123.278635	0.225291	-132.378198	0.456197	-75.181793	0.456292	-123.039625	0.042941
440.000000	-121.502575	0.036752	-131.067691	0.044660	-76.856473	0.372774	-125.536284	-0.327449
450.000000	-123.783439	-0.465107	-134.307534	-0.257527	-72.455220	0.003247	-125.878024	-0.014930
460.000000	-132.317356	-0.356445	-124.347987	0.484842	-75.314531	-0.446091	-126.926220	0.447129
470.000000	-137.284455	-0.395023	-123.423967	-0.159996	-77.219073	0.315075	-131.608785	0.384028
480.000000	-120.035842	-0.355627	-132.481237	0.407239	-78.776629	0.129542	-131.219421	0.324055
490.000000	-125.468479	0.065925	-132.268624	-0.176040	-77.109273	0.289297	-125.154558	-0.463257
500.000000	-123.673632	0.431568	-137.219406	-0.118160	-76.215983	-0.430078	-124.313734	-0.439531
510.000000	-125.655544	-0.080843	-127.809218	-0.296405	-76.932767	0.003750	-121.924890	0.393548
520.000000	-116.989826	0.314370	-135.053536	0.063950	-90.580710	-0.003229	-125.315335	-0.092766
530.000000	-120.071413	0.415143	-129.037866	-0.108994	-72.595750	-0.218096	-125.964447	0.082235
540.000000	-114.345863	0.019691	-107.223426	0.269367	-77.926189	-0.250823	-120.974578	-0.119185
550.000000	-128.361105	-0.241615	-128.108385	0.231957	-72.731226	0.004250	-142.214644	-0.265703
560.000000	-121.475726	-0.093071	-133.953255	0.184950	-84.654577	0.108119	-131.666354	-0.047975
570.000001	-121.944749	0.095416	-121.919493	0.473153	-75.085414	0.097160	-120.554422	-0.462057
580.000001	-121.889398	-0.398015	-128.310358	-0.101959	-77.540284	0.321299	-123.269374	-0.355727
590.000001	-122.468447	-0.468342	-126.409307	0.407566	-69.073363	0.150883	-128.784364	0.010982
600.000001	-129.660287	0.226446	-127.985165	0.454513	-80.996256	0.432226	-131.994657	-0.361647
610.000001	-150.351941	-0.122202	-132.713329	0.251896	-83.876607	0.125948	-124.986421	0.127362
620.000001	-124.519294	0.386462	-121.069255	0.307616	-77.633946	-0.338219	-126.395526	0.071354
630.000001	-122.502850	0.432546	-128.646444	0.083391	-72.847665	0.329291	-120.124779	-0.137101
640.000001	-129.440637	0.344232	-126.911450	0.291465	-23.707900	0.401508	-25.068462	-0.222474
650.000001	-124.367320	0.457190	-121.762045	0.304190	-71.981104	0.480585	-124.476431	0.348809
660.000001	-124.215870	0.289360	-110.980040	0.177367	-76.045326	-0.358872	-122.805206	0.220176
670.000001	-119.447657	-0.351940	-123.194422	-0.243146	-78.432831	0.196922	-129.181560	0.442267
680.000001	-124.090209	0.475643	-126.456027	-0.321066	-79.715168	-0.322151	-137.061842	-0.350485
690.000001	-126.665543	-0.301602	-125.885371	-0.010426	-77.774253	0.241562	-131.104992	-0.243030
700.000001	-129.525077	0.160213	-123.938229	0.013221	-81.347483	-0.019870	-120.758693	-0.152761
710.000001	-123.419052	-0.398485	-120.126250	0.329988	-73.454171	-0.346361	-121.822478	-0.370949
720.000001	-124.421178	-0.321994	-120.459584	-0.035478	-76.287046	-0.450542	-124.522615	0.098885
730.000001	-128.617093	-0.204671	-125.461163	-0.367305	-83.404571	0.092079	-137.384319	0.381018
740.000001	-120.782756	0.003847	-126.188403	0.083177	-77.216286	-0.226329	-124.995346	-0.194943
750.000001	-129.579244	-0.437216	-122.489033	-0.174816	-73.847449	-0.444276	-124.932651	-0.111839
760.000001	-122.671931	-0.209795	-128.119038	0.330739	-72.846378	-0.467136	-126.153285	-0.146351
770.000001	-130.613972	-0.010367	-133.128522	0.145234	-75.887205	0.490265	-121.824285	-0.124615
780.000001	-125.614017	0.134209	-111.393461	-0.321791	-73.636444	-0.189396	-129.185016	-0.407998
790.000001	-133.232662	-0.091972	-127.882821	0.198392	-80.120246	0.416273	-146.553589	0.485303
800.000001	-123.719675	0.465642	-119.611681	0.064627	-74.940104	0.145521	-125.224871	-0.382121
810.000001	-127.414921	0.406178	-128.434898	-0.243425	-74.298832	-0.279772	-122.709063	0.308133
820.000001	-125.996722	-0.049325	-119.638350	-0.326674	-74.560835	0.406039	-132.995786	0.174085
830.000001	-130.225140	0.295146	-122.521011	-0.297759	-84.215879	-0.392314	-129.023353	0.181927
840.000001	-118.677212	0.214345	-126.852081	0.151864	-82.659062	-0.295970	-124.789115	-0.162591
850.000001	-125.109590	0.156856	-121.679943	-0.257738	-71.968797	0.184418	-121.053404	-0.075625
860.000001	-124.725567	0.204195	-129.089280	0.190909	-85.487361	-0.416361	-140.597357	0.156677
870.000001	-118.990061	0.101847	-128.566087	0.383373	-78.324202	-0.367984	-123.688666	0.353215
880.000001	-124.457781	-0.177349	-126.940841	0.425149	-85.160622	-0.391596	-121.385890	-0.131170
890.000001	-132.383737	-0.168108	-125.148330	-0.217033	-74.739041	0.126125	-125.937268	-0.023755
900.000001	-127.154936	0.379020	-128.389786	-0.007450	-71.849992	0.170790	-126.952075	0.237580
910.000001	-130.744204	0.072933	-137.616358	0.391218	-80.575225	0.367963	-117.529154	-0.370021
920.000001	-134.317601	-0.375182	-120.522981	-0.399658	-73.726871	0.389921	-164.207974	0.068530
930.000001	-131.768699	-0.411961	-126.868861	0.216920	-71.552141	-0.269155	-118.422835	0.328762
940.000001	-129.829814	0.384245	-130.317212	-0.497844	-89.257381	0.135283	-116.901722	-0.316551
950.000001	-128.521143	-0.192056	-130.853006	-0.458399	-85.340385	0.312208	-126.720468	0.124264
960.000001	-119.553747	-0.293767	-124.416239	-0.278329	-76.042640	-0.114135	-126.284731	0.263373
970.000001	-123.939445	-0.061869	-128.735551	-0.446887	-81.859583	0.119120	-129.296080	-0.470287
980.000001	-136.319050	-0.272156	-129.716969	-0.105595	-76.427262	-0.320332	-125.670433	0.035633
990.000001	-129.567652	-0.495555	-127.187029	-0.393903	-101.028801	-0.123327	-125.360865	-0.299415
1000.000001	-121.879886	-0.488820	-124.787898	-0.025423	-84.986615	0.089442	-120.803602	-0.256162
1010.000001	-123.851849	-0.478794	-124.536690	-0.080051	-84.198717	-0.415987	-137.249039	0.367963
1020.000001	-134.910029	0.229390	-117.295690	0.205444	-83.793004	-0.157290	-141.039707	-0.233203
1030.000001	-128.221244	-0.340758	-126.611050	-0.408091	-74.628341	-0.144149	-139.432965	0.256724
1040.000001	-121.383584	0.191561	-120.229900	0.312642	-82.632469	0.247971	-123.840401	0.107547
1050.000001	-125.414260	0.259123	-135.726533	0.456131	-87.602330	0.265165	-127.331889	-0.470027
1060.000001	-134.106071	-0.025312	-118.509066	0.023750	-86.607691	-0.059721	-130.014400	-0.381936
1070.000001	-125.389598	0.358736	-126.979031	-0.192505	-81.391630	-0.224383	-121.728190	-0.266927
1080.000001	-124.507430	0.186533	-135.212589	0.429246	-74.520610	-0.025308	-123.422358	0.340117
1090.000001	-139.800509	-0.338042	-121.218203	-0.267715	-77.686140	0.494471	-132.385992	0.097549
1100.000001	-128.666984	0.036882	-126.025781	-0.333929	-80.302890	-0.303484	-126.099888	-0.144778
1110.000001	-126.941707	0.071392	-134.069679	0.239516	-90.412374	-0.432965	-125.797554	0.280341
1120.000001	-121.777305	0.168688	-121.019640	-0.178740	-82.411186	-0.375708	-127.393883	0.306806
1130.000001	-140.088778	0.014747	-127.323324	0.066054	-80.408790	0.397199	-124.217385	-0.337806
1140.000001	-129.434169	0.041368	-128.237354	0.309116	-78.605281	0.366845	-132.381547	-0.372931
1150.000001	-153.430272	-0.276347	-122.023190	0.374360	-75.309040	-0.471035	-122.985682	-0.394679
1160.000001	-128.171223	0.419248	-140.404813	-0.433294	-90.481012	-0.302290	-121.442017	0.096846
1170.000001	-123.317733	0.060159	-125.072666	-0.426247	-82.250915	0.071254	-126.463023	-0.378558
1180.000001	-130.881718	0.287628	-142.933903	0.489105	-84.448064	-0.259489	-122.268044	-0.064363
1190.000001	-134.560076	-0.419386	-121.683242	0.283833	-83.759199	-0.379675	-122.565362	0.349212
1200.000001	-121.083650	-0.442833	-126.041414	-0.237573	-83.949589	-0.356548	-124.505240	-0.345678
1210.000001	-131.499218	0.136189	-120.214112	-0.156629	-87.624134	0.342173	-144.446968	-0.199299
1220.000001	-132.164417	-0.056677	-123.676524	-0.040650	-74.233190	-0.194187	-121.394441	0.160857
1230.000001	-129.444358	0.491969	-114.342969	-0.099249	-73.895463	0.385575	-130.796584	0.246930
1240.000001	-128.767432	0.177974	-132.861117	0.265236	-98.711758	0.175145	-128.456755	0.137849
1250.000001	-122.237460	-0.073325	-130.088765	0.169404	-87.900919	-0.125738	-120.055915	0.200798
1260.000001	-127.412346	0.487396	-116.905014	-0.204989	-80.747791	-0.355263	-133.094579	0.169358
1270.000001	-123.355656	-0.382419	-116.702808	-0.424757	-82.993216	-0.210422	-121.822791	-0.488557
1280.000001	-122.684432	-0.146857	-130.626893	-0.281013	-83.949623	-0.244529	-85.882226	-0.445146
1290.000001	-127.113266	0.228995	-131.490165	-0.043021	-76.598583	-0.412814	-121.564450	-0.434845
1300.000001	-124.925204	0.044451	-112.279683	0.347480	-76.909351	-0.043958	-123.060376	0.093095
1310.000001	-130.457064	0.203122	-143.292086	0.244137	-89.456806	0.201903	-128.848716	0.107483
1320.000001	-129.668070	0.161836	-123.285454	0.447266	-93.459505	0.490776	-128.449419	-0.008076
1330.000001	-137.209003	-0.052511	-120.004884	0.437585	-81.304823	0.228937	-123.366757	-0.388192
1340.000001	-125.524313	0.332805	-119.668296	0.053076	-91.586325	0.050917	-120.371608	0.131438
1350.000001	-131.564243	0.378121	-113.663811	0.140929	-79.460111	-0.001487	-125.758240	-0.245776
1360.000001	-133.346835	-0.083298	-112.739514	0.465370	-80.938408	0.455292	-136.675048	0.362229
1370.000001	-126.263180	-0.151826	-136.726646	-0.488385	-79.846502	-0.234176	-132.704612	0.276170
1380.000001	-132.306340	0.274594	-115.103227	0.120671	-81.524546	0.021643	-121.511259	-0.383578
1390.000001	-128.127216	0.280398	-118.854686	-0.066818	-74.839199	0.189125	-123.807116	-0.334806
1400.000001	-122.115326	-0.064261	-117.443325	-0.234585	-86.493351	-0.431835	-122.499641	-0.478883
1410.000001	-133.943970	-0.034518	-115.445805	-0.467029	-81.298380	0.399886	-140.132482	0.144448
1420.000001	-126.664617	0.297264	-116.878729	-0.286444	-84.798344	-0.062568	-121.602946	0.145368
1430.000001	-133.696511	0.367794	-128.753406	-0.173502	-81.839030	-0.248437	-120.489296	-0.418310
1440.000001	-146.616597	-0.014195	-122.772089	0.078602	-93.360652	0.377566	-124.531352	-0.236623
1450.000001	-130.219448	0.488646	-119.545091	-0.061451	-83.842501	-0.492033	-126.920072	-0.236958
1460.000001	-127.345515	0.179315	-119.537600	0.220411	-88.490010	0.356829	-127.182202	-0.223742
1470.000001	-126.465335	-0.041506	-117.223690	-0.478263	-80.475029	-0.307915	-119.985632	-0.115508
1480.000001	-123.212891	-0.470850	-113.929895	-0.075218	-86.658845	-0.491110	-128.374148	0.479287
1490.000001	-119.963390	-0.111512	-127.773097	0.118209	-86.678238	-0.025123	-124.976661	-0.014521
1500.000001	-122.613015	0.010999	-123.564314	0.278979	-87.149843	0.404859	-125.105669	0.379223
1510.000001	-122.985612	-0.311846	-121.556018	0.282549	-74.495286	-0.236716	-128.226114	0.238319
1520.000001	-122.158721	-0.322063	-120.497339	0.327523	-86.429889	0.388528	-130.178462	0.172758
1530.000001	-130.962536	0.208187	-121.104246	-0.159266	-84.773883	0.004188	-128.652378	0.005316
1540.000001	-130.928205	-0.129903	-123.848703	-0.181605	-94.284023	-0.031681	-135.538046	0.009843
1550.000001	-135.450840	0.421095	-127.990643	-0.428644	-79.104990	-0.356921	-121.324658	0.381711
1560.000001	-125.173219	0.111933	-123.675182	0.126693	-85.947242	-0.248077	-124.732336	-0.274549
1570.000001	-125.937366	-0.216201	-119.637114	-0.165569	-84.110758	0.207904	-129.775684	0.116696
1580.000001	-123.387933	-0.126303	-121.382990	-0.030613	-79.907661	0.302522	-120.355914	0.039015
1590.000001	-139.763986	0.201806	-120.796199	-0.375325	-83.459166	0.441840	-128.161145	-0.438292
1600.000001	-126.958931	-0.159418	-117.437436	-0.266189	-91.120448	-0.013308	-123.896451	-0.443500
1610.000001	-120.816048	-0.146511	-121.587687	-0.222794	-84.786052	-0.410397	-125.214053	-0.236106
1620.000001	-131.112755	-0.321175	-117.430396	0.348685	-78.914253	-0.272178	-135.245415	-0.401700
1630.000001	-127.334257	0.021705	-122.386719	0.139800	-89.895433	-0.065311	-132.737301	0.378595
1640.000001	-120.881465	-0.378918	-122.865871	0.048670	-81.912096	-0.148928	-120.910914	0.232454
1650.000001	-125.796422	0.411994	-127.547434	-0.072799	-94.631499	-0.324725	-148.534074	-0.121728
1660.000001	-129.092429	-0.302989	-134.057533	-0.085707	-89.688146	0.029218	-128.389734	-0.184153
1670.000001	-121.525485	-0.426694	-126.746071	-0.419786	-86.940976	0.001667	-128.919646	-0.050687
1680.000001	-133.351628	-0.203329	-134.247152	0.000760	-81.770216	-0.193178	-133.559163	0.108739
1690.000001	-120.037011	-0.496427	-129.682718	0.418724	-80.653488	-0.125470	-121.820847	0.249071
1700.000002	-147.730313	0.218591	-124.746454	-0.285210	-77.751497	0.347304	-127.913396	-0.325120
1710.000002	-126.819164	-0.063730	-144.221123	-0.089118	-83.178110	0.264564	-127.080166	-0.163829
1720.000002	-129.692003	0.128594	-128.421404	-0.420899	-93.067920	0.278659	-129.560513	-0.289217
1730.000002	-133.166792	-0.243867	-123.159588	0.178673	-77.581905	-0.105511	-127.872207	0.043309
1740.000002	-121.156883	-0.396564	-127.844766	0.463066	-82.096641	-0.215579	-133.768972	-0.371259
1750.000002	-124.319849	0.088492	-140.104602	-0.040467	-82.820320	0.123786	-126.081800	0.027470
1760.000002	-138.460641	0.287045	-130.245401	0.156698	-83.219158	0.209839	-131.564909	0.152923
1770.000002	-128.068485	0.376919	-126.445219	-0.326106	-89.237172	0.070977	-132.100722	0.275851
1780.000002	-126.805595	-0.239132	-121.099539	-0.392054	-80.269781	0.120377	-124.719147	-0.356207
1790.000002	-119.551004	-0.047579	-125.858883	-0.219155	-93.358245	0.238139	-130.438495	-0.423201
1800.000002	-132.784428	-0.260449	-126.413153	0.376980	-82.718010	-0.072940	-142.701994	-0.225343
1810.000002	-126.488565	0.344484	-124.877748	-0.313776	-88.479793	0.370989	-127.809016	-0.280081
1820.000002	-133.866153	0.122447	-124.809754	0.389128	-82.405367	0.239318	-120.094291	-0.062389
1830.000002	-119.227787	-0.131209	-123.332656	0.048432	-79.870768	0.148215	-123.193114	-0.164352
1840.000002	-131.088907	-0.423564	-137.841752	-0.242326	-81.437155	0.461859	-123.036592	-0.198269
1850.000002	-118.243376	0.414883	-128.037678	-0.341283	-85.798877	-0.153210	-127.115428	0.430982
1860.000002	-123.940373	-0.256916	-117.686467	-0.033076	-83.878453	0.393710	-122.284094	-0.006049
1870.000002	-122.615874	-0.212249	-134.347111	-0.258640	-81.855725	0.357704	-129.481740	0.128835
1880.000002	-122.107617	0.434170	-133.197219	-0.322159	-83.347318	-0.301133	-123.658009	-0.427466
1890.000002	-126.426753	-0.157749	-136.451973	-0.189022	-84.001465	0.354585	-125.925593	-0.112593
1900.000002	-128.185288	-0.009131	-128.833550	-0.100133	-83.372671	0.156077	-124.894481	-0.072997
1910.000002	-136.775575	0.198990	-127.084079	0.382103	-86.669476	-0.289298	-133.524777	0.122473
1920.000002	-126.476898	-0.434283	-130.822464	0.040338	-82.735064	-0.446198	-89.905109	-0.185449
1930.000002	-123.228395	-0.473696	-126.673496	0.193873	-80.702821	-0.287737	-127.102062	-0.248713
1940.000002	-127.290784	-0.351071	-126.827076	-0.264775	-84.402673	-0.381527	-124.015221	0.418687
1950.000002	-121.301422	0.457169	-123.130047	-0.069720	-88.374000	0.486329	-125.576817	-0.451634
1960.000002	-124.808767	0.014577	-121.061057	0.126378	-88.056626	-0.295391	-126.034722	0.122091
1970.000002	-132.849900	0.145494	-124.139068	-0.071295	-80.937115	0.151275	-136.268302	-0.311161
1980.000002	-124.184449	-0.021169	-134.427962	0.422675	-83.936523	-0.489656	-121.671337	0.292664
1990.000002	-126.736505	-0.438060	-125.114407	0.491703	-98.271003	-0.457757	-126.606700	0.205145
2000.000002	-128.669673	-0.222343	-130.040240	-0.316739	-98.754676	0.425034	-122.274642	-0.192841
2010.000002	-129.091878	-0.313535	-128.621753	0.100793	-77.974501	-0.310683	-127.741254	0.062341
2020.000002	-126.845301	-0.146815	-130.531683	0.362053	-80.734859	0.221480	-123.003560	-0.484094
2030.000002	-122.100581	0.041296	-130.736610	0.464361	-84.228189	-0.246439	-124.149078	0.301457
2040.000002	-121.345889	-0.172307	-137.839309	0.408621	-80.579420	-0.331025	-129.290997	0.032511
2050.000002	-132.782917	0.109139	-124.916201	-0.152175	-78.989175	0.352310	-134.702222	0.142056
2060.000002	-119.798226	-0.484839	-129.064711	0.204872	-78.388659	-0.326721	-138.041929	0.339081
2070.000002	-126.673869	0.280143	-117.652050	-0.478730	-84.288521	0.196592	-132.247105	0.311083
2080.000002	-126.785970	0.399615	-125.731754	-0.130943	-84.349858	0.309164	-121.977964	0.329974
2090.000002	-125.639191	0.259760	-128.358921	-0.044291	-87.672698	0.120304	-130.694291	0.359909
2100.000002	-126.459693	0.389154	-127.281829	-0.370361	-83.328327	0.101679	-133.235383	0.101277
2110.000002	-121.437606	-0.094682	-129.771145	0.330844	-86.159210	-0.472289	-129.372117	-0.022709
2120.000002	-137.043957	-0.128627	-127.373842	-0.046518	-80.746411	0.299952	-140.098935	0.435350
2130.000002	-120.900158	-0.050533	-130.320762	-0.391587	-84.966786	-0.467370	-132.808111	0.331893
2140.000002	-131.240399	0.156284	-122.395700	0.372352	-83.809191	-0.405177	-130.314774	-0.422182
2150.000002	-128.108636	0.437942	-125.941770	0.333545	-83.679373	-0.393366	-121.538889	-0.317080
2160.000002	-125.448979	-0.295481	-137.163835	0.061317	-86.949533	0.344258	-128.981258	0.312110
2170.000002	-130.634652	-0.275821	-127.049245	-0.343516	-86.570642	-0.231395	-120.813610	-0.311945
2180.000002	-122.286417	-0.377897	-131.117694	-0.222098	-83.252031	-0.255079	-122.847132	-0.413475
2190.000002	-123.546569	0.368622	-121.804843	0.441789	-89.548622	0.067241	-128.690770	-0.060424
2200.000002	-124.308803	-0.248414	-124.735752	-0.219976	-87.312303	0.168426	-132.396095	0.078998
2210.000002	-126.356182	0.280535	-123.326412	-0.365696	-84.278061	-0.007291	-125.309743	-0.085822
2220.000002	-123.164326	0.322967	-133.530787	0.393185	-92.323909	0.298900	-127.919032	-0.122351
2230.000002	-125.550965	0.243105	-126.515610	0.464884	-80.234539	-0.482063	-127.782892	0.376509
2240.000002	-134.432081	0.458050	-132.896624	0.151553	-92.978931	-0.324687	-117.588321	-0.285094
2250.000002	-131.881137	-0.052351	-117.987437	-0.005334	-81.070883	0.210614	-124.563401	0.036460
2260.000002	-125.303465	0.430281	-141.572487	0.124702	-90.540237	0.128714	-131.787026	-0.331344
2270.000002	-123.965379	0.312223	-125.552425	-0.036809	-78.942047	0.274527	-132.537200	-0.324976
2280.000002	-122.200607	-0.075355	-137.575900	0.137625	-81.749699	-0.358175	-128.081134	0.121771
2290.000002	-130.512812	0.388812	-118.717531	-0.349575	-77.647790	0.070690	-134.731835	0.108426
2300.000002	-123.837862	0.102809	-126.002764	-0.147385	-85.110737	-0.496801	-126.477891	0.101327
2310.000002	-126.394098	-0.376266	-118.759505	-0.403173	-83.205181	0.010457	-137.918393	0.205471
2320.000002	-122.231416	-0.109154	-126.626954	0.335176	-83.238485	-0.337401	-128.877785	-0.401293
2330.000002	-140.679987	-0.079406	-136.981626	-0.293995	-85.870376	0.425521	-134.619820	0.097786
2340.000002	-125.299830	-0.143333	-125.642316	-0.029856	-89.220495	-0.088605	-125.807007	0.496958
2350.000002	-142.283890	-0.057675	-127.206943	0.277242	-77.688578	0.107576	-124.797709	0.094883
2360.000002	-120.247160	0.310580	-133.422108	0.464222	-93.369814	0.308505	-123.616072	-0.363522
2370.000002	-127.109737	-0.128007	-124.045651	-0.321419	-87.592451	0.051416	-134.585238	0.499845
2380.000002	-138.763770	-0.465753	-133.668728	-0.389704	-84.383148	-0.263438	-134.292321	0.291078
2390.000002	-121.966549	-0.031714	-123.407059	0.098506	-84.787048	0.088653	-119.097676	-0.128138
2400.000002	-126.464810	0.196047	-145.106866	0.483314	-81.332997	-0.393156	-127.357849	0.094227
2410.000002	-124.076595	-0.422284	-124.293714	-0.330861	-81.458129	0.229839	-122.269667	-0.118486
2420.000002	-127.643009	-0.114459	-137.510075	-0.225762	-83.007167	0.057289	-129.700911	0.406192
2430.000002	-128.863740	-0.157917	-117.016535	-0.098078	-92.641015	0.376383	-125.890688	-0.397272
2440.000002	-123.651142	-0.079048	-127.800004	-0.380514	-83.386482	-0.325955	-119.675980	-0.184604
2450.000002	-130.081040	-0.303087	-135.220232	-0.013393	-84.195347	0.319144	-139.022387	-0.191509
2460.000002	-120.374432	0.035294	-124.988715	-0.029098	-88.358156	-0.389536	-129.852742	-0.434199
2470.000002	-134.581395	0.079261	-120.769155	-0.270786	-87.672548	-0.499875	-121.608664	0.359304
2480.000002	-125.714507	-0.085561	-122.029700	0.024387	-81.884287	0.440847	-126.041996	-0.349545
2490.000002	-121.581155	-0.429541	-122.472481	0.401859	-81.726425	0.167412	-122.139385	0.334062
2500.000002	-131.311375	0.230204	-138.171461	-0.058962	-92.464555	0.158012	-123.389207	0.492066
2510.000002	-137.582699	-0.470635	-128.155508	0.178150	-84.192244	-0.084095	-127.385500	0.442786
2520.000002	-133.991812	0.111465	-125.237903	0.284319	-83.182911	-0.056128	-121.972800	0.072944
2530.000002	-139.515797	0.474998	-122.475309	0.240895	-81.296019	0.278126	-130.149856	-0.300408
2540.000002	-130.961224	0.310662	-123.259217	-0.272663	-88.937869	0.301728	-119.750261	-0.012259
2550.000002	-128.954002	0.191991	-123.285484	-0.334077	-89.945309	-0.245408	-132.427196	-0.254500
2560.000002	-123.445240	-0.269519	-136.852975	0.379835	-86.301172	-0.426022	-99.633182	0.100340
2570.000002	-130.177718	-0.047141	-122.257995	0.155013	-83.087479	-0.317493	-130.636993	-0.210261
2580.000002	-130.287275	-0.150274	-126.544852	-0.294597	-85.307010	0.194243	-122.541526	0.457376
2590.000002	-123.914288	-0.411909	-126.393710	0.244881	-78.952481	0.373983	-125.945392	-0.104606
2600.000002	-128.019072	0.194157	-132.020308	-0.182116	-87.810624	0.447058	-128.542695	0.009432
2610.000002	-134.502236	-0.300431	-129.827374	-0.292743	-96.089014	-0.399954	-124.894996	-0.075471
2620.000002	-124.877891	0.361202	-125.927210	0.050424	-85.070827	0.154383	-126.206062	0.393979
2630.000002	-128.035473	0.199050	-119.706760	0.158049	-88.510025	0.317171	-123.610883	-0.011689
2640.000002	-142.956235	0.297316	-125.260932	-0.073513	-80.219792	-0.264886	-127.368620	0.225822
2650.000002	-126.550985	0.033496	-131.038095	0.263989	-79.934937	0.179315	-130.516387	0.360857
2660.000002	-127.632434	-0.339181	-137.153724	-0.484864	-80.782099	-0.125457	-122.051514	-0.334995
2670.000002	-125.634191	0.355788	-132.862109	0.493708	-98.102446	-0.439253	-128.451101	0.219635
2680.000002	-128.319506	0.112176	-123.727395	-0.062442	-83.511485	0.206910	-126.277586	-0.314417
2690.000002	-142.015869	0.452065	-121.315814	-0.024553	-96.336073	-0.020341	-124.087364	0.363632
2700.000002	-136.139551	-0.407070	-125.940099	-0.357441	-88.756227	0.218407	-119.238087	-0.023508
2710.000002	-122.981663	0.461221	-137.303160	0.301842	-86.854448	0.086516	-120.935736	-0.296393
2720.000002	-130.295379	-0.147127	-139.703635	-0.089943	-84.393655	-0.257454	-124.827418	0.399460
2730.000002	-124.509962	0.016426	-125.790416	-0.026546	-91.848465	-0.404407	-123.845669	0.243213
2740.000002	-124.548049	-0.469720	-142.916122	0.265877	-89.565006	0.127319	-139.004784	0.412323
2750.000002	-128.423821	-0.244955	-121.937766	0.071145	-83.245877	-0.291003	-126.791447	0.121695
2760.000002	-136.729717	-0.213588	-130.747598	-0.074384	-87.587751	-0.483826	-133.492417	-0.139925
2770.000002	-143.198484	0.365522	-121.926976	0.156374	-85.321711	-0.323883	-124.220340	0.150069
2780.000002	-125.103937	-0.480912	-130.875974	-0.499252	-81.737620	0.469821	-125.798507	-0.413177
2790.000002	-131.899184	-0.337270	-121.932590	-0.446245	-80.378042	0.426563	-125.010994	0.322170
2800.000002	-136.810359	-0.404582	-125.635981	-0.116127	-91.175626	0.420150	-127.993816	-0.266631
2810.000002	-128.513080	0.275803	-121.765622	0.363843	-89.342149	0.310273	-129.292350	-0.029977
2820.000002	-121.850445	-0.320093	-121.326994	-0.062341	-89.023864	0.207282	-125.279438	0.143419
2830.000003	-129.735163	0.267372	-124.324162	0.361529	-97.208199	0.340193	-130.829703	-0.101606
2840.000003	-126.359050	0.016211	-127.815411	-0.427341	-97.613947	-0.368473	-125.800357	0.341975
2850.000003	-130.953981	-0.413120	-132.188770	0.265446	-97.658575	-0.110613	-146.714933	0.482318
2860.000003	-133.794375	0.368589	-130.170101	-0.265433	-85.881123	-0.072165	-123.392590	-0.471725
2870.000003	-127.646930	-0.270385	-135.610438	-0.466782	-84.642842	-0.322323	-127.146246	0.176322
2880.000003	-137.296687	0.486700	-124.886294	0.330821	-83.314212	-0.326933	-129.223941	-0.099939
2890.000003	-135.406593	0.084387	-121.899018	-0.063843	-87.143448	0.098307	-128.209741	-0.499279
2900.000003	-129.544457	0.099745	-124.481592	0.040987	-85.879947	0.249498	-126.429728	-0.210643
2910.000003	-119.051853	0.053740	-135.113955	-0.476820	-88.574811	0.250578	-129.830824	-0.240886
2920.000003	-124.342930	0.283834	-132.887231	-0.366114	-87.821732	-0.107025	-119.675181	0.103653
2930.000003	-129.616393	-0.015968	-126.613497	-0.358238	-83.910949	-0.141882	-118.835561	-0.334988
2940.000003	-116.171570	0.274916	-120.663893	-0.414959	-80.907644	0.042299	-134.441952	-0.465109
2950.000003	-135.658507	-0.182564	-124.738012	-0.285885	-81.776954	0.184742	-124.152442	0.294860
2960.000003	-127.265153	0.120212	-123.608799	0.149550	-90.386132	-0.077497	-126.113299	-0.405614
2970.000003	-128.755644	-0.122189	-134.565068	-0.498918	-91.957449	0.147693	-124.844932	0.282730
2980.000003	-132.246258	0.221416	-143.640404	-0.461083	-85.550905	0.364759	-119.817194	-0.450634
2990.000003	-127.560614	0.134199	-125.710246	0.473418	-86.773673	-0.172230	-127.576943	0.126465
3000.000003	-129.805033	-0.307572	-139.966019	0.273422	-83.566587	-0.386377	-126.194928	-0.472735
3010.000003	-119.184894	0.443658	-122.643989	-0.407836	-94.512921	0.171520	-122.324980	-0.014942
3020.000003	-121.379559	0.442832	-121.592129	0.407214	-83.567646	-0.097931	-124.106703	0.433969
3030.000003	-129.830325	0.021102	-126.371499	0.452451	-90.976255	-0.433972	-129.263093	0.239544
3040.000003	-131.639406	0.155533	-116.517689	-0.435973	-86.446452	-0.393565	-123.841767	0.065169
3050.000003	-124.368249	0.014450	-130.767606	0.455642	-84.857994	0.486236	-129.982165	0.396388
3060.000003	-120.313095	-0.404766	-125.211870	-0.024511	-83.102027	0.020880	-127.730058	-0.068294
3070.000003	-125.941783	0.140170	-124.368757	0.026299	-88.683987	-0.133711	-126.432603	-0.462152
3080.000003	-123.430213	-0.199362	-131.713939	-0.346232	-92.666795	-0.028851	-133.494201	0.298515
3090.000003	-122.131786	-0.140032	-126.987434	-0.369783	-99.051156	-0.483505	-120.639141	-0.487561
3100.000003	-129.153018	0.325975	-119.522996	0.245242	-86.848509	0.161491	-122.566976	0.190469
3110.000003	-126.148598	0.123118	-126.442845	-0.366203	-87.443670	0.285278	-124.219061	0.135846
3120.000003	-123.856687	-0.053392	-133.434497	-0.180557	-91.716267	-0.330085	-130.321702	0.099914
3130.000003	-127.858939	0.171125	-124.481057	-0.115894	-94.640026	0.230981	-127.044934	0.265040
3140.000003	-142.823693	-0.472729	-123.564645	-0.400788	-81.595610	0.256679	-122.762308	-0.485002
3150.000003	-128.685825	0.105443	-135.112106	-0.027330	-91.772249	0.181935	-129.712327	-0.030632
3160.000003	-128.223710	0.464077	-126.419460	-0.236182	-84.335618	-0.154404	-125.984422	0.011683
3170.000003	-133.869234	-0.043026	-122.337598	0.310345	-79.764442	-0.147149	-129.267218	0.080572
3180.000003	-126.410744	-0.382554	-129.639186	0.297056	-86.893996	-0.113654	-139.068608	-0.138846
3190.000003	-124.442778	-0.048977	-119.203291	-0.239514	-86.647371	-0.029103	-131.124640	0.385575
3200.000003	-136.417844	-0.239019	-123.285665	-0.344573	-85.863874	-0.361521	-96.478332	-0.103036
3210.000003	-128.576718	-0.218343	-126.068683	0.043630	-89.150778	-0.386482	-133.043484	-0.416898
3220.000003	-135.775967	0.480108	-115.869384	0.461023	-97.907698	-0.173495	-122.076611	0.387955
3230.000003	-129.208089	0.106890	-132.114142	0.238172	-95.878704	0.127366	-122.223384	-0.378026
3240.000003	-127.186017	0.292399	-123.914068	0.030565	-80.743642	0.455084	-126.287096	0.118939
3250.000003	-127.521846	-0.423342	-131.475403	-0.098746	-84.574434	-0.044267	-124.915176	0.462221
3260.000003	-140.472328	-0.067963	-132.290402	0.425154	-83.760948	0.469786	-121.402918	-0.024061
3270.000003	-125.603192	0.298852	-122.845432	-0.491377	-86.438801	0.483012	-135.589083	-0.198699
3280.000003	-133.331412	-0.079966	-134.320799	-0.018547	-83.416551	0.280075	-125.438427	0.320149
3290.000003	-126.490099	0.321164	-137.868284	-0.112282	-95.964593	-0.186999	-127.927289	0.354648
3300.000003	-126.208245	0.192650	-119.092361	0.473473	-94.021324	0.209314	-125.117652	0.161612
3310.000003	-126.202464	-0.345249	-131.901446	-0.371273	-91.812087	-0.001417	-126.170902	-0.438629
3320.000003	-122.831545	-0.446839	-118.539521	0.378990	-90.018913	0.312689	-130.502293	0.265364
3330.000003	-120.759754	0.367631	-135.928678	-0.237712	-76.748389	0.121481	-121.763543	0.331845
3340.000003	-131.545147	-0.162601	-127.634829	-0.148795	-81.277914	0.237827	-135.685927	-0.420996
3350.000003	-124.642110	0.361498	-122.411391	0.083684	-88.727193	0.458412	-129.007375	0.198328
3360.000003	-125.891092	0.401061	-122.085637	0.335949	-88.539504	0.102391	-124.009778	-0.051265
3370.000003	-126.357461	-0.370681	-130.647071	-0.182728	-90.992901	-0.395520	-127.324223	-0.206197
3380.000003	-135.077136	-0.212234	-132.028352	0.079224	-87.693882	-0.434142	-126.558154	0.046635
3390.000003	-124.574126	-0.131843	-125.564683	0.208740	-93.492129	-0.408668	-126.445314	0.233869
3400.000003	-126.009869	0.413555	-119.201904	0.059424	-85.579907	0.453168	-123.413055	-0.377714
3410.000003	-130.326827	-0.348684	-131.294334	-0.193896	-86.832158	0.327449	-122.741024	0.079723
3420.000003	-125.748359	-0.327523	-124.681324	-0.010855	-95.239478	-0.354133	-133.614400	-0.449470
3430.000003	-130.909347	0.333089	-125.755597	0.366991	-98.075965	0.211145	-149.142301	-0.310268
3440.000003	-128.472705	0.116331	-128.207613	-0.129667	-82.835561	0.072589	-143.578315	-0.301484
3450.000003	-125.711322	-0.195437	-132.038968	0.090092	-82.482364	-0.224023	-140.514085	0.224937
3460.000003	-125.523812	0.072209	-125.524588	0.357986	-89.921389	0.151736	-122.263952	0.306798
3470.000003	-123.978196	0.057542	-124.959347	0.315619	-79.684699	0.429659	-136.447314	-0.231227
3480.000003	-123.820266	0.153178	-125.212199	-0.057816	-88.009917	0.087337	-136.747482	-0.102438
3490.000003	-146.248073	-0.273179	-131.148437	-0.098992	-83.032350	-0.461951	-127.743289	-0.286348
3500.000003	-133.964113	-0.398320	-118.586934	-0.316513	-82.718705	0.020255	-125.394380	-0.360816
3510.000003	-126.439101	-0.289469	-134.812567	0.229854	-84.776171	0.023319	-134.859967	-0.387830
3520.000003	-138.743977	-0.264953	-128.766631	0.177753	-81.798641	0.279051	-119.831204	-0.462834
3530.000003	-122.133118	-0.173001	-126.901387	0.186864	-87.205495	-0.489406	-131.831841	-0.352683
3540.000003	-136.170282	-0.499758	-123.425319	-0.169441	-87.315425	0.463691	-122.699585	-0.495193
3550.000003	-126.057679	0.238434	-131.271537	0.484197	-89.458233	0.426239	-125.153320	0.363917
3560.000003	-119.714744	0.372615	-125.723673	-0.166641	-87.538247	-0.287119	-121.833681	-0.041907
3570.000003	-126.972451	0.080371	-129.259943	0.112637	-88.547075	0.499147	-135.900140	0.428815
3580.000003	-143.637736	-0.436336	-128.973943	0.465040	-83.913951	0.063633	-127.571194	-0.375166
3590.000003	-117.147115	0.148111	-123.399731	0.245694	-82.175770	-0.157815	-124.747981	0.420627
3600.000003	-121.437739	0.473819	-118.729008	0.019710	-86.303580	0.474305	-131.742370	0.169192
3610.000003	-131.860328	-0.322307	-122.517313	0.436548	-90.060541	0.097577	-146.464805	-0.241472
3620.000003	-123.002431	0.371069	-138.700591	0.014511	-89.849623	0.046372	-124.492657	-0.204394
3630.000003	-126.024092	-0.007994	-124.509997	-0.069852	-97.144272	-0.298167	-120.561858	-0.026210
3640.000003	-125.238089	-0.234548	-124.570253	0.382754	-87.498702	0.224544	-123.060759	-0.296547
3650.000003	-123.065646	-0.152215	-117.689667	0.382896	-105.886546	0.276748	-128.034118	0.082634
3660.000003	-119.672151	0.017726	-125.738740	0.198997	-94.469157	0.406016	-123.208119	-0.435047
3670.000003	-132.207925	0.040891	-133.542261	0.200064	-91.061820	0.407945	-126.659260	0.090971
3680.000003	-123.230884	-0.423192	-135.127179	-0.050760	-91.450966	0.235010	-132.487098	-0.311996
3690.000003	-135.735713	0.116958	-118.309735	0.088650	-88.355055	0.490615	-128.543550	0.294174
3700.000003	-127.400509	-0.037344	-126.756107	-0.388911	-81.528060	-0.144993	-127.033933	0.175374
3710.000003	-122.466656	-0.391398	-126.797726	-0.116248	-85.392140	-0.153061	-128.843664	-0.193632
3720.000003	-122.471646	-0.210662	-123.990858	0.398517	-86.520937	0.436025	-127.854606	-0.374545
3730.000003	-126.137766	0.021788	-122.479122	-0.299501	-88.167808	-0.342688	-124.110392	0.102476
3740.000003	-138.019044	-0.183045	-129.569620	0.446090	-83.178574	-0.475887	-134.817906	-0.188132
3750.000003	-125.330097	-0.475303	-122.149619	-0.124933	-87.041785	0.028434	-122.886866	-0.059382
3760.000003	-121.772835	-0.289984	-136.336363	0.183329	-85.620927	-0.016958	-124.625481	0.242067
3770.000003	-131.028992	0.262007	-131.526239	-0.455051	-81.984164	0.361756	-132.365901	0.347700
3780.000003	-120.003715	0.096177	-125.061060	0.433468	-82.399495	-0.224947	-130.208946	0.174547
3790.000003	-137.390698	-0.417684	-128.475775	-0.009683	-84.657341	-0.287432	-131.785863	-0.045281
3800.000003	-136.325190	0.033275	-129.432992	0.122408	-82.856856	0.052790	-124.372734	-0.243930
3810.000003	-132.065246	-0.390163	-125.843641	0.401565	-86.321375	-0.480735	-126.053908	0.334201
3820.000003	-125.767997	-0.213492	-127.376825	-0.485150	-89.937426	0.080691	-119.196866	-0.374588
3830.000003	-121.213032	-0.352659	-122.286104	-0.296202	-92.587230	0.347811	-127.672670	0.326905
3840.000003	-122.542239	0.365682	-129.692910	-0.342182	-83.587045	0.022793	-99.025756	0.149886
3850.000003	-123.579711	-0.173032	-123.014690	-0.066913	-87.755352	-0.298134	-130.954423	0.097111
3860.000003	-127.831134	0.124564	-139.982684	0.305663	-99.155880	0.290100	-123.196590	0.417708
3870.000003	-128.303686	-0.018703	-128.998537	-0.281699	-87.834471	-0.001703	-127.637361	-0.493680
3880.000003	-126.978347	0.147378	-122.009269	-0.020049	-89.928308	0.224603	-129.197009	0.042730
3890.000003	-126.560300	-0.036758	-135.406541	-0.318979	-87.207175	0.039335	-127.209034	-0.038044
3900.000003	-132.036886	0.308918	-118.320182	-0.466291	-85.990119	0.308296	-131.022629	-0.077621
3910.000003	-130.311308	-0.244673	-125.948131	-0.053448	-86.412063	-0.491249	-132.233862	-0.430683
3920.000003	-128.379182	-0.464394	-118.607780	-0.051530	-91.141282	-0.332440	-122.778875	-0.061190
3930.000003	-135.348133	0.030392	-127.794531	0.387620	-95.847318	-0.062841	-126.885483	0.309020
3940.000003	-121.392296	-0.487609	-124.489966	0.487592	-86.717345	-0.291286	-121.777846	0.490091
3950.000003	-121.965482	-0.092091	-123.125326	0.244896	-86.258610	-0.459430	-121.388527	0.402095
3960.000004	-124.931741	0.331074	-133.674843	-0.208202	-108.858909	0.265417	-125.624936	-0.492077
3970.000004	-125.036029	0.174602	-133.186746	0.228058	-93.685034	0.045772	-126.264043	0.320595
3980.000004	-120.903000	-0.194601	-127.319128	-0.350714	-82.261061	-0.223801	-123.379562	0.020197
3990.000004	-122.802069	0.324424	-124.523753	0.238017	-96.318448	-0.008043	-121.139716	0.399191
4000.000004	-126.175217	-0.385278	-128.404418	0.443916	-88.596311	0.229511	-125.319199	0.199965
4010.000004	-123.762318	-0.202435	-123.102081	-0.224184	-87.064943	0.449745	-121.857511	-0.289933
4020.000004	-118.495302	-0.395310	-119.709881	-0.280166	-86.583795	-0.069214	-130.024914	-0.084047
4030.000004	-126.883223	-0.094959	-121.598407	0.311760	-82.358432	0.042594	-120.615085	-0.001314
4040.000004	-126.729280	-0.425806	-125.171065	-0.096636	-92.137945	0.385886	-126.947677	-0.204147
4050.000004	-120.373028	0.324903	-137.223264	0.111680	-86.438072	0.222948	-144.787434	0.141386
4060.000004	-121.451083	0.271788	-125.365507	-0.258751	-95.131504	-0.227911	-133.969241	0.203819
4070.000004	-124.114552	0.337389	-125.220555	-0.285280	-99.672789	-0.001197	-123.589684	0.327251
4080.000004	-130.131839	-0.416730	-127.057865	-0.058798	-84.824518	-0.087705	-129.269737	-0.240717
4090.000004	-125.726398	-0.047506	-123.417532	0.364556	-87.603861	-0.329147	-128.517930	-0.372699
4100.000004	-131.832475	0.118968	-127.871900	-0.274870	-83.646095	-0.135098	-137.399745	-0.335456
4110.000004	-126.255343	0.140759	-123.755353	-0.327076	-90.184351	-0.340282	-123.740871	-0.409735
4120.000004	-128.609309	-0.168297	-133.857851	0.370269	-92.288391	-0.093263	-121.935259	-0.018550
4130.000004	-126.047708	-0.210622	-147.936221	-0.040411	-82.287664	-0.210215	-128.311663	-0.169323
4140.000004	-129.489234	-0.135963	-129.822473	-0.157708	-83.279607	-0.139225	-125.768557	0.318635
4150.000004	-128.068614	-0.188068	-128.490908	0.468942	-98.826651	0.240412	-128.220363	0.152640
4160.000004	-127.109676	0.219147	-129.854782	0.408366	-86.894012	-0.165170	-122.523074	0.419873
4170.000004	-136.307963	-0.428247	-123.722731	0.495043	-88.817211	0.054877	-133.103037	-0.174407
4180.000004	-117.872247	0.306839	-127.265546	-0.230336	-91.062626	0.156678	-140.986768	0.075247
4190.000004	-128.762567	-0.308908	-128.726062	0.365872	-93.770179	-0.310123	-130.816968	0.388799
4200.000004	-130.509955	-0.393753	-121.989639	0.304988	-90.014350	-0.314873	-124.411360	-0.364977
4210.000004	-123.027715	-0.412585	-138.554628	-0.118776	-82.300805	-0.019966	-116.832070	0.313552
4220.000004	-119.412090	-0.192822	-123.482469	-0.318322	-86.524834	0.232061	-135.055442	0.112429
4230.000004	-126.795708	-0.061612	-118.477228	0.254065	-98.272341	-0.107841	-124.052304	0.448489
4240.000004	-132.130185	-0.039793	-125.276989	-0.409026	-87.230333	0.342791	-129.394641	0.001641
4250.000004	-128.465809	-0.488382	-129.819129	0.296973	-86.421713	0.076559	-129.407705	0.139990
4260.000004	-125.562294	-0.185420	-122.485663	0.200400	-83.069654	0.406404	-120.806307	0.394775
4270.000004	-125.787856	0.040884	-136.397985	-0.324688	-78.816955	0.077463	-121.819405	-0.388444
4280.000004	-122.279285	0.047184	-121.481292	-0.381073	-83.419328	-0.115864	-133.528693	0.416927
4290.000004	-134.578247	-0.497125	-121.856795	-0.007288	-88.973620	0.245025	-120.129824	0.331985
4300.000004	-124.754256	0.286052	-125.013673	-0.387929	-85.633052	-0.143715	-129.435540	0.220853
4310.000004	-123.907639	0.292286	-118.700928	0.066855	-86.330911	-0.006370	-132.675769	-0.484381
4320.000004	-122.321776	-0.173365	-131.978389	0.422904	-102.793860	0.472101	-126.603886	-0.126505
4330.000004	-132.359942	-0.250962	-122.677390	-0.459627	-100.766239	-0.100485	-124.536460	-0.320587
4340.000004	-130.150886	-0.085081	-135.244915	0.156370	-90.204957	0.317906	-131.857389	-0.473592
4350.000004	-124.399385	-0.327741	-134.406779	-0.073924	-89.894770	-0.458319	-122.555420	-0.124384
4360.000004	-126.434730	-0.302980	-143.155531	0.200374	-86.013450	-0.474692	-122.158379	0.444082
4370.000004	-120.518212	0.249752	-123.243200	0.314044	-104.348293	-0.368701	-125.482273	0.408891
4380.000004	-123.572351	0.158143	-122.106855	0.322651	-84.107714	0.151413	-122.609118	-0.017828
4390.000004	-125.120313	0.482244	-126.128503	0.315795	-88.521500	-0.150795	-119.673267	-0.458275
4400.000004	-124.357012	0.405352	-126.125897	0.010125	-81.798650	0.196725	-129.406549	0.010351
4410.000004	-121.082724	-0.003615	-124.080404	0.060671	-92.663629	-0.018644	-135.727390	0.131826
4420.000004	-126.633588	0.380751	-129.469905	-0.227691	-90.465396	-0.268097	-133.964028	0.237000
4430.000004	-133.457214	-0.371809	-128.124453	0.477611	-84.155956	-0.057918	-124.882043	0.371582
4440.000004	-131.429400	-0.127035	-131.506193	0.111012	-87.615324	-0.252691	-124.012137	0.488316
4450.000004	-130.100699	-0.027754	-125.632751	-0.072493	-92.414033	0.034525	-134.079388	0.463103
4460.000004	-126.155218	0.019061	-136.228469	0.313966	-84.755351	0.015789	-129.829723	0.143930
4470.000004	-131.670522	-0.274734	-122.946173	0.160317	-95.211698	-0.389677	-131.018044	0.157552
4480.000004	-119.615968	0.330399	-124.780411	0.342928	-95.310805	0.143222	-97.514867	-0.066799
4490.000004	-126.690943	-0.060441	-137.056817	-0.479587	-85.138443	-0.004907	-122.313432	0.426501
4500.000004	-124.978083	0.425255	-126.079645	0.486256	-96.680045	-0.228599	-122.451722	-0.378644
4510.000004	-123.178528	0.494083	-123.467842	0.168630	-89.487388	0.209772	-120.210732	0.355468
4520.000004	-124.001961	-0.110886	-124.703592	0.262451	-92.406495	-0.248160	-121.715726	-0.242989
4530.000004	-139.397761	-0.111550	-128.640981	-0.170716	-88.688602	0.496135	-133.690122	0.202237
4540.000004	-130.214323	0.018537	-133.036052	0.183049	-93.333572	-0.256609	-124.703623	0.446685
4550.000004	-127.186027	-0.179120	-128.957984	-0.355325	-85.037367	0.183171	-123.247218	-0.118895
4560.000004	-135.185206	0.107500	-126.149002	-0.211174	-91.025142	-0.339275	-129.307921	-0.128209
4570.000004	-125.945942	-0.295916	-123.479090	0.360699	-93.341804	-0.086688	-122.428725	-0.378381
4580.000004	-119.874285	0.445029	-124.110887	0.289861	-86.163796	0.465299	-131.767913	0.263399
4590.000004	-128.879832	-0.270891	-120.907378	-0.018392	-93.046807	0.264655	-123.990587	0.166341
4600.000004	-130.698553	-0.418782	-122.269967	0.031196	-97.360039	-0.058039	-142.130667	-0.011888
4610.000004	-134.039917	-0.394310	-123.315691	-0.146122	-82.813381	-0.081076	-134.022200	-0.305751
4620.000004	-128.133963	-0.190080	-120.744580	0.316676	-83.426091	-0.379822	-127.671028	0.183203
4630.000004	-128.566497	-0.070785	-125.008994	0.089650	-86.969544	0.103415	-135.344996	-0.089956
4640.000004	-126.414615	-0.404093	-127.307677	0.336793	-91.081938	0.094400	-127.961887	0.232343
4650.000004	-128.241639	-0.255582	-123.810981	-0.237877	-84.069642	-0.386076	-122.771225	0.135535
4660.000004	-128.627514	-0.134241	-123.021988	0.229747	-95.679671	-0.092633	-120.462778	-0.188809
4670.000004	-120.940814	0.228967	-126.785080	-0.390379	-86.855094	-0.231252	-136.587772	0.360479
4680.000004	-123.967210	0.285789	-125.388408	-0.421756	-83.531751	0.367355	-124.440293	0.034927
4690.000004	-134.870974	0.379391	-118.914410	0.457958	-92.958413	-0.309765	-121.568333	0.127077
4700.000004	-127.356467	0.426114	-124.934621	0.085052	-102.349142	-0.495097	-128.901767	0.433330
4710.000004	-137.186270	-0.119167	-124.011200	0.491450	-81.801167	-0.073907	-133.505573	0.187885
4720.000004	-121.906310	0.124022	-130.199459	0.087689	-92.310409	0.233741	-134.825729	0.118641
4730.000004	-125.411649	0.303451	-127.899649	0.115906	-90.833334	0.321740	-124.874999	0.395921
4740.000004	-128.750132	0.413987	-128.919479	-0.138870	-85.875419	-0.440946	-124.253806	0.301553
4750.000004	-124.854516	-0.183116	-138.854846	-0.306244	-103.531998	0.437468	-125.011060	0.259235
4760.000004	-128.541466	-0.154518	-122.561894	-0.465511	-94.066001	-0.020270	-130.128500	0.365243
4770.000004	-119.019914	-0.380906	-127.278383	0.037089	-89.901153	0.342510	-126.101584	-0.336051
4780.000004	-125.662867	0.081328	-124.826705	0.393776	-90.818880	-0.444932	-124.952173	0.429156
4790.000004	-124.855173	0.236552	-126.354901	0.324543	-85.641523	-0.043518	-138.590446	0.416473
4800.000004	-125.495622	0.191323	-128.166242	-0.294248	-88.263696	-0.422915	-128.048181	0.132352
4810.000004	-120.344064	0.323288	-124.731124	0.453894	-95.625319	0.126176	-136.819126	-0.090790
4820.000004	-127.522498	0.391062	-140.798658	0.282494	-88.790549	0.498585	-125.216248	-0.386999
4830.000004	-122.187097	0.252304	-128.948897	-0.161633	-81.479859	-0.462818	-137.809849	0.238714
4840.000004	-125.040935	0.214215	-123.817514	-0.122871	-85.714881	-0.300565	-131.480583	0.056924
4850.000004	-121.443503	-0.365817	-124.868467	-0.469609	-87.072620	0.412808	-126.150868	-0.215537
4860.000004	-129.206191	0.463708	-126.152085	-0.413618	-82.433058	0.017018	-121.850541	0.255171
4870.000004	-141.006685	-0.356993	-119.946417	0.242465	-85.646113	-0.383722	-123.974332	-0.277603
4880.000004	-133.688412	-0.083343	-122.964778	0.055861	-89.250392	-0.461268	-117.420425	-0.137119
4890.000004	-134.707048	0.261284	-122.726390	-0.303608	-85.075813	-0.286276	-121.138757	-0.192093
4900.000004	-124.038499	0.030863	-123.887009	0.026013	-86.480122	0.280325	-128.223611	0.115058
4910.000004	-123.980702	-0.045407	-131.760951	-0.045655	-93.745487	-0.076966	-118.331454	-0.077147
4920.000004	-124.687283	-0.335467	-121.645262	-0.188759	-86.177533	0.248220	-120.830551	0.040724
4930.000004	-133.571498	0.116049	-135.328466	-0.218088	-90.224534	-0.356537	-123.443316	-0.465788
4940.000004	-127.192204	0.258991	-134.002011	0.089364	-108.027687	-0.484634	-118.703252	0.053773
4950.000004	-132.959540	-0.115835	-121.031825	0.470346	-89.368013	0.075606	-123.735694	0.075935
4960.000004	-122.547243	-0.371856	-119.895290	-0.202759	-84.715468	-0.264561	-122.190701	-0.142635
4970.000004	-124.519476	0.430989	-126.891423	-0.097082	-86.929059	0.052266	-129.323374	0.425837
4980.000004	-128.528007	-0.173556	-127.587721	-0.042630	-86.679843	0.367836	-127.956291	0.000865
4990.000004	-131.491953	0.009709	-125.710313	-0.223748	-91.361127	0.289343	-133.572007	-0.109917
5000.000004	-131.706962	-0.398735	-119.824092	-0.348435	-90.222910	0.100731	-136.454598	-0.120072
5010.000004	-130.138957	0.071152	-148.860580	-0.301040	-99.406981	0.355770	-135.908703	0.193409
5020.000004	-126.714931	0.152039	-122.360067	0.076952	-89.106972	-0.496871	-123.060061	0.327759
5030.000004	-128.393701	0.021489	-122.998500	-0.009005	-88.950762	0.204583	-121.445652	-0.015934
5040.000004	-126.277536	0.422187	-124.631609	0.145893	-85.304728	0.434185	-125.088759	0.459799
5050.000004	-142.695467	0.094470	-125.829500	-0.466700	-88.155331	-0.192788	-122.214121	-0.306914
5060.000004	-137.735690	-0.147254	-129.672384	-0.008076	-92.025379	-0.374154	-127.269561	-0.431176
5070.000004	-125.540020	-0.350390	-121.552222	0.435351	-87.490355	0.177058	-127.825039	0.452455
5080.000005	-132.637199	0.245151	-122.227690	0.361900	-89.906739	-0.063691	-119.313507	0.324369
5090.000005	-122.391577	-0.479891	-121.316571	-0.360016	-90.190060	-0.178036	-126.875042	0.077149
5100.000005	-138.184938	-0.462539	-124.144040	0.193202	-92.004369	-0.091642	-127.957345	-0.150172
5110.000005	-125.698830	0.286852	-130.427506	0.465583	-87.107404	0.079599	-136.082616	-0.469282
5120.000005	-126.292313	0.480926	-126.032534	0.126001	-85.104256	0.337118	-103.677249	0.240210
5130.000005	-124.518256	0.175557	-130.471481	0.012128	-94.790329	-0.025401	-124.394351	0.241770
5140.000005	-129.093288	0.193081	-121.926591	-0.158425	-80.887510	0.426230	-123.950579	0.013278
5150.000005	-126.372223	0.335761	-134.608439	0.215458	-83.784904	0.203089	-120.793318	-0.293360
5160.000005	-145.496849	-0.161580	-125.659134	0.212983	-89.923132	0.412030	-123.731629	0.157087
5170.000005	-127.801123	0.487453	-121.184128	-0.430695	-91.656246	-0.446150	-122.413472	-0.471946
5180.000005	-125.940474	0.132854	-122.350580	-0.070341	-84.499348	0.181346	-124.206607	0.242674
5190.000005	-123.150160	0.226723	-126.457401	0.196533	-86.154010	-0.454640	-122.022965	-0.075929
5200.000005	-121.400209	0.265185	-128.666611	-0.032370	-83.010391	-0.079878	-128.376161	0.351436
5210.000005	-129.903096	0.274994	-125.387664	-0.338686	-87.829620	-0.286018	-131.784761	0.281291
5220.000005	-124.192016	-0.447800	-125.745699	0.132643	-92.874792	0.021394	-121.133199	-0.231686
5230.000005	-127.154816	-0.014210	-125.100550	-0.484036	-87.975150	-0.042386	-122.004751	-0.062465
5240.000005	-139.381503	0.046584	-132.645643	0.327306	-84.312766	-0.398249	-130.993848	0.475181
5250.000005	-123.594852	0.139831	-131.863046	-0.283899	-88.661515	-0.370138	-123.491530	0.226476
5260.000005	-133.734351	0.123675	-123.937301	0.304630	-98.874082	-0.492068	-121.104121	-0.499115
5270.000005	-136.250963	0.395715	-123.277683	0.498566	-84.996197	0.178354	-127.533957	0.267182
5280.000005	-122.099246	0.154729	-144.023934	-0.425891	-87.208299	0.492656	-128.128058	0.106917
5290.000005	-125.714305	-0.431012	-130.664236	0.266491	-86.129353	-0.380166	-129.993003	-0.038018
5300.000005	-127.160357	-0.177661	-128.701434	0.405611	-86.620099	0.003824	-126.659817	0.204213
5310.000005	-121.214574	0.246022	-129.925962	0.032825	-91.634927	-0.237462	-129.486386	-0.203714
5320.000005	-123.406685	0.202366	-132.839535	0.336030	-88.769051	0.168330	-119.703199	0.120023
5330.000005	-126.740843	0.276266	-126.204793	-0.132908	-96.814454	0.144027	-138.680522	0.023327
5340.000005	-124.931303	0.324804	-129.979990	-0.302576	-92.932422	-0.065818	-119.445011	0.490343
5350.000005	-120.888587	0.188827	-121.284730	0.026453	-88.806500	-0.352934	-126.116983	-0.076679
5360.000005	-125.619939	-0.294768	-130.562575	-0.466722	-86.115099	0.424224	-125.403819	-0.303571
5370.000005	-128.752301	-0.389559	-125.870600	-0.246696	-86.265606	-0.358765	-134.855737	-0.316001
5380.000005	-128.746394	-0.092498	-127.119660	-0.478731	-110.059969	0.165961	-134.031061	-0.185775
5390.000005	-123.124295	-0.465409	-127.376011	-0.429284	-87.441961	-0.235418	-128.517299	0.232260
5400.000005	-122.986804	0.225676	-133.522201	-0.088616	-96.530706	-0.175215	-124.103536	-0.024761
5410.000005	-123.721261	0.321112	-128.410331	0.481085	-108.598616	-0.381394	-122.411927	-0.422932
5420.000005	-132.677580	0.185237	-124.836236	-0.045370	-98.126608	-0.337366	-125.960343	-0.259796
5430.000005	-125.812852	-0.186900	-130.458306	0.245586	-95.625331	0.034920	-121.010191	0.245151
5440.000005	-126.575555	-0.214756	-129.117773	0.382935	-92.272411	0.414820	-129.341852	0.021255
5450.000005	-126.020149	-0.143290	-121.824780	0.055598	-91.495193	0.384585	-125.564372	0.174102
5460.000005	-135.308802	0.161021	-129.262126	0.400415	-81.417511	0.196244	-134.500853	0.475759
5470.000005	-126.213452	-0.381245	-121.716559	-0.259060	-84.281873	0.025047	-125.060306	-0.058070
5480.000005	-132.243794	0.303741	-123.349863	-0.254736	-86.763868	-0.380859	-123.990102	-0.040300
5490.000005	-138.644435	0.481308	-123.924291	-0.365870	-92.917608	-0.200078	-126.205567	-0.021774
5500.000005	-133.058243	-0.438686	-138.064418	-0.276113	-84.286328	0.064440	-132.184808	-0.096920
5510.000005	-122.304161	-0.286748	-128.275324	0.350702	-88.036485	-0.376349	-130.175992	0.203533
5520.000005	-123.741231	-0.303255	-134.915073	0.493239	-99.901148	0.448493	-124.712754	-0.307472
5530.000005	-120.850167	-0.353870	-125.994031	-0.405611	-89.301345	0.085271	-130.219128	-0.049993
5540.000005	-137.999100	0.286790	-137.973322	0.201975	-80.974728	0.037710	-136.003151	-0.167633
5550.000005	-122.421778	-0.052223	-121.811645	-0.150757	-92.424664	-0.481665	-133.297222	-0.382660
5560.000005	-120.806335	-0.066122	-127.913410	0.158182	-88.838625	-0.126846	-119.790536	0.333926
5570.000005	-125.489655	0.428625	-126.582920	0.340202	-89.001531	-0.263644	-120.637349	0.181170
5580.000005	-117.939373	0.239193	-123.625605	0.459676	-90.951482	-0.188940	-123.071356	-0.231205
5590.000005	-126.453800	0.236128	-129.629943	-0.109365	-114.048161	-0.351318	-134.882758	-0.101227
5600.000005	-135.957567	-0.014498	-125.658414	0.151780	-95.265705	0.051860	-126.951654	0.156122
5610.000005	-123.680051	-0.312115	-118.854921	0.262671	-89.606379	-0.120109	-124.368697	0.358511
5620.000005	-140.091820	-0.056543	-127.250195	-0.228011	-89.164379	0.203532	-131.362449	-0.131510
5630.000005	-119.362372	0.414734	-130.325792	0.041418	-85.785206	0.216917	-124.543242	-0.140060
5640.000005	-126.544235	-0.151865	-121.778904	-0.320968	-87.612601	0.469131	-130.533124	0.329460
5650.000005	-125.245262	0.421544	-127.084723	-0.090501	-95.570132	0.143494	-131.831098	0.338609
5660.000005	-130.734236	0.272663	-132.192607	0.425631	-94.058724	-0.114469	-123.097062	0.139793
5670.000005	-132.485239	-0.081610	-131.471821	-0.414283	-87.589092	-0.451667	-122.771591	-0.429944
5680.000005	-134.670831	0.482568	-141.351345	-0.294169	-91.217566	-0.143737	-124.751929	-0.440115
5690.000005	-128.889624	-0.123160	-140.491692	0.420029	-89.087626	-0.217381	-124.057666	-0.238163
5700.000005	-131.049861	0.420065	-123.260007	0.080094	-83.396490	-0.080193	-127.162308	0.146775
5710.000005	-136.801844	-0.093508	-123.353948	-0.037124	-86.051651	0.252435	-121.807406	-0.042985
5720.000005	-122.753241	-0.462936	-127.113473	0.010335	-79.840554	-0.380894	-130.528621	0.367262
5730.000005	-119.347489	-0.146900	-120.609085	0.333405	-84.302702	0.315758	-131.206387	-0.323540
5740.000005	-131.839743	0.323075	-126.490880	0.275945	-94.164348	-0.213163	-130.244020	0.272938
5750.000005	-121.909984	-0.397509	-123.448213	0.452960	-95.403076	0.490881	-127.801975	-0.215522
5760.000005	-132.422471	0.065559	-126.691857	-0.389096	-92.781546	0.200667	-105.787268	-0.462166
5770.000005	-121.005073	-0.262492	-126.135748	0.479649	-92.550975	0.403332	-124.747353	-0.006782
5780.000005	-127.247372	-0.185606	-123.473440	0.370747	-95.233288	0.292732	-122.380531	0.330066
5790.000005	-129.184896	0.493489	-121.089386	0.138410	-94.197744	0.295310	-129.742612	0.284691
5800.000005	-121.806635	0.260609	-130.651003	0.112624	-89.134225	0.062246	-127.067725	0.181450
5810.000005	-123.351505	-0.270461	-120.401804	-0.305982	-96.644423	0.219668	-123.245940	-0.277072
5820.000005	-124.442768	0.156600	-124.295735	-0.170781	-86.272606	-0.295492	-131.238493	-0.205484
5830.000005	-126.694366	-0.462325	-119.641053	-0.242566	-92.012600	0.021468	-125.113991	0.072628
5840.000005	-126.384238	0.302769	-128.979636	0.204401	-91.900635	-0.172373	-134.880565	-0.325055
5850.000005	-120.837694	-0.045459	-125.991311	0.075253	-92.253269	0.236901	-123.505375	0.086750
5860.000005	-129.229433	0.458725	-129.257620	-0.468654	-89.675416	-0.243384	-126.208151	0.138506
5870.000005	-133.238244	0.301715	-125.519168	-0.032769	-94.228062	0.363590	-126.425704	-0.359075
5880.000005	-120.163014	0.072235	-128.357980	0.029682	-86.668153	-0.245628	-123.928929	-0.187746
5890.000005	-135.630350	0.240126	-122.248976	-0.169094	-94.202357	-0.190479	-123.612444	0.431893
5900.000005	-132.603448	-0.431784	-122.500823	0.256139	-85.334489	-0.091635	-132.928442	-0.069753
5910.000005	-130.283093	0.281937	-134.201030	-0.072562	-81.630646	0.475054	-127.746619	-0.091891
5920.000005	-124.889148	-0.288417	-128.370089	0.012261	-98.611846	0.157459	-121.321441	-0.076788
5930.000005	-155.625195	-0.168491	-118.281781	0.244373	-89.105771	0.093923	-119.709015	-0.074509
5940.000005	-123.943849	0.232047	-126.433035	0.303734	-89.892396	0.254474	-127.145559	-0.353226
5950.000005	-121.719475	-0.017532	-135.933374	-0.203903	-89.332347	0.073814	-132.280267	-0.065455
5960.000005	-129.290239	-0.074776	-125.274235	0.195159	-97.135526	0.304760	-121.828911	0.235525
5970.000005	-123.218061	0.105887	-124.155522	-0.215340	-89.036384	-0.332349	-126.231779	0.382518
5980.000005	-122.157400	0.199985	-141.477573	0.289427	-86.359622	-0.035971	-132.926920	0.255901
5990.000005	-129.146810	0.410483	-133.343645	0.235678	-86.941075	0.116408	-128.377377	-0.066365
6000.000005	-126.375269	-0.424605	-124.848624	-0.299506	-94.069037	0.220897	-121.780832	-0.363589
6010.000005	-125.076900	0.321823	-125.276322	0.399737	-100.242755	0.414692	-129.728971	-0.060062
6020.000005	-132.937042	-0.077284	-121.460475	0.125748	-84.903132	0.059843	-126.422681	0.210989
6030.000005	-126.503948	0.473197	-125.799705	-0.384151	-102.713010	0.391423	-132.488365	0.454084
6040.000005	-127.284338	0.173647	-124.944612	0.108805	-84.972555	-0.002021	-133.986549	0.051597
6050.000005	-132.455345	0.327396	-139.491772	-0.400462	-86.313575	0.382275	-123.732125	-0.114770
6060.000005	-122.406651	-0.178791	-121.770404	-0.459531	-82.588404	-0.053140	-123.662659	-0.094219
6070.000005	-123.845911	-0.466664	-129.815603	-0.017754	-94.571347	0.053757	-125.501136	0.446575
6080.000005	-122.678126	0.068626	-121.193997	-0.429050	-96.129777	-0.383550	-131.159610	0.148179
6090.000005	-129.789702	0.477328	-124.652819	0.199237	-91.930398	-0.211938	-129.489032	0.153855
6100.000005	-124.563318	-0.019784	-125.339245	-0.285752	-84.283687	-0.417943	-131.345126	0.366622
6110.000005	-135.366550	-0.132143	-122.920624	0.061764	-88.949660	-0.084741	-125.091062	0.291882
6120.000005	-123.308163	0.116502	-126.733336	-0.037257	-93.469226	-0.096797	-127.203570	-0.192175
6130.000005	-127.349979	-0.417217	-136.986461	-0.224884	-85.810935	0.147984	-132.584079	-0.349414
6140.000005	-124.890088	-0.369588	-125.872266	-0.429017	-88.399638	-0.219017	-131.040709	0.296848
6150.000005	-122.484832	0.442927	-121.078576	-0.219565	-83.760563	-0.204076	-136.705251	0.313800
6160.000005	-123.327528	0.057965	-126.131622	-0.060151	-92.325422	0.348803	-125.367867	-0.044074
6170.000005	-125.564404	0.285632	-125.726367	0.459313	-101.458463	0.052910	-124.539138	-0.053423
6180.000005	-123.916556	-0.258061	-124.090567	-0.031092	-90.840130	0.067847	-125.238491	0.442045
6190.000005	-121.720120	-0.254181	-122.965556	0.311585	-86.316854	0.118930	-122.283631	-0.369820
6200.000005	-121.984166	-0.316126	-120.042255	-0.408859	-88.126137	0.042677	-123.454714	-0.263940
6210.000006	-125.199000	-0.021022	-125.538705	0.107345	-89.086972	0.035858	-132.703529	-0.393919
6220.000006	-125.148757	0.473959	-120.436867	-0.336796	-88.821347	0.461106	-126.749660	-0.368028
6230.000006	-159.504941	0.396384	-129.005547	-0.043558	-90.653781	0.264563	-127.904956	0.117525
6240.000006	-123.801274	-0.311056	-130.565824	0.477558	-91.593823	0.258234	-128.404091	-0.023757
6250.000006	-128.302913	-0.071323	-125.310538	-0.269886	-95.865555	-0.350681	-148.410841	-0.481797
6260.000006	-135.958756	0.114471	-122.697372	-0.008161	-88.627086	0.225965	-130.044298	-0.041358
6270.000006	-118.181220	-0.102252	-135.988194	-0.259343	-91.780692	-0.011813	-122.336948	-0.124559
6280.000006	-133.509712	0.374423	-127.515350	0.335921	-94.231090	-0.095633	-127.758229	0.180954
6290.000006	-126.181933	0.217199	-125.146255	-0.079365	-90.344577	0.150542	-123.627614	-0.019069
6300.000006	-143.179427	0.489685	-125.134587	0.104291	-90.385414	0.224674	-120.961259	0.211288
6310.000006	-122.764245	0.453555	-124.452866	0.395631	-82.819714	-0.236192	-125.662732	0.040785
6320.000006	-119.105807	-0.337137	-121.064400	-0.186092	-85.783236	0.187723	-126.211924	-0.440992
6330.000006	-131.126293	-0.002110	-135.209651	0.282433	-82.776194	0.427824	-125.586948	-0.241932
6340.000006	-121.310124	-0.208776	-131.957249	-0.313902	-90.287700	0.159509	-131.131270	0.420614
6350.000006	-126.338498	-0.465937	-151.812627	0.103173	-88.716346	-0.337421	-126.932522	0.370369
6360.000006	-132.499058	-0.373841	-125.244914	-0.309024	-93.721049	-0.324136	-131.882901	-0.006526
6370.000006	-130.898238	0.244481	-136.754433	-0.073431	-94.997821	-0.457681	-129.405899	-0.383118
6380.000006	-133.888409	-0.456424	-122.743225	0.278949	-85.202352	-0.103934	-127.888855	-0.463918
6390.000006	-125.855127	-0.495672	-125.644038	-0.001451	-90.574454	0.338607	-122.529702	0.025535
6400.000006	-129.639527	-0.452155	-117.583139	-0.420173	-95.694001	0.343233	-110.951752	0.230480
6410.000006	-129.764405	0.441618	-126.894312	-0.032018	-97.614089	-0.000702	-119.691582	-0.281342
6420.000006	-128.646274	-0.219357	-126.793488	0.192845	-91.820744	-0.432213	-130.823270	-0.277862
6430.000006	-130.506787	0.441328	-127.286370	0.202329	-88.886838	-0.405348	-124.441705	-0.018026
6440.000006	-124.170672	-0.370041	-133.477437	0.366752	-81.936855	0.296207	-121.451391	-0.355778
6450.000006	-122.279718	-0.098397	-135.563168	0.038062	-100.876973	0.142928	-124.550343	0.297972
6460.000006	-132.689215	-0.032827	-143.292866	-0.169107	-85.085061	-0.392996	-130.311397	0.096746
6470.000006	-125.118569	0.413384	-144.667083	-0.079266	-83.558346	-0.378745	-120.942119	-0.049435
6480.000006	-122.997185	-0.267509	-127.732117	-0.015478	-89.519403	-0.416870	-127.821265	0.479216
6490.000006	-130.673034	-0.472070	-126.220388	-0.472202	-103.543605	0.111352	-124.389820	0.008478
6500.000006	-126.767147	0.033131	-125.970457	0.181743	-86.950303	-0.118055	-133.214648	0.433132
6510.000006	-126.893181	-0.076782	-125.938730	-0.142178	-82.013573	-0.146065	-135.497339	-0.498171
6520.000006	-123.837632	0.244404	-123.363738	0.112441	-86.404272	0.444194	-123.253699	-0.006692
6530.000006	-123.899752	-0.390214	-125.299587	0.394455	-88.887219	-0.036325	-124.330779	-0.294250
6540.000006	-137.059755	0.200076	-120.560131	-0.300803	-90.112846	-0.419135	-134.042498	-0.210421
6550.000006	-127.531210	0.455600	-124.515535	-0.266525	-98.962397	0.403316	-122.290262	-0.451213
6560.000006	-120.123186	0.193578	-121.990055	-0.283104	-90.671278	-0.249371	-126.054647	0.187699
6570.000006	-128.836808	-0.020349	-145.509518	0.190340	-92.512789	-0.012247	-128.893311	-0.070186
6580.000006	-132.549892	0.488706	-121.937818	0.210137	-92.549246	0.494116	-120.531790	0.294652
6590.000006	-121.546279	-0.262374	-121.711193	-0.302576	-87.794099	-0.068867	-124.409881	-0.313004
6600.000006	-126.833837	0.326011	-131.565251	-0.193674	-99.910518	0.384193	-126.485437	0.186013
6610.000006	-135.919139	-0.238534	-131.059081	-0.448980	-93.048220	-0.275847	-127.448439	0.425691
6620.000006	-126.210385	0.420778	-130.776652	-0.289944	-82.928350	-0.305549	-136.660709	0.169788
6630.000006	-123.389156	-0.398205	-121.269389	-0.445095	-104.296599	0.109551	-123.910846	0.474503
6640.000006	-124.028136	-0.242034	-125.367842	0.264814	-87.154117	-0.324507	-125.300120	0.239961
6650.000006	-124.326340	0.171577	-124.556412	-0.037798	-87.435369	-0.254443	-124.904664	0.284091
6660.000006	-119.218364	-0.126956	-126.003602	-0.070211	-96.696458	-0.089134	-128.690489	0.100781
6670.000006	-135.577915	0.040895	-119.825289	-0.117674	-97.001831	0.153858	-125.296041	0.002719
6680.000006	-124.657981	0.057862	-117.977292	0.081825	-100.778555	0.045909	-124.946711	-0.078008
6690.000006	-132.811005	0.317643	-132.624858	-0.028613	-93.216016	-0.121602	-138.569947	-0.044078
6700.000006	-122.912348	0.200855	-127.071620	0.227940	-88.222257	0.412698	-125.297152	-0.041852
6710.000006	-125.387738	0.385527	-124.423826	0.477428	-88.392632	-0.209749	-119.554708	-0.413795
6720.000006	-124.135475	0.379572	-128.988169	0.200801	-86.107150	0.398806	-122.102469	0.390037
6730.000006	-126.207574	0.097804	-124.847119	0.239907	-84.234443	0.300531	-126.159736	0.127715
6740.000006	-130.075054	0.307001	-132.157441	0.490197	-87.522025	-0.207654	-127.087709	0.371325
6750.000006	-128.528019	0.163254	-127.650437	-0.220185	-92.678751	0.114853	-123.106983	0.277027
6760.000006	-142.884863	0.263921	-122.773381	0.148831	-86.928223	0.005486	-140.478378	0.451832
6770.000006	-121.095018	-0.417221	-124.333465	-0.362730	-91.393061	-0.013429	-132.875410	0.045062
6780.000006	-132.678693	0.443134	-124.560900	0.072622	-100.545185	0.438825	-126.468774	-0.059033
6790.000006	-122.452988	0.030955	-127.737707	0.132140	-95.146279	0.370111	-127.113376	-0.093300
6800.000006	-129.666070	0.250449	-132.289890	-0.107441	-87.501664	-0.189572	-121.850956	0.106806
6810.000006	-130.212823	0.390238	-126.509950	-0.254858	-89.070482	-0.338710	-120.174659	0.071092
6820.000006	-127.794932	0.450785	-118.839874	0.051642	-94.387083	0.162406	-123.910135	0.203980
6830.000006	-122.908895	0.338687	-133.102033	0.400154	-96.464521	0.205645	-120.437584	-0.156255
6840.000006	-128.026770	0.073512	-126.121763	0.225241	-91.857910	0.043365	-125.626278	-0.278368
6850.000006	-128.871165	-0.147399	-128.856232	-0.273693	-93.493202	0.107670	-121.403110	-0.286118
6860.000006	-124.051079	0.433038	-133.608294	-0.255995	-84.566997	0.025241	-121.952682	0.494075
6870.000006	-135.980066	0.236558	-123.542754	-0.188934	-85.157638	0.479623	-124.887617	-0.266130
6880.000006	-128.031981	0.468780	-131.789741	0.360767	-84.099422	0.027852	-122.574879	0.061437
6890.000006	-123.612794	-0.316599	-130.305473	-0.038948	-82.749516	-0.287085	-123.881378	-0.111463
6900.000006	-123.313105	0.272369	-126.567219	0.423728	-83.422447	-0.217993	-126.685966	-0.114611
6910.000006	-123.597476	-0.368666	-131.977949	-0.278600	-100.155653	0.397959	-127.622477	0.029357
6920.000006	-123.883591	-0.009924	-118.276614	0.174252	-86.558527	0.002131	-119.815702	0.285064
6930.000006	-134.355940	-0.009913	-121.512399	-0.160840	-88.725322	-0.454932	-129.915532	-0.180824
6940.000006	-127.140988	-0.132493	-127.834955	0.181939	-87.041610	0.369819	-122.583666	-0.177845
6950.000006	-119.235505	-0.207693	-125.611238	-0.291363	-85.292081	-0.013300	-120.634587	-0.069055
6960.000006	-128.552063	0.401739	-121.969561	0.481061	-86.340338	-0.211048	-132.853877	0.060147
6970.000006	-121.556997	0.234778	-122.714173	0.286062	-84.729953	-0.267943	-130.380543	-0.322333
6980.000006	-127.608585	-0.261111	-119.196547	-0.415296	-86.780791	0.091538	-122.015213	0.028723
6990.000006	-127.242904	0.031638	-133.147387	0.068326	-92.998482	-0.054204	-124.703871	0.119510
7000.000006	-127.024325	-0.291848	-123.502879	0.309738	-90.362099	-0.079177	-138.887203	0.281785
7010.000006	-141.308397	0.279458	-122.175130	0.344433	-80.080493	0.158336	-124.425558	-0.449848
7020.000006	-123.348433	0.425805	-124.426787	0.298197	-85.819078	-0.042008	-145.449866	0.477110
7030.000006	-123.741311	-0.224940	-130.328721	-0.435703	-89.262117	0.405549	-124.765172	0.464740
7040.000006	-125.600402	0.495803	-128.349842	0.153237	-92.519262	0.377841	-106.262358	-0.447856
7050.000006	-120.498355	0.245285	-132.377893	0.233366	-87.895415	-0.476639	-119.437831	0.383730
7060.000006	-137.842608	0.160234	-131.858923	0.032859	-86.950023	-0.018334	-127.186388	-0.192688
7070.000006	-125.497984	-0.321657	-133.608901	0.087183	-87.778392	-0.074606	-125.504136	-0.114494
7080.000006	-130.153177	-0.382179	-131.605913	4.625961E-5	-86.980515	-0.137295	-120.970541	-0.494309
7090.000006	-129.281450	-0.399510	-123.551876	0.355333	-87.404240	0.095170	-138.504531	-0.000650
7100.000006	-133.415685	-0.112695	-126.552996	-0.226865	-79.593482	0.186800	-123.774205	-0.210575
7110.000006	-122.265976	-0.346606	-120.942243	-0.455325	-91.821556	0.489715	-142.321128	-0.251456
7120.000006	-123.149206	0.380013	-138.545212	-0.484629	-98.699160	0.107884	-122.468909	-0.341886
7130.000006	-122.270442	0.335111	-122.039876	0.213087	-94.490860	-0.427325	-137.782695	-0.455145
7140.000006	-131.653851	0.306069	-124.896938	0.462299	-88.941236	0.214990	-131.328052	-0.402986
7150.000006	-123.436084	0.355341	-120.306731	-0.079968	-94.492289	0.136793	-123.352494	-0.070393
7160.000006	-122.485370	-0.367186	-126.416324	-0.380354	-91.502023	-0.102043	-127.005260	-0.494138
7170.000006	-147.611879	-0.421763	-123.654118	-0.465246	-90.239253	0.215766	-125.215829	-0.234119
7180.000006	-121.345586	-0.030202	-138.223302	-0.068082	-83.770108	-0.204721	-123.506866	0.020858
7190.000006	-121.047013	0.369774	-125.728158	0.252273	-86.120801	0.001586	-122.331943	0.140170
7200.000006	-126.705841	-0.435523	-125.664279	-0.280587	-94.726206	0.272507	-123.738731	0.111405
7210.000006	-129.715682	0.364075	-125.158976	-0.071717	-82.231933	-0.210465	-128.275554	0.061779
7220.000006	-124.958765	0.140939	-124.870181	0.438989	-90.349124	-0.418002	-125.920146	0.319316
7230.000006	-131.103320	-0.494487	-120.396574	0.493532	-90.452839	0.085957	-123.377927	0.491600
7240.000006	-125.472584	-0.467685	-128.148670	0.286847	-93.241328	-0.110770	-119.707713	-0.081243
7250.000006	-125.632733	0.086968	-121.163725	0.009425	-83.074393	-0.492839	-141.982582	0.366007
7260.000006	-132.609193	0.262139	-141.824831	0.165105	-90.612517	0.088338	-120.679236	0.380661
7270.000006	-129.743626	0.177159	-123.946070	0.136289	-88.909091	-0.125403	-131.318571	0.009122
7280.000006	-123.043154	-0.117147	-126.092763	-0.365359	-99.722287	-0.333090	-122.054250	0.451171
7290.000006	-135.341731	-0.169080	-120.762289	0.256755	-103.041960	0.122434	-124.534509	-0.064445
7300.000006	-123.973457	-0.342972	-126.105056	0.428505	-94.202730	0.477149	-129.857731	0.158046
7310.000006	-119.258384	-0.407536	-126.120304	-0.093109	-104.251248	-0.454147	-122.504053	-0.465961
7320.000006	-128.365669	-0.393598	-127.715645	-0.078277	-83.857094	0.225382	-130.023436	0.265882
7330.000006	-127.431230	-0.350940	-125.690075	-0.121967	-95.946523	0.101152	-126.624887	-0.246180
7340.000007	-135.024177	-0.302736	-128.759871	-0.491579	-92.300653	-0.050844	-129.183593	-0.111446
7350.000007	-123.824004	-0.012071	-122.461837	0.085604	-89.753341	0.311917	-136.250825	-0.074291
7360.000007	-128.842035	0.158096	-125.511051	0.083734	-107.230629	-0.445501	-124.198481	-0.022926
7370.000007	-128.975552	0.028653	-123.973711	-0.183184	-85.498580	-0.025847	-124.941362	-0.160195
7380.000007	-133.452522	-0.286661	-130.004084	0.492510	-84.579800	-0.127837	-128.588431	0.289999
7390.000007	-129.721275	0.111999	-124.738773	-0.093467	-89.391187	0.071046	-122.002473	-0.064817
7400.000007	-124.666504	0.406522	-133.476187	-0.422977	-98.908413	-0.149069	-123.856839	0.472220
7410.000007	-124.699071	0.032213	-144.359534	0.217226	-87.154512	0.397500	-125.354461	0.369035
7420.000007	-124.671002	-0.305636	-130.812362	-0.202522	-85.315816	0.325056	-131.843490	-0.253112
7430.000007	-123.349884	-0.036673	-126.704607	0.115314	-88.088579	0.486466	-123.500153	0.472773
7440.000007	-122.116573	0.224973	-141.742142	-0.460872	-93.709015	0.455763	-123.659226	0.306094
7450.000007	-117.970454	0.399498	-127.569320	-0.471479	-96.674514	0.327721	-138.941654	-0.455531
7460.000007	-125.811114	-0.066868	-122.539359	-0.282515	-106.597657	0.348018	-138.753063	0.347640
7470.000007	-131.799393	0.477153	-123.888880	-0.494857	-98.675616	-0.326153	-122.284134	-0.440446
7480.000007	-118.216166	0.474632	-131.925858	0.329855	-94.594072	0.291640	-122.225969	0.446442
7490.000007	-122.011553	-0.146197	-132.665161	0.143174	-87.418035	0.309685	-139.291637	0.010566
7500.000007	-133.161952	0.153412	-130.992333	0.258261	-91.115178	-0.017657	-131.055719	-0.038143
7510.000007	-137.188411	0.162953	-134.198814	0.388161	-83.885825	-0.027400	-133.254725	0.188649
7520.000007	-134.752378	-0.374217	-133.989112	-0.061812	-94.197361	-0.337927	-123.524939	-0.036280
7530.000007	-134.609131	0.354524	-127.513209	0.081587	-92.962299	-0.406318	-129.343049	0.413411
7540.000007	-129.453815	0.302965	-131.893728	-0.286825	-95.424493	-0.014205	-122.319642	0.249771
7550.000007	-123.148875	0.404477	-127.181207	0.233177	-96.122370	-0.441141	-123.768615	0.495298
7560.000007	-130.301046	0.108233	-130.608156	-0.091336	-82.719420	-0.193943	-125.955380	-0.156949
7570.000007	-135.377479	-0.445970	-125.656596	0.039526	-80.349866	0.379604	-131.015980	0.478142
7580.000007	-131.183295	0.269229	-120.128163	0.415643	-85.687641	0.449157	-136.978723	0.060458
7590.000007	-135.917763	0.476100	-124.764275	-0.465981	-89.793586	0.125773	-128.677438	0.023781
7600.000007	-136.138937	0.059452	-122.436087	-0.321028	-82.963975	-0.361960	-134.434523	0.347746
7610.000007	-133.900720	0.418479	-121.792568	-0.257205	-95.827681	0.382529	-124.087691	0.323471
7620.000007	-129.298258	-0.211300	-132.599050	-0.024211	-83.572609	0.496289	-133.189224	-0.183556
7630.000007	-119.702419	-0.345446	-124.640825	0.326505	-83.564367	0.234259	-128.581666	-0.281849
7640.000007	-127.904363	0.265925	-120.918785	-0.323036	-87.390717	0.424921	-122.401068	-0.030763
7650.000007	-129.998136	0.478002	-124.942588	0.186446	-92.371781	0.369102	-119.275921	-0.107758
7660.000007	-126.998046	0.068522	-130.229915	0.061664	-86.045140	-0.018410	-131.965243	0.059884
7670.000007	-127.038348	0.178619	-121.733935	0.493478	-85.478995	0.014642	-130.134027	-0.280143
7680.000007	-119.595118	-0.387212	-118.629848	-0.317031	-95.438032	0.380914	-109.757179	-0.123026
7690.000007	-127.507964	-0.360008	-127.918889	0.036486	-84.720536	0.381977	-125.979610	0.292754
7700.000007	-133.581884	-0.429085	-118.039394	0.372025	-87.658473	-0.382232	-124.087941	0.386169
7710.000007	-127.609757	0.220603	-134.545168	-0.059207	-101.993980	-0.448552	-119.085277	-0.366461
7720.000007	-128.866259	0.241598	-127.252866	0.336238	-97.273228	0.084672	-134.411982	-0.392984
7730.000007	-131.646504	0.209904	-124.895181	0.292185	-92.238476	0.177866	-131.639198	-0.490124
7740.000007	-137.999210	0.246901	-124.160373	0.263465	-89.284276	0.165027	-122.841189	0.320053
7750.000007	-122.664280	0.327047	-123.063154	0.423151	-98.724385	0.269391	-122.183245	0.095674
7760.000007	-160.117564	0.418728	-123.987312	0.160894	-96.947619	-0.115188	-127.523671	-0.156215
7770.000007	-123.908333	-0.131153	-119.474769	-0.002681	-89.844285	0.277761	-126.429010	0.098018
7780.000007	-126.894623	-0.135173	-132.090078	-0.421881	-87.355813	0.141637	-140.967093	-0.443342
7790.000007	-126.995915	-0.422538	-127.981789	0.367864	-86.485992	0.459066	-145.190238	0.122667
7800.000007	-140.660040	0.496568	-128.328373	0.275540	-80.730301	-0.499022	-121.855495	-0.173589
7810.000007	-119.408104	0.345786	-122.340106	0.042404	-93.407331	0.019264	-126.763409	0.169510
7820.000007	-123.159348	-0.093142	-124.264944	-0.096025	-84.314930	0.394621	-138.878096	-0.295946
7830.000007	-125.410348	0.265890	-124.383478	-0.455690	-84.830824	-0.278301	-134.814938	0.125519
7840.000007	-123.710152	0.086283	-126.431069	0.361781	-89.316955	0.223718	-129.967371	0.034521
7850.000007	-135.183912	-0.076930	-125.299552	0.391465	-86.709398	0.139948	-129.732707	0.232882
7860.000007	-134.443099	0.269868	-125.167271	0.088730	-88.376551	0.171825	-125.202226	-0.119431
7870.000007	-120.491858	0.085130	-125.590290	0.287170	-90.560176	0.371689	-125.822809	0.431943
7880.000007	-140.615746	0.011141	-120.502714	0.154817	-88.159018	0.139941	-121.888991	-0.307241
7890.000007	-126.634215	0.106615	-126.018866	0.411060	-102.593397	0.462086	-124.607098	-0.499344
7900.000007	-133.031838	-0.263409	-120.842221	-0.431066	-83.745764	-0.248857	-128.835777	-0.095854
7910.000007	-128.562731	0.132497	-125.309789	0.380076	-89.636659	-0.486892	-120.420140	0.176472
7920.000007	-124.807294	0.095330	-124.847311	-0.420473	-83.055258	-0.014609	-134.604395	0.170515
7930.000007	-125.145428	-0.158761	-125.472662	-0.242004	-98.558577	0.269721	-124.808048	-0.314603
7940.000007	-123.969262	-0.429649	-133.664145	-0.083872	-99.030684	-0.403512	-135.097110	0.259861
7950.000007	-122.047053	0.115411	-131.004086	0.102405	-89.938666	-0.258915	-139.129116	0.381693
7960.000007	-131.701578	-0.040201	-122.934971	0.128980	-99.180849	0.160004	-132.569297	-0.373196
7970.000007	-129.934634	-0.310270	-124.933986	-0.425135	-86.190096	-0.367836	-122.549089	-0.471395
7980.000007	-125.520826	0.228238	-131.269435	-0.043457	-94.019996	0.208207	-122.299457	0.231922
7990.000007	-129.686623	0.355312	-124.890261	-0.053030	-91.959789	0.168918	-131.640207	0.394423
8000.000007	-122.166687	0.193618	-123.801926	0.497228	-89.112155	0.457161	-122.838373	-0.063008
8010.000007	-129.398098	0.094150	-125.814102	-0.271170	-87.691430	-0.281143	-124.792233	-0.334122
8020.000007	-123.544041	0.075168	-124.850115	-0.040079	-84.914932	0.360492	-123.381510	0.115636
8030.000007	-125.439486	0.408276	-124.460851	0.378268	-98.854604	0.386008	-130.205451	0.264910
8040.000007	-133.717026	0.447967	-126.663270	-0.484082	-92.407517	0.140402	-131.678368	0.173376
8050.000007	-123.372244	0.310742	-147.042931	-0.118723	-101.405783	-0.349749	-127.841774	0.077765
8060.000007	-134.427157	-0.181798	-127.551071	-0.368656	-91.440648	-0.197403	-124.722789	-0.433674
8070.000007	-122.855735	-0.369400	-129.761352	0.103813	-89.654730	0.146252	-129.459949	-0.354169
8080.000007	-131.269177	0.002930	-121.287997	-0.020515	-85.637374	-0.362612	-120.565221	-0.140770
8090.000007	-123.483838	-0.363252	-130.599329	0.486771	-87.119769	-0.443563	-127.148708	0.145157
8100.000007	-132.285956	0.292841	-131.514180	-0.324177	-98.606065	-0.365499	-130.374446	-0.344627
8110.000007	-125.194706	0.106948	-122.495814	-0.001733	-80.106567	0.368662	-130.547095	-0.219581
8120.000007	-127.477013	0.236033	-128.248159	0.137328	-92.276714	-0.098904	-134.853630	-0.366072
8130.000007	-124.426464	-0.485748	-126.137789	0.353241	-99.485067	0.077280	-118.814093	-0.291255
8140.000007	-128.695403	-0.433162	-125.471706	0.352254	-93.170874	0.041282	-125.243052	-0.369843
8150.000007	-124.707923	-0.214828	-130.302115	-0.005285	-91.999770	-0.368565	-128.302323	-0.096936
8160.000007	-120.771091	-0.453264	-130.700351	0.323368	-91.741950	0.235956	-129.635043	-0.347522
8170.000007	-121.359493	-0.489576	-124.973958	0.172210	-92.100422	-0.202960	-132.289585	0.157946
8180.000007	-128.094742	0.069982	-123.064889	-0.173895	-89.909524	-0.002801	-128.330503	0.149381
8190.000007	-145.130130	0.112577	-125.483875	-0.078341	-87.198517	0.058957	-133.532060	0.088306
8200.000007	-127.448120	0.094416	-127.048783	0.047905	-89.058001	-0.035644	-124.098860	-0.060972
8210.000007	-130.797283	-0.407438	-128.021458	0.086115	-86.655011	-0.083440	-135.903632	0.382535
8220.000007	-128.777968	0.186592	-126.375783	-0.127061	-86.663840	-0.219077	-127.988744	-0.017040
8230.000007	-126.714991	0.211699	-134.633856	0.335692	-91.420998	0.333086	-125.777399	-0.415367
8240.000007	-126.662487	0.123512	-125.073644	-0.241270	-94.725397	0.002257	-123.694227	0.015021
8250.000007	-123.925458	0.133138	-129.809273	-0.010370	-84.182220	0.255814	-122.565786	0.363575
8260.000007	-123.296188	0.161137	-126.349872	-0.332283	-85.058291	-0.449763	-118.884621	0.392321
8270.000007	-135.239000	0.138545	-126.158012	-0.242288	-96.824016	0.288594	-128.667917	-0.175496
8280.000007	-130.504637	-0.480861	-122.477426	0.124228	-84.706318	0.428659	-128.275994	0.475137
8290.000007	-123.891462	0.146015	-128.867710	0.405172	-87.503199	-0.388959	-131.707524	-0.490611
8300.000007	-127.797840	0.235033	-133.670491	-0.189277	-87.021370	-0.376692	-119.590528	0.081897
8310.000007	-120.701274	-0.310825	-122.978303	-0.100843	-85.396644	0.014068	-126.659226	0.210263
8320.000007	-125.412334	0.104597	-124.831931	0.243323	-98.531651	0.058516	-101.091674	0.098097
8330.000007	-122.023700	-0.471162	-124.661769	-0.453751	-93.618071	-0.479603	-121.287810	-0.343127
8340.000007	-129.406927	-0.203475	-124.522553	-0.183766	-90.971752	-0.237431	-135.074948	0.189693
8350.000007	-130.519881	0.325447	-129.589856	0.263083	-92.423953	-0.091447	-130.161685	-0.347942
8360.000007	-130.761542	0.414022	-131.781635	0.302642	-84.970177	0.308594	-125.802447	-0.086093
8370.000007	-127.310364	-0.216965	-133.017982	-0.145585	-97.689427	0.145330	-138.075875	0.071002
8380.000007	-131.733920	0.324576	-120.908472	0.443109	-89.640974	-0.303283	-131.396266	-0.376337
8390.000007	-126.191099	-0.366545	-129.694076	-0.212140	-91.215938	0.204566	-129.615996	0.050580
8400.000007	-121.354801	-0.222033	-136.754124	0.327884	-88.781884	0.330227	-129.731483	0.018023
8410.000007	-125.077174	0.134800	-125.247720	-0.104552	-89.503609	-0.350510	-133.218888	0.208805
8420.000007	-124.124284	0.384929	-130.110384	-0.491557	-89.920942	0.295838	-123.701011	-0.379254
8430.000007	-125.402867	-0.316217	-125.104543	-0.025316	-91.375461	0.491684	-129.674042	0.272278
8440.000007	-125.944186	0.096175	-133.869947	0.339265	-87.859016	-0.373531	-119.619428	-0.266644
8450.000007	-126.428201	0.090118	-122.108760	-0.104701	-84.094995	0.095424	-135.543837	-0.335246
8460.000007	-125.531205	0.209796	-120.283688	-0.354332	-89.280324	0.077126	-127.375606	0.312865
8470.000008	-124.387061	-0.004619	-125.000617	-0.426375	-92.301449	0.124683	-122.751892	-0.453655
8480.000008	-124.835445	0.268347	-125.123369	0.398115	-92.743793	0.465413	-128.370354	0.353893
8490.000008	-136.244565	0.067950	-120.834617	-0.090383	-85.160817	-0.222276	-127.835784	-0.265441
8500.000008	-122.799141	0.125973	-126.863765	0.163815	-90.741766	-0.228291	-120.637368	-0.483570
8510.000008	-118.970615	0.359576	-127.926300	0.333390	-87.553057	-0.093005	-123.278634	0.426723
8520.000008	-121.863154	-0.440190	-121.423839	0.263655	-87.324058	-0.180696	-133.587026	0.046294
8530.000008	-131.266888	0.342941	-125.397465	-0.427894	-98.713941	0.023933	-126.811349	-0.151430
8540.000008	-132.265748	0.043697	-123.498292	0.413002	-85.797993	-0.170999	-131.315105	-0.348165
8550.000008	-124.169757	0.013977	-121.248056	0.052809	-89.294850	0.290205	-122.908057	0.404454
8560.000008	-138.548505	0.091913	-129.345234	0.371410	-92.679455	-0.432728	-131.342215	0.202661
8570.000008	-129.507259	-0.436522	-135.022169	0.492057	-88.265743	-0.135378	-122.082941	0.148661
8580.000008	-123.362993	-0.357419	-128.424549	-0.303255	-92.423806	-0.479609	-121.718903	-0.298391
8590.000008	-131.714578	0.111319	-133.621215	0.303779	-94.346340	0.086987	-127.338574	-0.365346
8600.000008	-128.759441	-0.187502	-128.191002	-0.062717	-86.690020	0.450183	-125.887259	-0.183374
8610.000008	-122.313835	0.488121	-125.224473	-0.020288	-92.695275	-0.177033	-125.409827	-0.202839
8620.000008	-133.287290	-0.494328	-123.946903	-0.270463	-83.116465	0.228364	-127.542478	0.483928
8630.000008	-129.253788	-0.050624	-125.118397	-0.116852	-89.754525	0.026395	-132.903033	-0.235832
8640.000008	-126.548247	-0.320414	-131.626116	-0.031302	-91.948834	-0.115345	-125.187611	0.317049
8650.000008	-120.674915	-0.417167	-123.467922	0.444823	-88.411482	0.067676	-125.280742	0.358718
8660.000008	-124.536535	-0.036506	-120.619393	0.183924	-88.097526	-0.377953	-127.858871	0.049175
8670.000008	-127.248989	0.155548	-121.950602	0.126180	-88.507585	0.123984	-125.028517	0.272346
8680.000008	-126.747998	-0.315939	-125.478648	-0.208983	-93.223589	0.124306	-125.652954	-0.001135
8690.000008	-124.571825	0.217544	-119.766429	0.403508	-109.970121	-0.370482	-130.680410	0.347788
8700.000008	-127.643947	0.127066	-132.261112	0.475327	-83.734954	0.037523	-123.533599	0.071940
8710.000008	-131.165201	-0.187345	-128.307696	0.270334	-91.392668	-0.047522	-124.494881	-0.139952
8720.000008	-128.997018	0.255621	-123.617969	-0.190522	-89.429570	0.026991	-121.542724	0.129571
8730.000008	-134.542458	-0.243061	-125.592809	-0.254871	-91.496180	0.053372	-125.224715	0.453455
8740.000008	-128.940318	-0.288521	-127.002983	0.223946	-85.365894	0.009104	-136.433689	0.259475
8750.000008	-130.852056	-0.351788	-135.153570	-0.267513	-100.503338	-0.431877	-126.381804	-0.119745
8760.000008	-133.281551	-0.065565	-133.703131	0.406362	-85.731464	0.347712	-127.057365	-0.175604
8770.000008	-122.230249	-0.382762	-125.897638	0.054817	-82.999047	0.393948	-127.214589	-0.357770
8780.000008	-132.791068	0.158659	-127.258962	-0.380003	-92.658895	0.334338	-127.383212	-0.111527
8790.000008	-125.782129	0.463867	-134.765645	-0.336867	-101.990112	-0.365775	-120.472413	0.026911
8800.000008	-127.726072	0.274077	-122.779073	-0.179948	-87.068699	-0.140192	-128.998213	0.362229
8810.000008	-123.375410	0.334866	-127.771179	0.414241	-97.196691	0.063996	-143.928876	0.385262
8820.000008	-124.712811	0.023474	-146.212589	-0.475902	-88.444452	-0.460912	-121.634931	-0.092084
8830.000008	-120.029645	-0.349019	-122.293551	-0.467689	-88.826165	-0.239267	-133.889226	-0.019348
8840.000008	-118.261562	-0.029991	-118.913461	0.067765	-95.403778	0.487959	-127.128426	0.066323
8850.000008	-134.265074	-0.458200	-125.649623	-0.469187	-84.610287	0.331210	-136.267370	0.277279
8860.000008	-121.163995	0.126884	-120.425111	-0.354954	-94.635646	-0.409725	-128.988454	-0.107076
8870.000008	-153.694832	-0.437241	-121.671608	0.457220	-87.158302	-0.309495	-123.489210	0.469489
8880.000008	-128.941365	0.295051	-127.592426	0.208435	-86.799135	0.254648	-124.102251	0.322018
8890.000008	-124.065227	0.413099	-131.031491	-0.035755	-82.676429	-0.334401	-122.880552	0.108939
8900.000008	-127.998809	0.131472	-120.662644	-0.387100	-85.103002	-0.427462	-139.080453	-0.084023
8910.000008	-128.863556	0.347121	-121.311303	0.432592	-96.821834	-0.229781	-125.693599	-0.430728
8920.000008	-128.960807	0.465963	-138.680104	-0.481878	-102.223110	-0.250404	-126.321470	0.399290
8930.000008	-126.097259	-0.370251	-130.582037	0.097758	-89.614689	-0.000959	-117.686135	-0.490360
8940.000008	-133.272247	0.254230	-123.095894	0.032133	-101.689121	0.440933	-125.067491	-0.209584
8950.000008	-125.130901	-0.003000	-127.755328	-0.135855	-90.655121	0.389855	-127.682390	0.396134
8960.000008	-133.273939	-0.382628	-126.002093	-0.383989	-101.577596	-0.150485	-112.530288	0.377232
8970.000008	-120.428021	-0.361959	-127.780261	0.226137	-95.352446	-0.148236	-127.416911	-0.305591
8980.000008	-128.836644	0.369244	-121.495089	0.026837	-90.010703	-0.352212	-122.346048	0.491046
8990.000008	-132.200389	-0.223317	-118.885666	-0.015598	-92.808785	0.465288	-126.635017	-0.371961
9000.000008	-124.547619	0.055288	-124.281411	0.258733	-81.170647	-0.425994	-126.668232	0.026279
9010.000008	-124.174125	-0.215626	-125.355142	-0.061814	-93.245619	-0.049595	-129.615128	-0.210699
9020.000008	-126.339644	0.338766	-121.597082	-0.103992	-108.374715	0.406307	-128.068759	-0.086961
9030.000008	-128.437370	0.497289	-130.400720	-0.305561	-96.458282	0.087257	-130.277229	0.260879
9040.000008	-123.197046	0.004190	-124.667022	0.374209	-88.703815	0.366351	-141.327662	-0.032969
9050.000008	-124.405497	0.467214	-123.741720	0.172213	-90.401150	-0.293508	-126.827396	0.173101
9060.000008	-122.225033	0.094801	-124.841856	0.170814	-89.336646	-0.196647	-129.156309	-0.430364
9070.000008	-131.490135	0.267097	-129.224941	0.296571	-91.486867	-0.476863	-116.791679	0.040220
9080.000008	-124.639023	-0.465895	-121.351879	0.234500	-91.079496	-0.312158	-119.686358	-0.131202
9090.000008	-133.132609	-0.299161	-123.782482	0.015413	-105.617380	-0.433861	-120.813058	0.104198
9100.000008	-121.101783	-0.161148	-125.138453	-0.353394	-89.870973	0.346369	-123.841333	0.230529
9110.000008	-126.010037	0.412874	-125.441846	-0.197047	-98.985242	0.061661	-122.131096	0.343001
9120.000008	-123.510864	-0.409630	-124.181131	0.050607	-86.377646	0.022869	-127.078496	0.374403
9130.000008	-126.631370	-0.282286	-126.524933	-0.377775	-87.912055	-0.079917	-124.072585	-0.019232
9140.000008	-124.882884	-0.344038	-123.529505	0.181726	-104.441490	-0.118015	-130.300531	0.282788
9150.000008	-123.677093	0.284185	-132.750748	-0.086898	-90.136216	-0.022329	-124.304634	0.430220
9160.000008	-132.277198	-0.378960	-131.385051	0.157148	-92.268492	-0.141419	-129.099129	0.484121
9170.000008	-126.396468	-0.448755	-133.990168	0.057545	-84.562458	-0.011921	-135.274050	-0.056932
9180.000008	-125.707175	0.014252	-119.837307	0.165480	-91.070199	-0.465612	-143.959065	-0.035209
9190.000008	-125.498917	-0.427546	-134.370284	0.456159	-93.864028	0.292896	-129.874352	0.427213
9200.000008	-121.929880	-0.247778	-136.536693	-0.486705	-88.578918	0.307879	-135.594601	0.131146
9210.000008	-125.497366	-0.356187	-129.102894	0.068343	-94.067114	-0.451755	-128.863601	0.133639
9220.000008	-130.095924	0.080425	-133.843951	-0.177340	-102.434244	-0.164081	-125.887588	-0.268152
9230.000008	-120.605529	-0.257591	-125.916429	0.300917	-87.784910	-0.173113	-120.312238	-0.064676
9240.000008	-125.461956	-0.116718	-124.138786	-0.479578	-85.257893	-0.086459	-118.130787	-0.118435
9250.000008	-129.024690	-0.322165	-129.661929	-0.119897	-95.235925	0.434330	-125.491804	0.118947
9260.000008	-117.974851	-0.463357	-126.271031	-0.242840	-95.832863	0.252516	-129.097572	0.230470
9270.000008	-128.704661	-0.047047	-125.754787	0.403624	-91.521723	0.349193	-131.459807	-0.477407
9280.000008	-132.091110	-0.211330	-126.824826	-0.060302	-88.459603	-0.164457	-128.602146	-0.310908
9290.000008	-129.009654	-0.385105	-123.637550	-0.224132	-101.714557	-0.129073	-128.290926	-0.136761
9300.000008	-125.650943	-0.070174	-127.286481	0.465136	-82.553615	-0.485288	-129.985490	0.290247
9310.000008	-123.586272	-0.097195	-129.332080	0.050556	-88.954116	0.274388	-129.948134	-0.323902
9320.000008	-119.073867	-0.295958	-120.780075	-0.293580	-90.950455	0.384138	-147.952625	-0.018570
9330.000008	-119.197079	0.000754	-121.827274	0.054158	-95.965825	-0.204156	-125.645059	0.454596
9340.000008	-135.501990	-0.363446	-117.075591	0.349307	-89.386719	0.341890	-123.204097	0.340407
9350.000008	-134.205075	0.048931	-127.249122	0.248279	-100.241790	0.379887	-127.239729	0.189334
9360.000008	-119.840841	-0.262859	-133.558972	-0.084568	-85.778856	0.116232	-120.552480	-0.267748
9370.000008	-131.078253	0.231437	-121.216923	-0.013780	-88.328980	-0.025943	-125.221939	-0.156867
9380.000008	-127.396552	0.241582	-127.293709	-0.359400	-97.119374	-0.371591	-122.499344	-0.293304
9390.000008	-132.594274	0.385644	-119.874128	0.339011	-85.438427	-0.028069	-128.944434	-0.413739
9400.000008	-127.787154	-0.109200	-128.613053	0.434333	-88.601420	-0.221015	-119.977798	-0.180022
9410.000008	-138.999606	0.291643	-128.193747	-0.141355	-97.179475	-0.259945	-139.870258	0.426080
9420.000008	-120.489405	-0.246350	-132.509905	0.313495	-91.675960	0.488818	-142.565368	-0.178437
9430.000008	-135.466770	-0.269902	-126.364394	0.026917	-91.811452	-0.491626	-125.595822	0.106399
9440.000008	-124.422643	-0.133284	-126.754435	-0.445968	-89.634990	-0.433583	-137.821979	-0.102263
9450.000008	-124.456981	0.345400	-139.697424	-0.305791	-92.460848	-0.370421	-128.261918	-0.015755
9460.000008	-124.448054	0.314062	-120.648246	0.361583	-92.448330	0.286685	-133.145464	0.158616
9470.000008	-127.258538	0.371886	-127.689102	-0.030442	-91.260497	0.485380	-120.734087	-0.311974
9480.000008	-125.196823	0.370828	-122.991127	0.265782	-91.708965	-0.036236	-125.871534	-0.132289
9490.000008	-131.196877	0.433601	-120.748341	-0.036246	-89.295854	0.130599	-126.637690	0.022863
9500.000008	-123.122247	0.244777	-124.960852	-0.424733	-86.095601	0.166619	-126.720261	-0.413104
9510.000008	-123.316085	0.307487	-128.844604	-0.267300	-91.988281	-0.201945	-130.139419	0.216872
9520.000008	-138.917913	0.477929	-133.284830	0.205489	-94.480347	-0.243912	-131.920008	-0.372107
9530.000008	-133.524057	-0.189164	-119.886609	-0.034830	-91.007026	0.295329	-140.079835	-0.218137
9540.000008	-122.450245	0.095749	-137.132501	0.280834	-94.680850	-0.466844	-123.912813	0.235127
9550.000008	-124.160446	0.340933	-127.423296	-0.251718	-90.307628	0.325110	-141.648995	-0.151073
9560.000008	-123.044194	-0.106253	-124.284704	-0.078992	-106.099604	0.169741	-125.168823	-0.009012
9570.000008	-129.444712	-0.137879	-127.059463	0.330966	-89.668298	-0.294410	-122.403291	0.319845
9580.000008	-125.905097	0.449179	-127.121046	-0.113390	-92.255249	-0.434465	-133.700722	-0.446880
9590.000008	-130.609277	0.441956	-126.013877	-0.449406	-95.053156	0.318374	-122.461553	-0.164269
9600.000009	-139.266186	0.165636	-126.388148	0.142327	-86.000847	0.267867	-116.444050	0.210062
9610.000009	-126.369931	0.472533	-127.072288	0.350741	-88.253560	0.463487	-122.930586	0.329499
9620.000009	-131.780328	-0.293213	-128.852643	0.110723	-84.313769	-0.134265	-121.507516	0.277171
9630.000009	-123.477422	-0.395325	-122.096938	0.273535	-93.113845	0.281885	-122.574618	0.170874
9640.000009	-126.940830	0.287135	-126.568148	-0.448740	-88.787388	0.460754	-130.492157	0.472237
9650.000009	-120.998686	-0.195764	-121.889049	-0.072393	-89.274941	-0.202866	-124.564281	-0.058520
9660.000009	-127.090685	-0.350710	-155.295584	-0.467303	-87.598964	0.001405	-129.284721	0.434011
9670.000009	-125.561360	0.102701	-132.275558	0.081274	-89.748861	0.231503	-130.092203	0.303235
9680.000009	-127.648984	-0.163990	-124.398698	-0.084561	-87.492791	-0.114581	-127.968962	-0.029846
9690.000009	-123.491876	-0.323949	-134.923892	-0.130410	-88.331512	-0.373113	-130.534923	-0.442520
9700.000009	-122.504033	-0.470172	-128.160965	-0.479669	-96.617539	0.111155	-123.387381	-0.264163
9710.000009	-127.380265	-0.304924	-126.841831	0.394212	-96.454845	-0.001694	-127.080297	-0.486884
9720.000009	-124.986190	0.095924	-131.671980	-5.978688E-5	-93.639588	-0.344230	-121.233902	0.081741
9730.000009	-123.883203	-0.483710	-135.597478	-0.294340	-93.899346	-0.443113	-124.950553	-0.319247
9740.000009	-124.854099	0.011301	-130.260146	-0.339222	-89.335625	-0.314435	-132.421357	0.069024
9750.000009	-131.688364	-0.334822	-116.691735	0.018166	-92.719274	0.330075	-127.972526	-0.496470
9760.000009	-119.700405	-0.358545	-118.614832	0.245000	-90.782615	0.181728	-123.652389	-0.045254
9770.000009	-125.134286	-0.102599	-126.297124	0.448697	-94.585926	-0.303814	-127.755259	0.420795
9780.000009	-126.894860	-0.407373	-131.711996	0.234593	-83.000347	0.465992	-116.521066	0.158949
9790.000009	-119.866468	-0.441506	-125.761236	-0.097938	-86.040653	0.354493	-122.392548	-0.056971
9800.000009	-121.751620	-0.413319	-128.351875	-0.090004	-90.185972	0.212170	-125.457166	0.411500
9810.000009	-130.922217	0.424419	-126.623690	0.376451	-89.270128	0.382194	-133.746736	0.311219
9820.000009	-149.433016	-0.279364	-129.133649	-0.172788	-96.133280	-0.384625	-124.441062	0.020526
9830.000009	-136.740212	-0.131991	-124.596949	-0.335180	-86.991116	0.090691	-121.481580	0.089715
9840.000009	-129.214359	0.412863	-123.260529	-0.036928	-97.646338	-0.353288	-132.833534	-0.124074
9850.000009	-123.685985	0.443796	-125.603926	-0.498621	-84.273028	0.332913	-131.257402	0.118082
9860.000009	-130.673758	-0.152153	-123.192048	-0.441886	-85.529848	0.301058	-122.660357	0.011981
9870.000009	-122.530219	0.434052	-121.313345	0.056721	-89.806490	0.470129	-124.487860	0.241956
9880.000009	-120.886673	0.170419	-121.583256	0.462283	-94.776959	0.452814	-124.032978	0.310507
9890.000009	-128.251114	-0.102013	-123.213751	-0.224866	-92.357703	0.223451	-138.616890	-0.390251
9900.000009	-128.690602	-0.483050	-125.054350	0.297983	-91.662008	0.258552	-123.184554	-0.193525
9910.000009	-128.266729	-0.464386	-131.479599	0.177479	-91.251965	0.357618	-132.706358	0.328766
9920.000009	-126.958642	-0.049829	-125.832965	-0.026810	-89.043392	-0.408030	-129.085678	0.279556
9930.000009	-124.414222	-0.375838	-121.086742	-0.457653	-104.531443	0.282490	-122.236370	-0.408169
9940.000009	-121.827646	-0.483962	-128.346944	-0.042805	-92.098052	0.445885	-128.607894	0.285268
9950.000009	-131.151706	0.318038	-125.023392	0.305267	-88.885904	-0.416952	-120.737632	0.399837
9960.000009	-127.534477	0.189574	-125.155715	0.390752	-96.121851	0.439758	-120.627729	0.458226
9970.000009	-119.805877	0.178021	-127.071107	0.280661	-93.755660	0.344338	-129.966496	-0.388598
9980.000009	-121.785638	-0.383992	-133.611700	0.273663	-99.554673	0.344596	-134.877453	-0.318555
9990.000009	-125.847400	-0.439819	-123.274511	0.071911	-86.925762	0.071953	-128.578622	-0.106681
10000.000009	-131.353635	0.066331	-122.350861	-0.291684	-90.874204	-0.011871	-129.233743	-0.199685
