% f21.txt
% Date Sat, Jun 26, 2021 5:10 PM
% Sine seq
% Response spectrum
% Stim level (V pk) 0.500, 0 dB filter gain, 120.0 dB attenuation
% Stim RMS (V) 0.000
% Freq [Hz]	Ch0 Mag [dB]	Ch0 Phase [cyc]	Ch1 Mag [dB]	Ch1 Phase [cyc]	Ch2 Mag [dB]	Ch2 Phase [cyc]	Ch3 Mag [dB]	Ch3 Phase [cyc]
%%end
10.000000	-119.205089	0.170411	-117.362480	-0.318731	-92.298652	0.094820	-117.363895	-0.245748
20.000000	-123.866727	-0.375231	-133.214230	0.414525	-86.328091	0.224842	-110.476544	-0.433905
30.000000	-122.026648	0.186560	-119.928295	0.498669	-89.606394	0.227202	-114.648977	0.009921
40.000000	-127.810520	0.495264	-126.743846	0.441532	-79.738284	-0.347052	-123.018579	-0.340741
50.000000	-119.883393	0.425615	-125.274440	0.393573	-82.674928	-0.085257	-117.151590	-0.176772
60.000000	-97.896390	-0.198233	-90.296523	0.088640	-70.021918	0.338763	-102.156245	-0.452682
70.000000	-125.825002	-0.080750	-133.516826	-0.419107	-80.412340	0.349544	-130.080647	0.421117
80.000000	-119.810952	-0.079610	-117.326489	-0.145215	-79.220699	-0.001711	-119.845929	-0.210238
90.000000	-135.173887	-0.270277	-122.766455	0.450000	-76.309473	0.416810	-118.471956	0.180921
100.000000	-116.221020	0.353190	-124.179896	0.437409	-77.021154	0.341683	-123.837301	0.303334
110.000000	-117.451041	-0.318413	-124.952192	0.400595	-73.092319	-0.467084	-121.805239	0.077894
120.000000	-126.922949	-0.164774	-121.273043	-0.119780	-81.759725	-0.344827	-132.244864	0.469511
130.000000	-118.779809	-0.011800	-120.080345	-0.461884	-72.527521	0.333933	-118.856970	0.371316
140.000000	-120.231587	-0.378522	-135.052771	-0.162549	-85.540911	0.108928	-122.764891	-0.494046
150.000000	-121.946237	-0.436794	-119.847790	-0.046153	-75.257781	-0.026277	-126.802907	0.146594
160.000000	-126.384876	-0.373808	-116.265698	0.213478	-70.072314	0.160035	-127.723411	-0.240484
170.000000	-127.435110	-0.242546	-124.031455	-0.412498	-74.969602	-0.155251	-125.523526	-0.086888
180.000000	-111.284529	-0.134917	-103.412968	-0.227197	-77.955651	-0.062532	-105.786151	0.171313
190.000000	-119.945090	0.413587	-126.037386	0.168343	-75.411246	0.015778	-126.856783	-0.249699
200.000000	-125.318168	-0.363087	-116.072751	-0.255471	-72.115018	-0.399074	-123.220941	-0.281356
210.000000	-117.642301	-0.339990	-119.001365	-0.273031	-73.118800	0.282578	-126.641659	-0.204925
220.000000	-123.829970	-0.316075	-129.218202	0.009244	-72.091466	-0.376735	-135.723633	0.328735
230.000000	-136.409220	-0.391277	-121.543981	0.254818	-69.768463	0.108267	-123.361862	-0.354713
240.000000	-127.015931	-0.018684	-125.730564	-0.197276	-84.566713	-0.242826	-129.318312	-0.113057
250.000000	-122.235196	0.311431	-122.539058	0.173178	-77.662460	0.371250	-136.179421	0.400737
260.000000	-128.607474	0.420697	-127.851266	0.276746	-75.263381	-0.306822	-123.210754	0.073200
270.000000	-128.076075	0.317599	-121.490543	-0.022756	-75.499700	0.396479	-122.276714	0.430592
280.000000	-133.530827	-0.385165	-120.574547	-0.419539	-69.082716	0.488484	-124.817109	-0.381527
290.000000	-128.172970	-0.415778	-122.985489	0.366482	-79.078043	-0.329140	-122.694101	-0.357438
300.000000	-119.121608	0.488738	-120.391411	-0.087387	-84.743284	0.201554	-121.487915	0.181436
310.000000	-133.166077	-0.129774	-131.673138	0.234864	-69.261579	-0.128081	-123.437427	0.459184
320.000000	-129.612152	-0.222516	-120.258079	-0.162146	-89.467693	-0.491814	-127.911350	-0.104172
330.000000	-124.149000	-0.228368	-120.752170	0.446266	-78.847799	0.353718	-131.129581	0.273152
340.000000	-119.456929	-0.085653	-122.259626	-0.261161	-82.346466	-0.390983	-124.907270	-0.345830
350.000000	-131.574056	-0.226168	-123.357417	-0.491329	-75.951361	-0.050903	-120.146155	0.360310
360.000000	-124.412045	-0.112248	-122.976818	-0.180098	-75.582608	-0.459833	-130.900190	-0.165859
370.000000	-130.421893	0.383412	-131.573728	-0.055758	-75.503693	-0.265505	-120.394259	0.399412
380.000000	-123.997407	-0.219144	-125.994309	0.118291	-79.977617	-0.210468	-118.814714	0.161919
390.000000	-134.116742	-0.261862	-128.504886	0.020364	-79.311379	0.333032	-130.689652	0.456048
400.000000	-121.292472	0.424586	-145.324569	-0.067014	-70.564044	-0.122961	-120.483180	0.265794
410.000000	-124.926940	0.145966	-120.254863	-0.139699	-70.281905	0.458184	-122.863000	-0.345505
420.000000	-125.663256	0.427480	-123.036563	0.262376	-79.092002	0.019493	-122.277643	-0.380523
430.000000	-131.900579	-0.292797	-120.977858	0.283543	-72.641450	-0.221267	-124.066010	-0.047874
440.000000	-122.371733	0.038525	-125.696657	-0.458034	-73.641697	0.027398	-131.384589	-0.138750
450.000000	-127.457560	-0.192150	-129.702994	-0.441043	-74.596147	-0.232421	-123.687865	0.336051
460.000000	-120.951540	0.011659	-124.063050	-0.152043	-74.447485	-0.291507	-126.114647	-0.162889
470.000000	-122.557347	0.237206	-132.921020	0.034058	-71.372601	0.476453	-123.352231	-0.153594
480.000000	-119.144575	-0.217083	-124.748921	-0.161185	-73.334025	-0.341018	-127.252121	0.066796
490.000000	-125.901644	-0.143386	-124.825390	-0.114193	-76.900051	0.301045	-127.207624	-0.477592
500.000000	-121.868727	0.036704	-125.945653	0.083921	-73.937406	0.012488	-122.095595	0.258848
510.000000	-120.280690	-0.209439	-121.143747	-0.022759	-76.514293	0.289360	-124.895950	-0.320757
520.000000	-122.955597	-0.243023	-133.655096	-0.417849	-81.165785	-0.019279	-120.378580	-0.078216
530.000000	-123.988659	-0.097182	-123.601847	-0.087467	-78.873279	0.237809	-124.899219	0.227331
540.000000	-131.376215	-0.168732	-118.776018	-0.307224	-73.120722	0.254530	-126.255555	-0.424866
550.000000	-130.580736	-0.420840	-132.147647	0.227014	-81.303191	0.389092	-121.544997	0.268301
560.000000	-128.078201	-0.373267	-120.713328	0.240264	-70.008067	0.380901	-126.046557	0.460469
570.000001	-133.735685	-0.033066	-122.742605	0.326852	-73.485049	0.265852	-126.600939	0.276101
580.000001	-129.530024	-0.359929	-128.204149	0.308226	-77.344908	-0.489578	-125.248110	0.019675
590.000001	-132.568887	-0.360820	-125.935749	0.205112	-78.009218	0.195037	-125.856700	-0.200436
600.000001	-120.333740	-0.390080	-130.894718	0.380258	-96.334674	0.155628	-123.465551	0.130676
610.000001	-120.344000	0.273832	-126.059260	0.275237	-79.077626	-0.037739	-120.586471	-0.449269
620.000001	-128.276875	0.239991	-133.500949	-0.414384	-81.807314	0.237331	-125.571143	-0.136051
630.000001	-124.138325	0.296396	-119.691901	0.466107	-81.172759	0.449934	-122.389848	0.418777
640.000001	-126.681472	0.317569	-133.142725	0.054052	-77.599822	-0.172413	-122.738603	-0.336922
650.000001	-127.003963	-0.458821	-137.127708	-0.119866	-83.494623	-0.442972	-121.568441	0.101379
660.000001	-132.372565	-0.352188	-130.214850	-0.387358	-79.635624	-0.038863	-130.068187	-0.402232
670.000001	-125.766997	0.329914	-125.235841	0.302119	-74.883991	-0.425038	-127.221865	0.124507
680.000001	-122.973831	-0.030772	-127.995630	0.072440	-74.469605	0.320048	-125.459609	0.159312
690.000001	-131.855619	0.371809	-131.183141	0.461332	-76.011641	0.072142	-129.472840	0.262443
700.000001	-128.417935	-0.322978	-125.243696	0.155413	-78.950182	0.042445	-143.496193	0.136448
710.000001	-135.155580	0.373464	-129.613095	0.052069	-83.983952	-0.184153	-130.327712	-0.069959
720.000001	-131.835420	-0.155962	-120.243457	-0.210331	-76.619252	0.148099	-123.351215	-0.363588
730.000001	-129.210755	0.357015	-124.642104	0.134746	-76.663426	-0.012282	-123.087152	-0.493392
740.000001	-124.034658	-0.325609	-121.738372	-0.379073	-83.850470	0.164080	-124.131817	-0.191544
750.000001	-127.905374	0.242863	-125.435951	-0.062825	-80.807088	0.310433	-137.199860	-0.129078
760.000001	-123.789842	-0.084151	-127.511076	0.355173	-75.004414	0.495908	-133.134275	0.220764
770.000001	-131.073863	-0.217219	-122.772031	-0.301222	-72.067274	0.433588	-120.614346	0.179667
780.000001	-118.754066	-0.163460	-124.046647	0.202456	-85.817122	-0.263487	-126.841254	-0.285385
790.000001	-135.688759	-0.463230	-120.573148	-0.081287	-87.726113	0.481567	-123.487778	0.109186
800.000001	-126.598213	0.373631	-132.472808	-0.473370	-82.402435	-0.145461	-127.297721	-0.329119
810.000001	-133.018305	-0.149856	-123.947353	-0.194589	-84.655821	-0.453942	-124.925792	-0.478086
820.000001	-124.016678	-0.111121	-135.903096	0.095156	-92.647758	0.117453	-129.907003	-0.221757
830.000001	-129.901293	0.160204	-128.143831	0.194351	-74.098955	-0.191393	-121.189221	0.228066
840.000001	-116.087027	0.014209	-127.687855	-0.420904	-73.781057	0.293144	-127.724800	-0.046418
850.000001	-132.527343	-0.155579	-120.073743	0.188607	-78.338404	0.071150	-129.656461	0.205855
860.000001	-136.116284	-0.386679	-119.363974	0.006552	-85.060882	-0.387738	-127.844313	-0.401334
870.000001	-128.454162	0.463589	-125.116825	0.147173	-78.919021	0.087061	-121.415688	-0.479946
880.000001	-138.539043	-0.442068	-133.092769	-0.182654	-82.097353	0.082009	-132.651701	-0.438004
890.000001	-128.647806	0.167742	-120.979150	0.007252	-83.565855	-0.155195	-128.868773	0.204313
900.000001	-127.164258	-0.342612	-127.589571	-0.209224	-79.178004	0.054333	-131.005971	-0.200737
910.000001	-125.873301	0.353107	-131.794898	-0.086288	-77.170016	-0.260177	-134.911912	0.009975
920.000001	-128.894924	-0.111263	-122.617009	0.404625	-81.355424	-0.142032	-125.207909	0.359773
930.000001	-124.840218	-0.365356	-122.591211	-0.006035	-78.682284	-0.056656	-134.650773	-0.387744
940.000001	-125.107085	-0.057284	-131.032667	0.325246	-91.456083	0.001461	-131.529611	-0.130041
950.000001	-124.911487	-0.265193	-125.272040	-0.305164	-76.984649	-0.118907	-126.599819	0.033323
960.000001	-126.806345	0.032114	-129.021382	0.093888	-84.238118	-0.112000	-131.162595	-0.211589
970.000001	-125.435492	0.334812	-131.370250	0.182960	-87.837270	-0.038435	-122.902875	0.293703
980.000001	-130.546326	0.193387	-126.487691	-0.495666	-84.533081	0.483033	-124.015441	-0.095155
990.000001	-126.734690	-0.125703	-121.089111	0.123257	-76.241871	-0.295865	-126.088589	0.186349
1000.000001	-128.023292	0.386645	-121.377897	0.187233	-88.157803	0.412261	-118.804059	0.236478
1010.000001	-125.912299	-0.121036	-128.939461	0.296692	-75.999389	0.426538	-118.181992	-0.482831
1020.000001	-124.792860	-0.199945	-126.440559	0.252933	-90.114300	-0.354777	-123.242673	0.398259
1030.000001	-135.798506	0.109853	-136.343383	0.457198	-80.809097	0.188911	-126.114050	0.377265
1040.000001	-135.864717	-0.144432	-128.989876	-0.310028	-74.284298	0.135730	-128.328445	-0.261491
1050.000001	-126.562668	-0.493884	-117.141166	0.041178	-86.159358	0.299938	-132.661715	-0.073637
1060.000001	-131.617639	-0.189522	-124.310029	0.011553	-92.473903	-0.049699	-122.739076	-0.434678
1070.000001	-118.572401	0.458757	-125.567499	0.074156	-83.406428	-0.185324	-127.023880	0.487223
1080.000001	-129.875195	0.065274	-129.961520	-0.126367	-80.852065	0.348443	-128.753401	0.067528
1090.000001	-123.126786	-0.402632	-124.322558	-0.275429	-83.435741	-0.290415	-125.564217	0.314819
1100.000001	-125.765661	0.000120	-123.422775	-0.307581	-84.929085	0.363962	-133.244047	0.347212
1110.000001	-129.766473	0.273558	-131.208508	-0.163968	-81.751120	0.469106	-130.558359	-0.481666
1120.000001	-128.744184	0.273220	-123.814927	-0.399739	-79.063510	0.444737	-130.489157	0.125389
1130.000001	-133.537208	-0.227220	-121.110135	0.185202	-87.997253	-0.114229	-141.129001	0.276346
1140.000001	-123.161531	0.062794	-125.434378	-0.119064	-81.442406	-0.329444	-124.962660	0.365974
1150.000001	-129.791315	-0.343893	-126.693870	-0.105262	-81.115572	-0.244253	-125.745360	-0.398644
1160.000001	-122.999169	0.431457	-139.126113	0.077609	-81.417651	0.175552	-128.630717	0.177185
1170.000001	-124.737562	0.390692	-127.172700	0.166308	-89.311024	0.037246	-122.866523	-0.120767
1180.000001	-119.703977	0.063738	-125.143380	0.213185	-83.198590	0.080138	-123.111625	-0.287782
1190.000001	-124.875346	0.026345	-124.144503	-0.248481	-94.987853	0.491033	-124.878311	-0.152628
1200.000001	-130.362982	-0.125257	-143.931773	-0.031190	-79.610548	0.184658	-125.512507	-0.436665
1210.000001	-125.440747	0.382051	-128.376882	-0.272065	-82.202140	0.236426	-129.642086	-0.190538
1220.000001	-132.816536	-0.444264	-115.685593	-0.334740	-80.453988	0.336030	-131.362184	0.272383
1230.000001	-131.529280	0.399775	-124.742468	0.228660	-84.169168	-0.240052	-127.855483	-0.237887
1240.000001	-122.704048	-0.377708	-140.398553	0.495856	-90.045278	0.017263	-135.050393	-0.453253
1250.000001	-121.045411	-0.100791	-137.834104	-0.335354	-88.949604	-0.079243	-132.152013	0.417246
1260.000001	-119.027593	0.349783	-120.182333	-0.467375	-79.029885	0.474454	-125.608683	-0.298449
1270.000001	-127.443686	0.380948	-122.595331	0.416477	-82.486699	-0.362793	-134.720700	0.220523
1280.000001	-148.487811	-0.067283	-129.306080	-0.231242	-22.075703	0.361200	-24.243404	-0.202965
1290.000001	-133.010825	0.065784	-125.325142	0.341244	-87.918229	0.480155	-126.206525	0.488247
1300.000001	-119.811117	-0.406990	-117.922833	-0.486748	-77.998776	0.164620	-133.250730	0.474462
1310.000001	-126.175713	-0.283576	-115.045866	0.067286	-89.016956	0.125963	-126.823921	-0.465724
1320.000001	-125.560610	0.015053	-124.979687	-0.172164	-74.664713	0.418337	-125.148844	-0.007904
1330.000001	-120.393952	0.364569	-118.220771	0.031831	-79.556634	0.248993	-123.678087	0.140773
1340.000001	-121.272132	-0.363795	-117.044176	0.386863	-77.274892	0.241850	-124.453309	-0.285602
1350.000001	-125.141510	-0.112213	-131.451700	-0.102658	-84.446370	0.009073	-132.590756	0.328281
1360.000001	-127.019116	-0.245017	-114.658166	-0.337496	-80.210690	-0.054009	-123.242061	-0.391781
1370.000001	-127.555552	0.055153	-131.715679	-0.426039	-80.946051	0.168830	-128.105042	0.253309
1380.000001	-133.044223	0.409945	-111.700077	-0.435991	-85.679431	0.049632	-122.494062	-0.092528
1390.000001	-123.931560	0.099400	-113.333164	0.065261	-77.028703	0.330091	-127.826008	-0.034103
1400.000001	-125.862332	-0.088902	-119.838011	-0.001188	-80.833425	-0.292797	-118.134051	0.390210
1410.000001	-124.291741	-0.019910	-118.121071	-0.228208	-95.689423	0.049774	-122.895754	-0.228026
1420.000001	-122.674132	0.046864	-117.382625	0.335547	-85.937891	0.102622	-125.336426	-0.060185
1430.000001	-131.705341	-0.335538	-121.084182	0.277157	-88.424959	-0.185128	-127.989099	-0.196925
1440.000001	-120.656286	-0.084391	-117.235790	0.313883	-81.249627	-0.086228	-122.591652	-0.083580
1450.000001	-129.148274	-0.051923	-119.963631	-0.150612	-95.566968	-0.271027	-119.462923	-0.231444
1460.000001	-128.133674	-0.102840	-114.200303	0.475284	-85.442111	0.112339	-121.006217	-0.304872
1470.000001	-123.705933	0.070108	-122.136767	-0.426100	-76.633815	0.201082	-124.912249	0.074961
1480.000001	-129.467860	0.471037	-122.810435	-0.104903	-80.784781	-0.314640	-121.627499	-0.251011
1490.000001	-137.053872	-0.486235	-113.370529	-0.263252	-85.283330	-0.174254	-129.318009	0.447950
1500.000001	-122.443989	-0.134507	-112.989216	-0.199099	-77.740743	0.308113	-131.078757	-0.361997
1510.000001	-121.599379	-0.127863	-118.255298	0.167697	-81.390784	-0.096444	-131.543535	0.471013
1520.000001	-129.430304	0.366130	-120.681619	0.218022	-83.895075	-0.442070	-118.498233	0.371788
1530.000001	-121.927835	-0.157102	-123.930502	-0.058304	-95.649513	-0.375274	-127.894359	0.466389
1540.000001	-125.896077	0.142340	-119.460277	0.305387	-90.656587	-0.091906	-122.751082	0.415541
1550.000001	-127.370592	0.250854	-121.967365	-0.270127	-91.344910	0.476115	-124.105014	0.170744
1560.000001	-136.894241	0.197629	-123.633737	0.086687	-90.431566	-0.047702	-122.433141	-0.242053
1570.000001	-123.943891	0.169098	-121.710528	0.197114	-74.936140	-0.011334	-123.004888	0.024156
1580.000001	-125.696044	-0.126830	-144.550463	-0.127204	-87.369775	-0.340279	-131.237819	0.003830
1590.000001	-123.431992	0.141686	-126.667061	-0.305199	-79.702623	-0.064405	-129.394373	0.088795
1600.000001	-123.332393	-0.162020	-122.958373	-0.138702	-97.275891	-0.123364	-128.593735	0.449958
1610.000001	-125.964161	0.411898	-116.102326	0.261956	-90.203525	-0.477988	-128.213568	0.189587
1620.000001	-121.061538	0.387878	-122.947741	0.461081	-95.136866	-0.487776	-119.957229	-0.175403
1630.000001	-131.174397	0.325597	-126.094185	0.421591	-85.925073	-0.329748	-145.489595	0.311625
1640.000001	-126.587632	0.234748	-144.419982	-0.399066	-87.218215	-0.433383	-125.610953	-0.070426
1650.000001	-120.830723	0.173161	-136.189214	-0.418490	-84.976833	-0.257366	-131.149284	0.058858
1660.000001	-120.547553	-0.042402	-119.918983	0.187475	-87.977726	0.440516	-126.812198	0.081559
1670.000001	-123.671561	0.415968	-125.177205	-0.301297	-85.056414	-0.455936	-131.079121	0.455063
1680.000001	-121.958136	0.141266	-125.776528	0.279077	-82.990117	0.440395	-120.669317	-0.449201
1690.000001	-128.701419	0.413190	-123.352392	-0.192491	-86.049817	-0.143734	-122.361058	-0.395683
1700.000002	-122.566377	0.300594	-130.219096	0.108790	-76.490550	0.164094	-135.721487	-0.435995
1710.000002	-133.650101	0.051251	-126.211660	-0.173524	-81.191382	-0.311423	-120.511433	0.116728
1720.000002	-125.849903	0.390645	-131.058073	-0.441414	-81.432320	0.025104	-129.224987	0.496117
1730.000002	-139.991164	-0.034430	-124.036259	0.013025	-88.376395	0.410816	-121.029249	0.140969
1740.000002	-119.454524	0.444633	-122.829232	-0.020963	-80.021629	0.056508	-126.699674	0.023396
1750.000002	-134.718236	0.086425	-123.915613	0.015539	-85.729342	0.463037	-127.871756	-0.260770
1760.000002	-122.548682	0.075664	-121.782868	0.347751	-104.575297	-0.134178	-121.002030	0.103137
1770.000002	-124.015538	-0.207801	-128.514148	-0.337785	-86.535105	-0.422549	-145.848858	-0.356558
1780.000002	-131.388874	-0.133327	-135.598500	0.157008	-80.719584	-0.441686	-125.379496	0.436243
1790.000002	-131.522973	0.358728	-131.573486	0.184694	-86.723753	0.034463	-126.886700	-0.467703
1800.000002	-128.037910	-0.042447	-129.468160	0.247921	-86.133277	0.456426	-121.726802	0.097689
1810.000002	-124.904851	-0.176274	-127.565168	-0.482610	-78.832020	0.467515	-135.676837	-0.192068
1820.000002	-128.126717	0.346904	-130.362001	0.212630	-81.280148	-0.480905	-127.304151	-0.415213
1830.000002	-119.702832	-0.358728	-125.253540	-0.363112	-77.892542	0.297590	-126.399727	-0.188311
1840.000002	-132.706808	-0.208298	-125.189763	-0.392754	-83.849583	0.111999	-123.835046	0.116373
1850.000002	-130.384504	0.368970	-139.467834	-0.400062	-83.187804	-0.016346	-127.360740	-0.377487
1860.000002	-126.789806	0.012808	-132.865204	-0.287738	-78.371195	0.317699	-128.297064	-0.248771
1870.000002	-120.109227	0.277254	-138.239931	0.411385	-83.945895	-0.096241	-122.323333	0.199846
1880.000002	-116.787087	-0.262814	-120.857074	-0.174719	-81.570366	0.025749	-122.254354	-0.118002
1890.000002	-129.966444	0.175115	-127.663952	0.375011	-88.105281	0.070956	-127.274065	-0.113968
1900.000002	-132.159691	-0.394919	-123.374496	0.171568	-90.938457	0.116019	-126.891771	0.158818
1910.000002	-130.103119	0.473761	-124.399384	0.312387	-81.638559	-0.035414	-123.710553	-0.075437
1920.000002	-125.179690	-0.336420	-119.744815	0.467446	-79.831154	-0.073276	-116.679931	-0.040537
1930.000002	-136.696255	-0.007632	-118.690929	-0.006586	-85.928493	-0.102369	-127.211334	0.495933
1940.000002	-139.084243	-0.448707	-126.515946	0.213858	-81.305712	-0.118332	-130.253423	0.031569
1950.000002	-129.895622	0.227534	-121.112716	-0.468698	-76.215131	-0.152073	-125.537097	-0.288328
1960.000002	-119.387503	-0.455192	-129.476069	-0.085711	-85.187470	-0.411448	-118.151955	-0.118968
1970.000002	-126.762038	-0.345466	-127.583591	-0.403510	-82.160876	-0.150924	-127.417316	-0.306868
1980.000002	-133.847980	-0.233045	-121.069372	0.354344	-83.442865	0.303894	-124.207559	-0.156933
1990.000002	-128.095990	-0.266790	-135.021419	0.147503	-89.451930	0.484374	-122.722982	-0.091854
2000.000002	-123.210921	0.130215	-127.099695	-0.361300	-84.621904	0.314424	-136.501989	-0.409462
2010.000002	-123.249801	0.096541	-129.846489	0.062292	-84.689981	-0.457073	-123.011362	0.119317
2020.000002	-127.915227	-0.072627	-120.880350	0.488003	-92.050357	-0.032644	-135.004883	0.016163
2030.000002	-131.939551	-0.416603	-129.139896	-0.286616	-88.328686	0.421968	-124.849417	-0.135833
2040.000002	-131.402908	-0.187228	-130.130884	-0.161367	-84.384273	-0.298546	-128.097322	0.046192
2050.000002	-126.565865	-0.149654	-120.583241	-0.081945	-84.821187	-0.094424	-127.945670	-0.368347
2060.000002	-119.923660	-0.435471	-130.758464	-0.217975	-81.753058	0.070120	-128.489056	-0.322735
2070.000002	-125.311395	-0.202959	-120.031619	0.394766	-82.435573	-0.288742	-123.499789	0.042321
2080.000002	-121.789294	0.334339	-130.164745	0.425012	-90.993068	-0.483142	-132.065557	0.202629
2090.000002	-122.292067	0.337786	-128.445289	-0.337952	-78.675400	-0.485702	-123.564209	0.434795
2100.000002	-139.179171	0.318217	-125.238482	0.034911	-82.716512	0.113553	-134.174175	-0.225157
2110.000002	-123.088924	0.481522	-121.538603	-0.092482	-89.731305	-0.120870	-128.548004	0.039741
2120.000002	-126.441134	-0.083811	-144.326051	0.380489	-85.464509	0.275583	-126.922817	0.242656
2130.000002	-130.439000	0.084881	-123.334189	-0.456450	-95.297539	-0.028396	-138.949421	-0.215045
2140.000002	-121.900281	-0.118176	-123.728966	0.102361	-85.064208	-0.419101	-128.573193	0.255851
2150.000002	-135.064130	0.051765	-133.683149	-0.388084	-78.985663	0.085215	-136.907101	-0.422288
2160.000002	-127.811078	-0.333840	-124.244535	-0.017361	-83.894468	0.299728	-123.794330	0.065730
2170.000002	-120.919791	0.436126	-123.777936	-0.315120	-84.986349	-0.146045	-127.418721	-0.472405
2180.000002	-123.582961	0.094691	-122.410248	0.481047	-82.100784	0.255211	-128.633029	-0.129355
2190.000002	-139.154255	0.068344	-125.357837	0.291254	-81.370162	0.476291	-129.643880	0.473893
2200.000002	-124.926915	0.133533	-127.719837	0.419777	-84.975716	0.166011	-130.661723	-0.182993
2210.000002	-124.696229	0.264996	-134.232739	-0.374023	-87.891674	0.086997	-124.139577	-0.398137
2220.000002	-131.866379	0.435284	-123.650636	0.470000	-85.792715	0.170048	-127.358202	-0.289081
2230.000002	-134.263265	0.466224	-136.463475	0.491865	-86.930726	0.022288	-131.643380	0.449631
2240.000002	-127.625191	-0.360750	-123.339310	-0.130820	-84.727605	-0.445377	-128.625641	-0.174725
2250.000002	-126.755255	0.106784	-125.695839	-0.168313	-86.421564	0.410138	-126.451771	-0.454080
2260.000002	-133.075630	-0.071740	-123.952529	-0.490477	-87.368960	0.057495	-123.802197	-0.221643
2270.000002	-134.062009	-0.243717	-129.806318	0.319626	-80.052152	-0.408257	-135.479605	0.089280
2280.000002	-127.376932	-0.490629	-132.871093	0.385925	-101.820172	-0.032996	-131.056353	0.144030
2290.000002	-127.469821	-0.070493	-127.905381	0.204887	-88.276429	-0.002751	-122.745973	-0.368656
2300.000002	-125.727151	-0.396012	-120.634483	-0.462544	-82.838399	0.202455	-120.822169	-0.285754
2310.000002	-125.505309	-0.056138	-123.790652	0.234940	-92.161189	-0.470183	-125.001129	-0.258288
2320.000002	-121.673631	-0.110050	-129.335955	0.133159	-84.490892	0.203192	-134.092532	-0.244913
2330.000002	-126.428069	0.223558	-124.415050	0.118683	-83.629072	0.288618	-125.280203	-0.447993
2340.000002	-134.483810	-0.098902	-132.933633	-0.383851	-85.124465	-0.497987	-125.520546	0.183988
2350.000002	-130.533142	-0.199541	-123.575634	0.183036	-86.138331	-0.067908	-118.131368	0.289423
2360.000002	-120.491528	0.303150	-136.997569	-0.044784	-79.503048	0.320224	-127.219235	0.088524
2370.000002	-122.534754	0.207776	-127.759982	0.202968	-79.089277	-0.367975	-119.693928	-0.034508
2380.000002	-119.325823	-0.249090	-123.089569	-0.369235	-87.428259	-0.094520	-121.204506	-0.067042
2390.000002	-119.911683	-0.253690	-120.161030	-0.233441	-99.392251	0.262585	-145.354607	0.458386
2400.000002	-127.235612	-0.461150	-128.891584	0.486998	-88.836782	-0.479565	-124.905392	-0.116870
2410.000002	-136.214449	-0.360896	-141.311971	0.261634	-94.069510	0.092431	-124.163459	-0.252970
2420.000002	-122.257569	0.115646	-125.171289	0.084987	-81.905397	0.384056	-123.904886	0.462694
2430.000002	-132.403241	-0.145107	-125.579928	0.283003	-83.214633	0.049004	-125.196615	-0.282313
2440.000002	-131.244284	-0.221972	-124.346053	0.032855	-85.213957	0.148098	-131.947339	-0.008139
2450.000002	-132.039010	0.334891	-124.995186	-0.230702	-90.170965	0.033606	-121.243144	0.064426
2460.000002	-130.269694	-0.005074	-128.621022	0.149575	-92.498461	-0.244060	-130.352935	-0.339283
2470.000002	-124.791648	-0.238434	-126.232643	-0.327074	-82.749295	-0.300211	-131.899439	0.472044
2480.000002	-113.833754	0.270066	-119.615103	0.277744	-82.527906	-0.340521	-133.449700	0.353177
2490.000002	-132.243378	-0.305246	-136.899133	-0.327608	-86.511013	0.267380	-134.343806	-0.285264
2500.000002	-120.601359	0.157593	-119.891132	0.161127	-86.299498	0.166759	-131.113713	0.226472
2510.000002	-122.895627	0.246915	-122.171605	-0.054940	-84.543469	-0.105981	-122.889337	0.312814
2520.000002	-138.878294	0.047778	-125.135412	0.155653	-88.663008	0.429937	-121.415674	0.267191
2530.000002	-128.067177	0.017094	-131.450879	-0.177443	-82.582514	-0.066724	-119.889293	-0.482478
2540.000002	-134.832112	0.475352	-123.179396	0.348047	-84.133805	0.012456	-130.081188	0.190477
2550.000002	-137.442422	-0.494237	-121.487800	0.379673	-92.674236	0.060740	-124.512432	-0.000770
2560.000002	-123.555550	0.458955	-132.661195	-0.055707	-83.157987	-0.342930	-86.918943	-0.407701
2570.000002	-122.641986	0.259034	-129.750433	-0.362959	-91.031030	0.066820	-132.113963	0.310812
2580.000002	-136.822741	0.394220	-123.874728	-0.136991	-89.693328	-0.352687	-121.186104	0.169447
2590.000002	-121.953657	0.241469	-120.877669	-0.488619	-86.542266	0.254679	-118.034525	0.322979
2600.000002	-123.022021	-0.451024	-136.190876	-0.057933	-87.595699	0.457977	-127.307625	0.187475
2610.000002	-121.586693	0.388598	-125.758020	-0.399310	-90.207096	-0.098044	-126.566852	-0.229413
2620.000002	-127.597927	0.132427	-123.637772	0.179050	-85.336651	0.357245	-130.011686	-0.132107
2630.000002	-137.928652	0.253674	-120.545834	0.198752	-92.500659	-0.346877	-129.387650	0.051793
2640.000002	-122.591832	-0.342642	-134.018714	-0.348070	-91.122328	0.212130	-130.437090	0.402709
2650.000002	-119.753101	0.435002	-129.977534	-0.384760	-84.153339	0.364212	-131.980066	0.040602
2660.000002	-122.505670	0.350400	-119.937051	0.032688	-81.057705	-0.400662	-131.004045	0.190179
2670.000002	-128.968355	0.285736	-123.723435	-0.399265	-91.065483	0.297453	-127.226303	-0.433077
2680.000002	-123.206458	0.401598	-127.512611	-0.372676	-83.989908	0.297166	-125.088164	0.415707
2690.000002	-130.561542	0.034841	-122.372637	-0.402660	-82.627208	-0.135580	-119.527732	-0.394511
2700.000002	-131.152628	0.410170	-123.569010	0.167393	-85.070428	0.369871	-127.824429	-0.431502
2710.000002	-117.862109	0.195874	-132.877197	0.260146	-84.788736	-0.453709	-140.821901	-0.236996
2720.000002	-127.417390	-0.347549	-128.718968	0.179408	-79.454943	0.097770	-121.228816	0.451612
2730.000002	-120.520300	0.353455	-125.861693	-0.010690	-83.731812	-0.005425	-123.186285	0.043811
2740.000002	-124.160149	-0.132716	-125.280495	0.213527	-85.495842	-0.419337	-121.944356	0.067180
2750.000002	-122.164645	-0.430172	-127.257737	-0.143365	-80.869413	-0.318096	-127.156647	0.378663
2760.000002	-133.899577	-0.138269	-124.676532	0.454917	-84.706043	0.237162	-122.508121	0.046048
2770.000002	-132.118807	0.235427	-127.830972	-0.423832	-82.333041	0.268283	-125.942389	0.034035
2780.000002	-124.597066	-0.067711	-124.047526	0.309895	-91.474904	-0.090253	-123.526097	-0.464198
2790.000002	-130.221214	0.447691	-134.007246	-0.389506	-87.075448	-0.155262	-129.512497	-0.491885
2800.000002	-128.417396	-0.199253	-126.853363	0.406633	-89.599299	-0.359099	-129.286759	0.463591
2810.000002	-126.215084	0.050161	-123.788464	-0.288747	-85.997974	0.033943	-140.482336	0.492854
2820.000002	-131.782891	0.128546	-127.960062	-0.427847	-85.455539	0.333592	-133.052015	-0.139328
2830.000003	-130.197320	0.127517	-122.180914	0.018171	-88.236540	0.487606	-130.421307	-0.332766
2840.000003	-139.326750	-0.325049	-121.473439	0.390077	-90.957373	-0.375482	-119.812269	0.303939
2850.000003	-128.364447	0.167487	-127.120629	-0.149640	-84.320030	-0.405763	-129.926160	-0.268633
2860.000003	-123.615746	0.306434	-120.261552	-0.244011	-83.680602	-0.436472	-124.061408	0.476168
2870.000003	-122.276185	0.386489	-117.453769	-0.427351	-80.242504	-0.300370	-140.114762	0.032160
2880.000003	-127.428968	-0.344915	-123.966861	-0.143702	-77.742637	-0.147648	-119.170442	0.405762
2890.000003	-120.630473	-0.181613	-135.586633	-0.218518	-84.983550	0.061490	-139.359619	0.294837
2900.000003	-121.565468	-0.264174	-138.413625	-0.380707	-83.407040	0.437014	-122.342777	0.344452
2910.000003	-124.306382	-0.009369	-120.386066	-0.301742	-96.997409	0.298252	-143.352720	-0.050447
2920.000003	-134.181195	0.479970	-125.579926	0.204602	-89.557741	0.154074	-124.025726	-0.351834
2930.000003	-124.568352	-0.088916	-125.220670	-0.416265	-87.142147	-0.033389	-124.960075	-0.253321
2940.000003	-139.933221	-0.185304	-136.576254	0.343993	-83.286789	-0.373011	-123.090745	-0.024405
2950.000003	-123.520038	0.254176	-123.375326	0.018646	-77.507667	-0.345188	-124.173825	0.072883
2960.000003	-120.185358	0.054319	-124.189275	0.203649	-83.909833	-0.061517	-122.610212	-0.065615
2970.000003	-122.998427	-0.289911	-124.728288	0.403683	-100.966067	-0.123057	-132.315783	0.138017
2980.000003	-129.190564	-0.141417	-125.147138	-0.287358	-82.613805	-0.023208	-125.830048	-0.120989
2990.000003	-125.966852	0.456537	-123.127947	0.150614	-84.677220	-0.086829	-141.091234	-0.433543
3000.000003	-124.098042	-0.210385	-128.144875	-0.384060	-86.444518	0.129291	-118.488883	-0.304476
3010.000003	-141.947473	-0.233569	-127.210343	-0.125793	-95.734434	0.224868	-120.177666	0.489763
3020.000003	-129.905028	0.465455	-123.005116	-0.287192	-84.831378	0.237854	-130.290063	-0.340260
3030.000003	-123.083436	0.354944	-125.443780	0.219032	-82.389702	-0.380575	-128.485737	0.252903
3040.000003	-122.908118	0.201044	-123.996449	0.380527	-83.950384	0.303845	-125.674936	0.075252
3050.000003	-131.888865	0.361903	-127.131824	0.340990	-84.172909	-0.268743	-123.039601	-0.326668
3060.000003	-118.972198	0.221140	-134.382957	0.488376	-89.972019	0.155502	-124.479901	-0.411674
3070.000003	-120.810532	-0.025653	-123.285831	0.339006	-92.590653	-0.354515	-124.770990	-0.146785
3080.000003	-126.309659	0.381240	-131.668276	0.042414	-79.344601	-0.275452	-141.794281	0.274025
3090.000003	-125.777189	-0.246709	-130.339172	0.359620	-80.653724	-0.019917	-127.106792	-0.137802
3100.000003	-125.968203	0.372813	-123.856673	0.382724	-79.926165	0.063236	-137.434801	-0.363432
3110.000003	-126.596908	-0.169972	-122.686178	0.252278	-89.993458	-0.021394	-138.991744	-0.305310
3120.000003	-120.543539	-0.422381	-125.996047	0.394729	-87.130520	0.392005	-124.884187	0.209550
3130.000003	-132.408372	0.107206	-125.218016	0.168269	-88.271867	0.162466	-128.548656	-0.183361
3140.000003	-120.080370	0.060613	-127.023508	0.026855	-85.451768	0.178795	-127.491826	-0.436921
3150.000003	-123.452176	-0.283754	-123.853254	-0.447947	-100.557415	-0.250191	-131.469835	-0.489740
3160.000003	-134.209576	-0.089994	-123.889325	-0.158486	-86.597478	-0.167895	-122.676650	0.255968
3170.000003	-129.153075	-0.279239	-130.284261	0.394233	-95.032180	0.371544	-118.494487	-0.438502
3180.000003	-120.413986	-0.457500	-116.718601	-0.490883	-83.741026	-0.408505	-133.844495	-0.143244
3190.000003	-127.911301	-0.312020	-121.508619	-0.059920	-87.628115	-0.308686	-127.831726	0.000323
3200.000003	-131.626086	-0.222765	-123.972178	0.077584	-86.491707	-0.068656	-119.022433	-0.362243
3210.000003	-127.994026	-0.470719	-123.782505	-0.078035	-82.731376	-0.424798	-128.353062	-0.391925
3220.000003	-125.986960	-0.493313	-129.118531	-0.455136	-87.093797	0.124372	-120.144721	-0.293881
3230.000003	-135.221153	-0.162731	-128.104717	0.408856	-90.758265	-0.015553	-120.388586	0.045858
3240.000003	-128.953191	-0.043297	-126.350984	0.200889	-87.421778	-0.005712	-123.148143	0.302064
3250.000003	-126.812726	0.073096	-121.875739	0.049500	-83.038832	-0.147924	-131.355360	0.095769
3260.000003	-124.205467	0.410864	-119.411045	-0.183051	-77.190457	0.119209	-147.024324	0.490066
3270.000003	-127.996048	0.280695	-121.945205	-0.231237	-89.774500	-0.184519	-123.713747	0.390480
3280.000003	-130.100908	0.256494	-121.134451	0.206749	-89.674836	-0.078084	-137.437052	-0.465612
3290.000003	-131.707824	0.445340	-122.786533	-0.476812	-81.339326	0.324269	-124.974608	-0.110679
3300.000003	-123.477146	0.281082	-126.963283	0.060112	-81.905898	-0.438753	-126.619556	-0.204129
3310.000003	-135.437710	-0.198103	-124.559095	0.335907	-90.910332	0.133305	-126.840557	-0.022420
3320.000003	-139.125479	0.220942	-125.546710	0.379336	-82.988882	-0.250294	-124.216781	-0.298660
3330.000003	-123.903322	-0.205373	-131.248033	-0.422816	-84.200278	0.302526	-127.892086	0.043939
3340.000003	-147.817088	-0.461369	-128.260183	0.064668	-85.451959	-0.147992	-121.313572	0.270261
3350.000003	-120.231071	-0.159244	-125.659421	-0.062825	-86.966204	0.368286	-126.084907	-0.220826
3360.000003	-123.787490	0.107306	-126.408498	0.490872	-88.279699	0.028609	-121.756199	0.329666
3370.000003	-123.284941	-0.252544	-129.628252	-0.407667	-86.416929	0.212276	-130.058967	-0.046089
3380.000003	-118.473262	0.439598	-126.672563	-0.072632	-81.397753	0.288149	-126.587931	0.294978
3390.000003	-122.090799	0.270722	-122.113177	0.043161	-108.254499	-0.232499	-122.593804	0.101954
3400.000003	-126.729392	0.275830	-133.859331	-0.496969	-91.474748	0.411521	-126.165986	0.273749
3410.000003	-119.909858	-0.082947	-133.040415	0.465463	-87.075065	0.349523	-139.246487	-0.444339
3420.000003	-136.298969	0.320551	-135.558232	0.462839	-98.408877	-0.458291	-130.898155	-0.356967
3430.000003	-127.548308	0.287298	-117.407860	-0.091548	-81.477769	0.382468	-123.014182	0.412356
3440.000003	-124.130284	-0.198465	-128.664921	-0.148923	-79.302259	0.134499	-126.202640	0.421241
3450.000003	-141.534790	-0.474918	-121.451477	0.083103	-89.065631	0.233775	-123.541434	-0.166982
3460.000003	-126.106407	-0.046632	-118.883703	-0.016546	-88.856799	0.339850	-119.123046	0.225707
3470.000003	-126.812399	0.021376	-127.563738	0.070014	-92.807140	-0.493457	-125.539523	0.125115
3480.000003	-121.007562	0.469657	-128.141302	0.062001	-86.863938	0.432753	-132.842252	0.144820
3490.000003	-124.986701	-0.302868	-124.194145	-0.380758	-95.743438	-0.067552	-125.846523	-0.413898
3500.000003	-129.709142	-0.497915	-136.839742	0.000701	-90.975777	-0.325774	-127.828848	0.021449
3510.000003	-117.863563	-0.201675	-122.040239	0.058164	-89.111118	-0.158911	-130.270797	-0.409248
3520.000003	-123.628205	0.139604	-131.078889	0.340662	-92.794058	-0.357813	-127.635761	-0.354804
3530.000003	-138.652492	0.143747	-124.651982	-0.485552	-85.974295	-0.094849	-124.970300	0.471159
3540.000003	-125.434366	0.340785	-124.138024	0.254620	-89.266572	-0.146371	-123.773274	-0.419342
3550.000003	-120.498489	-0.010732	-122.023237	-0.257054	-81.802347	0.320238	-125.475722	0.105781
3560.000003	-127.947915	-0.437350	-122.335568	0.121577	-84.166736	0.383842	-123.521931	0.177837
3570.000003	-122.840142	0.072749	-124.449613	-0.178728	-86.376011	0.271941	-130.238979	-0.274699
3580.000003	-128.283812	0.150179	-129.448350	-0.212240	-88.571528	-0.077975	-125.513001	-0.053629
3590.000003	-149.016682	-0.043235	-128.419211	-0.360614	-79.365556	0.477944	-124.420561	-0.357110
3600.000003	-131.658154	0.456662	-139.257659	0.272474	-82.263216	0.338339	-125.670140	0.299437
3610.000003	-124.277408	-0.441226	-122.619321	-0.142788	-91.330314	-0.412937	-130.389940	0.380903
3620.000003	-126.200221	0.012261	-129.305253	-0.137115	-91.045795	-0.431143	-135.978709	-0.192508
3630.000003	-124.568289	0.349584	-129.062506	0.006554	-82.575206	-0.402009	-131.817713	0.127962
3640.000003	-132.458081	-0.490508	-135.356209	0.426680	-84.528136	0.253572	-133.780547	0.242081
3650.000003	-120.490184	0.107429	-137.609576	-0.189267	-94.098167	-0.441973	-125.653446	0.483503
3660.000003	-124.682027	0.453739	-129.276221	0.424620	-87.398794	-0.115655	-124.540672	-0.446201
3670.000003	-120.753651	0.163063	-125.653019	-0.314467	-80.335336	0.103666	-128.631239	0.023986
3680.000003	-121.955824	0.471257	-136.009105	-0.443304	-102.841991	-0.071099	-127.013470	-0.388855
3690.000003	-124.345464	0.383190	-122.708719	-0.208644	-92.469419	-0.454912	-122.679250	-0.440314
3700.000003	-125.921938	0.234301	-122.347250	-0.093130	-81.156724	0.239829	-127.643043	0.089292
3710.000003	-145.660802	-0.048381	-123.588886	-0.431449	-83.329619	-0.072113	-139.383653	0.456238
3720.000003	-121.221889	-0.371444	-126.337816	-0.019959	-85.174244	-0.183093	-128.812134	0.181280
3730.000003	-122.387917	-0.242654	-125.284026	0.123421	-81.783348	0.081551	-131.386931	0.464625
3740.000003	-129.725574	0.356198	-124.963139	0.275830	-85.882593	-0.205268	-130.348718	-0.398101
3750.000003	-126.799491	0.482959	-141.730191	0.081056	-91.681911	-0.019492	-127.306423	0.430975
3760.000003	-134.351550	-0.095955	-127.442849	-0.300675	-88.220746	0.141732	-120.683984	-0.464657
3770.000003	-129.922467	-0.207298	-122.028781	-0.182747	-88.996733	-0.203341	-117.488645	-0.084559
3780.000003	-126.097625	-0.137694	-136.417601	-0.404683	-93.001939	-0.263348	-123.012344	0.339229
3790.000003	-126.663623	-0.029564	-131.852686	-0.054738	-86.363185	0.272352	-130.487807	-0.290089
3800.000003	-124.054192	-0.205441	-123.428085	-0.185534	-82.992538	-0.083164	-119.196611	0.330705
3810.000003	-119.363334	0.352707	-124.886174	0.263053	-83.533814	0.039650	-117.991301	0.466703
3820.000003	-125.208301	-0.204530	-118.795924	0.474114	-94.437372	0.217424	-123.351636	-0.231853
3830.000003	-121.216895	-0.003723	-124.920398	0.449670	-90.890886	-0.247875	-123.549249	0.159480
3840.000003	-120.215850	0.359034	-121.323769	0.233973	-85.599603	0.157287	-86.336992	-0.260131
3850.000003	-119.545391	0.445287	-122.100593	0.499229	-85.563134	-0.450375	-126.305991	0.132176
3860.000003	-125.519534	-0.468211	-141.545529	-0.194608	-98.316528	-0.200836	-129.704079	0.093523
3870.000003	-129.501831	-0.472661	-122.953985	-0.251663	-84.967777	0.418375	-131.054270	-0.265020
3880.000003	-123.576617	-0.418280	-126.614009	-0.191972	-86.792220	-0.364849	-122.791401	0.136521
3890.000003	-122.078762	-0.470704	-121.163432	0.314171	-96.158796	0.119166	-127.889102	-0.358662
3900.000003	-127.313199	-0.191000	-123.702358	-0.293140	-85.792915	-0.208043	-125.035178	-0.352813
3910.000003	-123.723744	-0.491020	-140.958711	0.128872	-90.076181	-0.361903	-126.662832	0.206292
3920.000003	-123.281432	0.292600	-130.831823	0.147316	-87.726720	-0.117221	-124.121081	-0.292807
3930.000003	-146.687505	-0.322327	-132.515314	0.255742	-85.859970	-0.106641	-131.338978	0.006837
3940.000003	-126.285126	0.176941	-124.086420	-0.081245	-100.152397	-0.024252	-134.462533	0.202286
3950.000003	-123.095002	-0.277707	-124.846997	-0.164369	-89.917406	0.167017	-131.060421	-0.047008
3960.000004	-122.339178	-0.388013	-121.061058	-0.269868	-84.549233	0.425748	-130.552714	0.462982
3970.000004	-121.266603	0.418811	-121.248083	0.063206	-96.099960	-0.122129	-124.210400	0.289709
3980.000004	-126.537105	-0.373612	-136.618316	-0.125703	-87.156967	0.492207	-121.923666	0.136613
3990.000004	-126.087796	-0.262394	-120.883966	0.381560	-88.980667	-0.247091	-123.937741	0.372318
4000.000004	-133.184440	0.291603	-129.972776	0.447697	-95.825754	0.081396	-122.219046	0.145391
4010.000004	-125.011637	-0.333959	-123.149592	0.239351	-87.927189	0.357957	-132.474069	-0.076712
4020.000004	-125.856977	-0.075865	-124.669723	0.121083	-98.543500	-0.021050	-121.793855	-0.320502
4030.000004	-133.301065	-0.239882	-140.359121	-0.273284	-98.846409	-0.411880	-134.084153	0.402481
4040.000004	-123.014873	0.202155	-128.036714	0.217227	-87.706032	-0.484356	-126.583676	-0.341186
4050.000004	-121.808849	0.025686	-126.255121	0.328051	-98.635131	0.262677	-134.148354	-0.357771
4060.000004	-128.610808	-0.146178	-134.101459	0.440684	-82.659293	0.375162	-124.295896	0.020421
4070.000004	-134.372473	-0.478319	-131.138313	0.304087	-92.001717	0.312554	-127.069905	-0.294107
4080.000004	-125.561916	-0.064703	-126.285531	0.022048	-86.647664	0.293953	-128.454490	0.108024
4090.000004	-122.456586	0.478309	-119.770698	-0.330957	-85.955125	-0.252065	-133.705961	-0.331880
4100.000004	-126.166074	0.045243	-120.812660	0.472622	-93.281956	-0.416005	-127.184544	0.221926
4110.000004	-139.560291	-0.020335	-124.430101	-0.021284	-83.817400	-0.035385	-125.308128	0.266644
4120.000004	-156.377443	0.484390	-131.082854	0.340955	-84.759109	0.313763	-121.273014	-0.366315
4130.000004	-137.001940	-0.418157	-130.745135	0.459764	-86.942318	-0.426976	-140.872260	0.154863
4140.000004	-122.483420	-0.340802	-132.460330	0.402349	-81.864100	0.267669	-124.175671	0.146046
4150.000004	-125.753207	0.200485	-121.056986	0.197219	-81.344060	-0.398784	-123.049422	0.147418
4160.000004	-126.148337	-0.083315	-123.363335	-0.091865	-86.110207	-0.315511	-127.217007	-0.125063
4170.000004	-130.611410	0.383579	-127.459378	-0.361181	-90.395889	-0.495315	-131.476160	0.055482
4180.000004	-135.891892	-0.018351	-135.340857	-0.050537	-100.101768	-0.061853	-130.131354	0.304527
4190.000004	-139.931893	0.254220	-127.038756	0.247543	-90.184425	-0.252060	-125.498781	0.468087
4200.000004	-134.930932	0.059811	-132.068247	0.171200	-105.010582	0.302232	-127.023005	0.239903
4210.000004	-123.928953	0.271910	-133.890755	0.499698	-89.651991	-0.372731	-128.834201	-0.123517
4220.000004	-131.800876	0.334434	-122.969633	0.347923	-82.952844	0.425632	-118.915283	0.011548
4230.000004	-125.195140	0.470425	-124.553159	-0.421749	-103.889711	-0.443157	-127.724623	-0.283249
4240.000004	-123.256679	0.106301	-130.742705	-0.376069	-87.872298	-0.402263	-123.168733	-0.226566
4250.000004	-126.404300	0.252486	-130.960601	0.430854	-103.701330	0.288519	-139.841159	0.069122
4260.000004	-123.325453	0.272785	-123.268398	0.449957	-89.169900	-0.152581	-125.257760	0.121177
4270.000004	-137.524251	0.430966	-128.261740	-0.408300	-86.236318	-0.118870	-119.169199	0.446668
4280.000004	-128.755958	0.237939	-122.841420	0.366148	-89.460805	0.006565	-124.709209	0.018395
4290.000004	-130.892041	0.455212	-119.369617	0.225820	-84.920724	0.365040	-124.706846	-0.340335
4300.000004	-130.036274	-0.096474	-130.960494	0.167860	-81.014975	-0.455794	-124.916773	0.356753
4310.000004	-127.333445	0.436784	-127.413148	0.123908	-90.000270	-0.184497	-142.026917	-0.108100
4320.000004	-126.084344	0.382862	-120.723808	-0.289888	-86.551898	0.381147	-127.131668	0.333823
4330.000004	-122.107441	-0.460484	-122.597139	-0.169602	-88.316644	0.015616	-122.698226	0.128215
4340.000004	-131.766831	0.119233	-123.761440	0.081832	-80.443308	-0.008074	-128.822079	0.129187
4350.000004	-129.909933	0.200508	-123.604131	0.150250	-93.123992	-0.388055	-135.105857	0.448891
4360.000004	-131.393308	0.440202	-132.401175	0.041218	-86.480423	-0.159907	-120.859483	0.078564
4370.000004	-123.563531	0.366457	-126.786186	-0.027183	-97.402701	-0.230773	-120.979848	0.088511
4380.000004	-128.186998	-0.402198	-120.263816	-0.170544	-87.389627	-0.310866	-124.076323	-0.099274
4390.000004	-132.784134	0.302731	-122.281628	-0.313665	-84.765305	0.395626	-131.412263	-0.445690
4400.000004	-125.487285	-0.109421	-129.188119	-0.348186	-97.527285	0.135490	-123.321189	0.072232
4410.000004	-124.468022	-0.299026	-128.929445	-0.298647	-94.196410	-0.134526	-121.795534	0.200459
4420.000004	-134.686302	0.402393	-123.634472	0.276898	-87.830844	-0.209734	-118.288623	0.419755
4430.000004	-133.907633	-0.169680	-130.006582	0.069689	-92.296719	0.025209	-133.481011	0.006098
4440.000004	-123.859811	-0.075873	-131.045564	0.345023	-96.712235	0.416379	-127.436717	0.114183
4450.000004	-132.360951	0.160690	-125.301171	0.187565	-81.311395	0.100021	-142.011980	-0.291995
4460.000004	-122.800760	0.291655	-128.429202	-0.240921	-93.967255	-0.234974	-119.992367	-0.422466
4470.000004	-128.507224	-0.299688	-120.313184	-0.077299	-86.434119	-0.180028	-122.114717	0.446246
4480.000004	-129.891766	0.414552	-123.313346	0.448635	-90.807716	-0.138196	-117.171660	-0.375116
4490.000004	-129.750140	0.029605	-129.089676	0.334092	-88.582198	0.213323	-120.460613	-0.079767
4500.000004	-124.766765	-0.076705	-118.618559	-0.176439	-86.276106	0.261971	-123.759164	-0.139438
4510.000004	-129.741029	-0.049960	-131.717671	-0.178790	-90.121102	-0.043303	-142.611385	0.023034
4520.000004	-125.660642	0.167679	-119.434255	0.102183	-96.524432	0.264782	-123.581297	0.134296
4530.000004	-123.245403	0.054293	-132.537825	0.049557	-80.770205	-0.075730	-123.145314	-0.151613
4540.000004	-127.381029	0.309079	-128.294267	-0.027757	-86.179925	-0.235513	-126.093675	0.434623
4550.000004	-129.422834	-0.345529	-133.407218	0.163406	-95.280624	0.254667	-122.061653	-0.267599
4560.000004	-122.853210	-0.256548	-136.190856	0.140104	-98.243094	0.027226	-120.721596	-0.080881
4570.000004	-128.865194	-0.440469	-124.056350	-0.343937	-85.833001	-0.066352	-126.164650	-0.153160
4580.000004	-123.297875	0.405305	-126.490966	-0.165734	-82.999380	0.292409	-132.187062	-0.093913
4590.000004	-121.632440	0.124079	-129.488458	0.191062	-84.541149	0.449743	-131.618686	0.333505
4600.000004	-134.374524	-0.281522	-141.994892	0.463361	-96.829572	-0.112955	-126.282915	0.163831
4610.000004	-125.509877	0.426562	-124.115436	-0.405135	-99.222248	-0.222459	-138.459458	-0.335589
4620.000004	-125.517976	0.442379	-122.759024	-0.124267	-90.689115	-0.315118	-124.893424	0.222045
4630.000004	-129.000892	-0.241152	-125.264661	0.417924	-85.445424	0.307696	-136.170149	-0.217969
4640.000004	-129.406071	0.342811	-123.264166	0.427022	-84.481265	-0.333185	-127.055708	-0.047797
4650.000004	-138.011088	-0.031632	-124.301657	0.457337	-86.835919	0.053280	-130.340000	0.018040
4660.000004	-127.892005	-0.094720	-130.655689	0.283377	-85.220864	0.452822	-140.108555	-0.032360
4670.000004	-141.389083	-0.259048	-122.454565	0.071871	-88.344626	0.000340	-129.988218	0.323125
4680.000004	-131.424633	0.053087	-130.925015	-0.297777	-83.288675	-0.063635	-132.725277	-0.396869
4690.000004	-124.686484	0.113519	-126.367174	-0.443455	-90.305802	-0.105005	-136.535030	-0.149908
4700.000004	-128.315862	-0.388492	-126.304986	0.138023	-102.203926	0.053103	-122.700290	-0.036487
4710.000004	-137.118645	-0.417677	-123.167387	-0.389144	-88.595144	0.286806	-126.842661	0.238083
4720.000004	-132.935511	0.112100	-117.384672	0.382637	-89.200513	-0.327610	-125.474080	0.186361
4730.000004	-129.431035	-0.358089	-127.617366	0.025097	-83.025992	-0.360430	-129.666559	0.268389
4740.000004	-123.340672	-0.425571	-141.088217	-0.470595	-89.144203	0.320921	-129.665588	-0.435777
4750.000004	-125.140914	0.325680	-123.227789	-0.081189	-85.434255	0.115930	-118.676540	-0.285887
4760.000004	-130.096724	-0.465862	-143.680124	0.029075	-82.306817	-0.390341	-128.184143	-0.319335
4770.000004	-134.009434	-0.329385	-123.227379	0.064723	-85.440981	-0.059693	-122.199914	-0.054013
4780.000004	-121.138420	-0.070161	-129.677322	0.411272	-94.677825	0.288793	-124.062927	0.076679
4790.000004	-136.705510	0.156372	-134.354707	0.377813	-90.607279	-0.100498	-122.108187	-0.084732
4800.000004	-142.725891	0.055823	-129.784405	0.496284	-96.118374	-0.484722	-130.586357	0.140676
4810.000004	-124.773252	-0.011538	-131.215291	0.374631	-98.033315	-0.224154	-121.168044	-0.190047
4820.000004	-125.555615	-0.449396	-130.147929	-0.174196	-85.730437	-0.283760	-123.211098	-0.065130
4830.000004	-126.881839	-0.469884	-131.587056	-0.395305	-94.203443	-0.420992	-129.943055	-0.129516
4840.000004	-125.781902	-0.483714	-122.023595	-0.430831	-83.603009	0.206825	-126.070181	0.408909
4850.000004	-119.699637	0.184744	-136.012786	-0.019660	-91.877855	0.025787	-144.675431	-0.165183
4860.000004	-127.035183	-0.202190	-119.226413	-0.052889	-96.053143	0.087772	-138.063997	-0.107580
4870.000004	-123.168402	0.122704	-127.273008	-0.424251	-91.802311	0.336980	-129.616618	0.083169
4880.000004	-131.770935	0.039226	-123.949583	0.410297	-94.110354	0.026555	-129.413023	0.297862
4890.000004	-124.676258	0.173166	-118.818941	0.137871	-88.062284	-0.050121	-126.697192	-0.032422
4900.000004	-130.059494	-0.366218	-130.135232	-0.231208	-91.196498	0.269538	-129.098876	-0.146157
4910.000004	-124.622723	-0.493257	-127.287501	-0.113940	-93.974042	-0.263690	-121.806076	-0.002365
4920.000004	-129.150177	-0.273983	-126.258617	0.196565	-90.699202	-0.323734	-124.809253	-0.389700
4930.000004	-122.827348	0.174409	-133.950384	0.078485	-84.480984	-0.365606	-130.601173	0.307285
4940.000004	-130.750921	-0.027910	-130.751972	0.182906	-101.976736	-0.002299	-122.934824	0.109589
4950.000004	-127.680341	-0.301359	-121.861816	0.332903	-82.773472	0.396057	-130.907050	0.300266
4960.000004	-125.431579	0.176980	-121.417477	-0.070503	-86.824056	0.329491	-132.821702	-0.284323
4970.000004	-124.792985	-0.296274	-128.250498	-0.086495	-82.560773	-0.103897	-133.681401	0.214063
4980.000004	-120.556398	-0.121615	-119.531250	-0.332999	-89.394997	-0.310383	-130.402285	0.045130
4990.000004	-134.964096	0.383319	-127.185379	0.493723	-93.747494	0.452495	-126.053995	0.350433
5000.000004	-128.311977	0.051057	-126.090295	-0.174479	-81.717374	0.032583	-128.605879	-0.347336
5010.000004	-127.717219	-0.347343	-133.684278	0.016396	-94.387771	-0.155259	-131.782821	-0.038988
5020.000004	-135.606655	-0.243793	-131.939542	0.015123	-88.422408	0.497474	-123.633280	0.062332
5030.000004	-121.497481	-0.053572	-128.220180	0.046735	-80.972291	0.245513	-139.734497	0.057483
5040.000004	-141.107312	0.316841	-121.383954	0.402366	-92.175649	0.091375	-129.944681	0.248521
5050.000004	-135.982802	0.048520	-122.131479	0.196974	-92.514316	-0.040431	-123.331579	0.251384
5060.000004	-128.429350	-0.264395	-134.556045	-0.472482	-93.950392	-0.031802	-123.283803	-0.299128
5070.000004	-130.203853	0.380498	-128.314289	0.414155	-90.356225	0.093693	-135.160624	0.349493
5080.000005	-138.014898	0.290355	-125.919437	0.191792	-93.048554	0.060625	-122.729801	0.443399
5090.000005	-120.230501	-0.066258	-124.312520	0.043374	-84.162485	-0.195890	-135.320562	0.136262
5100.000005	-121.320507	0.455187	-138.800230	0.251015	-86.916114	-0.088773	-121.042710	0.451372
5110.000005	-125.949231	-0.220293	-121.423293	-0.104514	-101.789487	0.127408	-117.638459	-0.141679
5120.000005	-121.461498	0.334275	-123.796217	0.174373	-94.619772	0.423299	-102.794010	-0.296015
5130.000005	-125.891703	0.436625	-130.341142	0.360151	-101.476412	0.322503	-122.454465	-0.110654
5140.000005	-129.602661	-0.432979	-136.119562	0.027011	-87.583733	-0.095363	-124.503720	0.477586
5150.000005	-121.271065	-0.429095	-125.845159	-0.354985	-85.121863	-0.411774	-122.361502	-0.267329
5160.000005	-131.317994	0.301528	-127.434644	0.212876	-86.608324	0.124762	-127.318777	0.282237
5170.000005	-124.168843	-0.451912	-123.347286	-0.238516	-89.363420	0.100156	-131.690144	0.044802
5180.000005	-125.087895	-0.076101	-123.923611	0.459773	-95.113053	0.393045	-124.908612	0.082602
5190.000005	-131.870275	0.022437	-128.035356	0.044778	-95.648803	0.484731	-131.868856	-0.257341
5200.000005	-123.230294	0.183488	-122.909649	0.270225	-92.896471	0.020638	-127.695040	0.255753
5210.000005	-120.225585	0.299343	-124.293445	-0.175221	-85.599654	0.145784	-120.047969	-0.245554
5220.000005	-124.714763	0.454741	-128.920421	-0.162803	-91.749467	0.216589	-126.112424	0.296646
5230.000005	-122.039127	0.183363	-121.295361	0.049962	-91.960308	0.450590	-119.878633	-0.117335
5240.000005	-122.843860	0.371796	-131.814754	0.480962	-87.156090	-0.415014	-126.023147	0.024988
5250.000005	-129.095451	-0.073230	-127.324475	-0.327632	-92.014229	-0.438228	-141.184976	0.392908
5260.000005	-130.061811	0.119313	-131.856218	0.188534	-86.441996	0.025558	-140.611128	-0.380681
5270.000005	-130.790302	-0.147827	-123.517060	0.048837	-90.390409	0.270032	-122.211442	-0.440452
5280.000005	-122.468979	0.235436	-129.595254	0.206578	-91.209270	-0.016591	-122.644473	-0.421369
5290.000005	-127.944293	0.036209	-140.219006	0.078727	-98.763092	-0.272165	-124.548754	0.473846
5300.000005	-134.007740	0.384231	-123.509743	-0.462294	-90.373381	0.013959	-151.600577	-0.172291
5310.000005	-122.720407	-0.441378	-128.459115	-0.012699	-85.022292	0.361780	-136.045476	0.242457
5320.000005	-122.937327	0.176830	-124.361063	-0.270154	-88.443466	0.366148	-121.623228	0.248448
5330.000005	-127.501767	0.222074	-124.891292	0.326475	-106.209071	-0.216510	-122.719532	-0.449025
5340.000005	-127.307024	-0.403269	-121.666936	-0.484724	-85.609021	0.179475	-130.588343	0.132608
5350.000005	-134.517229	0.219582	-125.201067	0.395579	-88.856730	-0.162675	-120.064716	0.353519
5360.000005	-125.938771	0.464896	-133.361365	-0.353973	-86.657614	0.444629	-126.202777	-0.056741
5370.000005	-125.932622	-0.094819	-121.478663	0.462656	-85.763365	-0.308861	-121.906421	-0.190961
5380.000005	-129.460707	-0.012265	-123.499683	-0.280936	-92.035899	0.115040	-124.376764	-0.483099
5390.000005	-127.076668	-0.246461	-120.546073	-0.447797	-86.755641	0.344357	-133.203937	0.394483
5400.000005	-131.300713	0.254475	-134.512908	-0.384486	-93.836083	0.214414	-125.849776	-0.407979
5410.000005	-126.783240	-0.326928	-120.998170	-0.273130	-88.655446	0.482983	-132.030753	0.213428
5420.000005	-128.235137	0.496381	-129.206513	0.436034	-92.209215	-0.133004	-132.242458	-0.244505
5430.000005	-130.122460	0.221211	-122.779798	0.064629	-91.602933	0.286349	-124.478000	0.204193
5440.000005	-138.581120	0.230502	-128.921445	0.286299	-94.613401	-0.345035	-131.401636	0.471215
5450.000005	-124.791443	-0.415311	-121.335820	-0.345199	-92.812853	-0.430353	-125.071773	-0.096105
5460.000005	-121.557714	-0.054320	-132.128090	-0.222456	-86.614614	0.235595	-127.863898	-0.344192
5470.000005	-123.593585	-0.315516	-126.245292	-0.057907	-94.443156	0.351099	-133.454292	-0.325906
5480.000005	-138.314518	-0.409770	-135.115445	-0.141901	-89.964752	-0.417185	-129.552426	0.197958
5490.000005	-130.592078	-0.455475	-130.062214	0.086913	-83.572496	-0.081596	-147.615255	0.093711
5500.000005	-126.245961	-0.442547	-126.393296	0.401676	-83.159143	0.332064	-127.196542	-0.285515
5510.000005	-128.974546	0.326111	-147.952686	0.417955	-93.215093	0.157666	-136.093638	-0.324810
5520.000005	-131.168281	0.153310	-127.379374	-0.329704	-87.499406	0.199176	-116.525620	0.085944
5530.000005	-122.852924	0.078666	-131.212096	0.226796	-84.283547	0.240017	-120.980777	0.027891
5540.000005	-127.200986	0.118025	-141.886467	-0.103921	-99.585020	0.113842	-121.325045	0.216853
5550.000005	-122.391858	-0.077688	-129.000560	0.464348	-83.434234	-0.475516	-127.474459	0.255146
5560.000005	-135.169684	0.049917	-129.207378	-0.155708	-86.991670	-0.266839	-129.046632	-0.177536
5570.000005	-130.536723	0.486020	-124.320973	0.403708	-86.651641	0.194738	-123.259744	0.273344
5580.000005	-126.123305	0.139149	-123.966622	-0.232376	-94.353072	0.056443	-128.472726	-0.232384
5590.000005	-136.991851	-0.311064	-127.072987	-0.317370	-101.727787	-0.207023	-122.142296	0.311303
5600.000005	-131.453915	0.150784	-139.219113	-0.223204	-97.259804	-0.292999	-130.866223	-0.107429
5610.000005	-126.398584	0.011458	-122.355405	-0.263311	-98.188440	-0.201852	-125.904539	0.188796
5620.000005	-122.855985	-0.406899	-129.375966	-0.017905	-82.689433	-0.409667	-124.713434	-0.493944
5630.000005	-130.491444	0.353825	-130.443892	0.333973	-99.912502	0.051255	-122.093647	0.348068
5640.000005	-136.958310	0.362791	-123.785377	0.143953	-87.111943	-0.307687	-123.887749	-0.407516
5650.000005	-128.567605	-0.193607	-126.466000	-0.251929	-96.205413	-0.274110	-126.289040	-0.366308
5660.000005	-127.759521	0.422073	-133.188289	0.224997	-85.136597	-0.054387	-121.972640	0.494116
5670.000005	-120.356509	-0.046826	-121.497687	-0.037284	-85.703709	0.146071	-127.800004	0.041409
5680.000005	-127.925572	0.431065	-127.530474	0.282344	-97.547604	0.080358	-119.145875	0.310017
5690.000005	-135.961740	-0.060629	-128.772587	-0.253716	-86.876860	0.165226	-124.823921	0.077410
5700.000005	-128.569595	0.350626	-122.534658	0.294663	-96.896881	-0.467468	-129.908407	-0.315489
5710.000005	-126.765223	0.430155	-135.013366	0.293162	-84.075002	0.281696	-123.785805	0.002636
5720.000005	-138.558975	0.003885	-120.102879	0.079572	-86.627401	0.126941	-123.226951	-0.311108
5730.000005	-131.119295	0.408560	-126.026592	0.499457	-90.930550	-0.285598	-130.480334	-0.364057
5740.000005	-128.197158	-0.040832	-125.681394	0.157059	-90.876894	0.047696	-132.100384	0.207346
5750.000005	-127.278780	-0.073504	-123.037703	0.245616	-86.728762	0.051175	-127.053311	0.341516
5760.000005	-123.183918	0.402227	-125.772481	0.484912	-80.927472	0.153561	-117.833507	0.315608
5770.000005	-128.348764	-0.490372	-126.280802	-0.181779	-89.659966	-0.317868	-130.231612	-0.016217
5780.000005	-123.340052	-0.441563	-129.980742	0.441772	-86.689855	0.045150	-122.482928	-0.326649
5790.000005	-123.288681	0.033946	-120.174494	-0.194408	-85.391390	0.202548	-119.739853	0.142019
5800.000005	-127.908615	-0.006785	-127.514650	0.008570	-84.669126	-0.010676	-124.835160	-0.033690
5810.000005	-126.103225	0.247147	-143.834979	-0.242710	-86.501471	0.260916	-127.347096	-0.289759
5820.000005	-127.628134	0.468257	-127.200077	-0.332960	-93.911557	0.183530	-132.701271	-0.406319
5830.000005	-132.063901	0.298010	-128.302948	0.113368	-90.994161	0.449052	-130.663719	0.243189
5840.000005	-126.162495	0.095540	-132.354233	0.287315	-85.530466	0.473451	-145.499251	0.216032
5850.000005	-130.302575	0.292551	-136.825045	-0.110016	-90.644903	-0.437692	-126.852678	0.337132
5860.000005	-118.133534	0.387166	-127.832319	0.208671	-106.284760	0.015451	-136.244973	0.236834
5870.000005	-124.434922	0.436674	-123.505510	0.413026	-98.771455	-0.339745	-134.716897	-0.290067
5880.000005	-121.778608	0.097079	-131.865041	-0.399436	-87.294356	0.351890	-122.023451	0.220568
5890.000005	-125.546576	0.043942	-124.756739	-0.216369	-90.048960	0.359398	-122.584734	0.269102
5900.000005	-127.107452	0.032643	-127.923791	0.184921	-87.350688	-0.457135	-122.744435	-0.065078
5910.000005	-127.764769	-0.024482	-124.621780	-0.358985	-89.903868	-0.318048	-127.614829	-0.237493
5920.000005	-134.927366	-0.464138	-135.675081	0.346258	-88.861391	-0.106695	-121.994817	-0.265276
5930.000005	-126.364890	-0.112605	-129.268556	-0.012372	-93.347870	0.018849	-128.995771	0.173922
5940.000005	-130.725718	0.478429	-128.922731	0.190019	-96.938397	-0.157443	-129.322160	0.377862
5950.000005	-138.901980	-0.381462	-126.761250	-0.334234	-89.931087	-0.488214	-129.158696	-0.450744
5960.000005	-119.967533	0.479065	-119.711704	-0.261404	-98.057897	-0.146167	-129.647157	-0.216648
5970.000005	-122.368369	0.237167	-116.704241	0.367325	-89.607062	0.208912	-126.401713	0.350573
5980.000005	-132.832766	-0.278286	-123.046169	-0.483058	-89.107064	0.479604	-127.074768	-0.345899
5990.000005	-124.670612	0.350273	-132.941558	-0.461048	-91.839103	-0.139971	-136.282137	0.076127
6000.000005	-125.929732	-0.092420	-119.666905	0.049011	-80.603421	0.227162	-125.984977	0.286786
6010.000005	-124.771756	-0.470915	-122.944418	-0.206644	-83.621998	-0.385574	-129.476566	-0.359409
6020.000005	-140.508347	0.100860	-127.724322	0.250289	-87.921717	-0.479507	-128.655320	-0.087021
6030.000005	-120.331588	-0.360938	-121.463061	-0.225063	-93.595504	-0.241791	-121.662584	-0.062398
6040.000005	-129.902365	-0.478384	-128.323096	0.403741	-82.939706	0.132435	-125.201716	-0.309563
6050.000005	-131.712079	-0.253112	-123.958992	0.274864	-96.626453	0.455679	-137.166535	-0.228090
6060.000005	-127.015370	0.200215	-117.748554	0.239073	-90.709298	-0.374854	-133.167344	0.257131
6070.000005	-121.897563	0.150466	-136.748690	-0.492098	-90.479041	0.266378	-130.438934	0.287840
6080.000005	-125.386360	0.151121	-121.335592	0.471685	-94.481854	0.338728	-130.458837	0.200711
6090.000005	-120.525251	-0.017178	-126.646141	0.088914	-86.981026	-0.067347	-123.438701	0.337996
6100.000005	-126.783053	-0.493393	-125.925203	0.433278	-92.243440	-0.249991	-130.772148	0.167067
6110.000005	-122.884917	-0.422539	-139.701127	-0.319040	-100.558373	-0.087180	-122.146447	-0.040919
6120.000005	-131.242967	0.293033	-136.436984	-0.057853	-86.975388	-0.036028	-130.621780	-0.472101
6130.000005	-144.340321	-0.475256	-137.580966	0.399892	-88.105724	-0.063601	-126.039520	0.149265
6140.000005	-139.350216	-0.414444	-121.243756	0.301695	-104.436638	0.093396	-119.913292	0.379954
6150.000005	-123.892943	0.422203	-125.257209	0.388352	-86.237679	0.302451	-129.341495	0.250331
6160.000005	-128.643123	0.289333	-123.541849	-0.293994	-100.186380	-0.332516	-126.561086	-0.373608
6170.000005	-123.174235	0.244610	-124.938401	0.316560	-87.894103	-0.390043	-131.709481	0.363838
6180.000005	-131.823500	0.293249	-129.032296	0.241139	-85.117980	-0.159303	-133.755060	0.460315
6190.000005	-129.441015	0.349880	-120.666723	0.104785	-87.899901	-0.358407	-124.657628	-0.053748
6200.000005	-141.191277	-0.091301	-127.778803	-0.110314	-92.557301	-0.059622	-124.113890	-0.108636
6210.000006	-117.790746	-0.401991	-129.082197	-0.073614	-93.076914	-0.014335	-129.111358	0.235903
6220.000006	-117.412450	0.266891	-122.624411	0.227398	-93.094736	-0.484928	-138.013184	-0.046229
6230.000006	-128.626811	-0.166454	-128.181205	0.098497	-90.422773	0.072828	-123.737704	0.498591
6240.000006	-129.470716	-0.335249	-124.419261	0.227597	-99.479970	-0.472430	-124.992792	0.391363
6250.000006	-124.190643	-0.051617	-139.185440	0.446684	-91.766732	0.275410	-124.445883	0.178201
6260.000006	-128.051201	0.041238	-127.887766	0.498313	-94.054739	0.264144	-125.266092	0.181954
6270.000006	-126.767887	0.083849	-125.853051	-0.255388	-97.303960	0.416892	-130.060342	-0.429173
6280.000006	-142.694975	-0.257556	-125.025874	0.276474	-87.172024	-0.390236	-124.058717	-0.297977
6290.000006	-130.266143	-0.410751	-141.809569	-0.222003	-91.433573	-0.126097	-126.226243	0.173986
6300.000006	-141.802620	0.077636	-121.387216	-0.489854	-99.055926	-0.167254	-124.254746	0.246770
6310.000006	-140.775873	-0.420683	-122.871174	0.345161	-97.790577	-0.247236	-122.280744	0.217368
6320.000006	-124.045559	-0.021469	-123.346266	0.294851	-92.557998	0.313894	-133.693653	0.040649
6330.000006	-126.285700	-0.026185	-127.612360	0.044288	-88.411066	0.288885	-123.011170	-0.277442
6340.000006	-123.327214	-0.388184	-124.860445	-0.069893	-88.315336	-0.404518	-125.922425	-0.127685
6350.000006	-132.005785	-0.191303	-122.328519	-0.199119	-86.617734	-0.121961	-122.548327	-0.145413
6360.000006	-123.385505	-0.493457	-126.275698	0.362484	-98.442894	0.467480	-127.432438	0.437935
6370.000006	-121.531353	-0.460947	-137.519264	0.121525	-94.813309	0.082440	-130.672171	0.060591
6380.000006	-119.728023	-0.215274	-131.768004	-0.488329	-89.347282	0.255182	-128.262040	-0.043440
6390.000006	-127.487548	0.499669	-143.214746	-0.302702	-85.559032	-0.077744	-133.210307	-0.310383
6400.000006	-128.240622	-0.434273	-123.010660	0.022639	-100.061406	0.197248	-97.717739	0.030130
6410.000006	-134.687701	0.298154	-121.956654	0.250271	-85.162768	-0.012955	-158.095634	-0.165281
6420.000006	-132.663949	0.194280	-123.163340	-0.068880	-91.433636	-0.068345	-122.960197	0.164719
6430.000006	-127.749443	-0.469805	-126.297901	-0.110962	-85.050360	0.390185	-124.572127	-0.381887
6440.000006	-125.297003	0.130691	-123.313189	0.223861	-97.122424	-0.206873	-127.109969	-0.382200
6450.000006	-123.673158	0.271506	-123.359357	-0.128816	-97.937512	-0.288975	-122.994023	0.317545
6460.000006	-125.664153	0.343472	-121.304873	0.435496	-94.139896	0.456323	-128.486212	-0.494408
6470.000006	-138.554009	0.108003	-138.549987	-0.045761	-100.316040	-0.464123	-129.971577	-0.488750
6480.000006	-126.231509	-0.308460	-129.615807	-0.162113	-93.635767	-0.092917	-124.788613	0.424103
6490.000006	-125.765374	-0.450120	-129.530003	-0.183777	-87.925587	-0.318466	-127.648209	-0.207260
6500.000006	-124.201762	0.116503	-122.896676	-0.484777	-90.206595	0.414675	-131.240100	0.125019
6510.000006	-131.892497	0.269684	-126.225510	0.161030	-89.534470	-0.298435	-120.694467	0.012723
6520.000006	-134.284032	-0.441343	-130.152603	-0.372837	-87.248884	-0.121890	-121.955861	-0.309698
6530.000006	-128.451830	-0.231977	-121.956469	-0.323219	-92.774139	0.371267	-117.319444	0.104942
6540.000006	-132.604492	-0.499902	-125.774526	-0.114999	-92.340390	0.384422	-126.992680	-0.216565
6550.000006	-132.078849	-0.156172	-126.275425	0.012694	-94.171775	-0.241463	-127.191112	0.218808
6560.000006	-126.236093	0.296495	-132.866866	0.033204	-93.003893	-0.466601	-126.588867	-0.484484
6570.000006	-123.800806	-0.089348	-128.364817	-0.190813	-94.841469	-0.090434	-125.179701	0.310104
6580.000006	-119.905969	-0.436470	-126.308811	-0.397588	-86.021807	-0.334661	-118.799297	-0.296907
6590.000006	-122.183290	0.060116	-156.059948	-0.054146	-88.079811	0.103385	-122.198201	0.385534
6600.000006	-127.628494	0.065297	-123.829546	0.075381	-88.451037	-0.392848	-129.371011	0.181684
6610.000006	-135.608795	-0.174914	-138.351038	-0.349755	-91.413300	0.084563	-122.222952	-0.124055
6620.000006	-124.357244	-0.446419	-132.970783	0.319790	-95.778822	-0.358118	-132.172969	-0.024692
6630.000006	-122.889205	-0.102328	-133.548843	0.489432	-87.463104	-0.346109	-121.825293	0.180753
6640.000006	-122.389990	-0.028207	-128.150234	0.211468	-92.794070	0.451666	-123.868014	-0.085556
6650.000006	-139.862665	-0.244827	-132.539361	-0.182889	-87.346501	-0.090575	-132.692642	0.122983
6660.000006	-128.151105	0.013821	-131.393467	0.083981	-87.540349	-0.326285	-123.825584	-0.273053
6670.000006	-125.993361	0.240642	-126.980552	0.229749	-100.488166	0.457945	-122.853804	-0.468656
6680.000006	-123.924334	-0.045376	-124.392281	-0.062246	-86.622348	0.132473	-128.642576	-0.236254
6690.000006	-124.185839	0.154644	-121.384289	0.037311	-92.353294	0.061163	-128.482847	0.204493
6700.000006	-131.251754	-0.312501	-129.301884	0.389440	-91.488580	-0.385663	-121.491441	0.402971
6710.000006	-125.258584	-0.447012	-128.024757	-0.496728	-91.997371	0.052067	-122.048631	-0.090147
6720.000006	-119.555452	-0.246094	-121.620493	0.223896	-94.396996	0.250079	-134.091460	0.347758
6730.000006	-121.369137	-0.072383	-124.858333	0.070429	-88.161091	0.351824	-139.427567	-0.039940
6740.000006	-129.437082	0.018081	-126.246868	0.207229	-94.301744	-0.439302	-123.089826	-0.423453
6750.000006	-128.874509	-0.283429	-133.013243	0.423511	-106.136818	0.256009	-135.427638	0.485376
6760.000006	-122.555449	0.080118	-131.476761	-0.455410	-84.699660	0.261967	-147.482782	-0.303954
6770.000006	-133.908310	0.485930	-123.471812	0.461812	-84.341958	0.443211	-122.777999	-0.469361
6780.000006	-124.727275	0.269083	-137.644641	-0.044763	-98.127646	0.255192	-121.538380	0.445308
6790.000006	-125.321482	0.378255	-125.715961	0.274878	-99.021653	-0.189768	-127.538622	-0.315492
6800.000006	-124.042738	-0.249255	-125.080028	0.136416	-95.643844	0.230995	-121.307457	0.459432
6810.000006	-121.489553	0.444950	-132.928364	0.317032	-97.368677	-0.169250	-120.472026	0.148532
6820.000006	-123.339895	0.287286	-130.247636	0.455698	-91.072093	0.319371	-127.157511	-0.110162
6830.000006	-123.489010	0.416668	-122.002528	-0.474774	-89.835893	0.330244	-140.847888	-0.447628
6840.000006	-123.682422	0.102810	-128.945328	-0.014752	-86.824317	-0.158159	-129.039328	-0.309427
6850.000006	-137.547898	-0.260112	-124.544872	-0.097340	-88.379500	0.006187	-130.532516	0.304805
6860.000006	-138.746798	-0.333148	-124.014875	-0.181841	-92.411462	-0.004462	-126.333912	-0.343015
6870.000006	-133.310719	0.096539	-121.566000	0.412047	-99.126070	-0.138736	-139.962123	-0.316370
6880.000006	-144.225750	0.450448	-129.079866	-0.094762	-89.127579	-0.214336	-124.409266	-0.187643
6890.000006	-140.957508	-0.095101	-127.289290	0.141064	-83.811087	-0.236006	-122.945973	-0.149436
6900.000006	-123.570806	-0.131785	-133.054011	-0.341041	-89.280167	0.326682	-120.779205	-0.265001
6910.000006	-134.349080	0.438793	-127.638056	-0.195877	-98.500878	0.331572	-127.681817	-0.279522
6920.000006	-125.631474	0.023789	-123.647382	0.119382	-84.999050	-0.377400	-117.472961	0.299899
6930.000006	-124.776862	-0.425767	-125.267190	-0.402122	-94.321108	0.192318	-126.626860	0.056858
6940.000006	-137.038876	0.310512	-119.381761	-0.248894	-85.435245	0.187085	-121.341736	-0.335855
6950.000006	-136.117769	0.217059	-129.234869	0.000968	-99.286315	0.025842	-127.474867	0.290780
6960.000006	-123.545291	-0.381532	-130.035272	-0.267473	-91.823515	0.379242	-118.257768	-0.058494
6970.000006	-128.987188	0.408025	-125.029246	-0.091076	-85.057950	-0.139705	-123.278722	-0.058955
6980.000006	-127.384670	-0.043400	-130.203209	-0.207659	-97.173502	-0.413028	-124.884969	0.309369
6990.000006	-129.560199	-0.375508	-142.126755	-0.033951	-93.287031	-0.401934	-130.073901	-0.140232
7000.000006	-118.980490	0.120867	-124.714534	-0.052814	-91.279169	-0.079572	-136.199644	-0.356716
7010.000006	-125.156657	0.322833	-125.827336	-0.016203	-87.493048	-0.306415	-131.012545	-0.064149
7020.000006	-124.848306	-0.083130	-138.120280	-0.042623	-82.153497	0.072698	-129.262035	-0.293500
7030.000006	-122.639886	-0.395324	-131.680793	-0.489181	-87.227635	0.014781	-128.774957	-0.442119
7040.000006	-127.713210	0.270030	-143.358499	-0.190385	-86.854741	-0.119610	-121.027563	0.273718
7050.000006	-128.367548	0.106506	-122.838265	-0.361966	-93.365286	-0.152149	-127.351537	0.069783
7060.000006	-128.859433	0.394387	-127.722951	-0.205476	-86.965955	-0.023524	-133.301788	0.080646
7070.000006	-123.690182	-0.322413	-126.073325	0.245003	-92.269271	0.415912	-122.804573	-0.156389
7080.000006	-119.320644	0.141658	-122.926193	-0.031797	-89.224391	0.137252	-120.806027	-0.139040
7090.000006	-135.745364	0.048766	-127.306930	-0.141089	-88.294788	-0.122174	-130.403841	-0.395546
7100.000006	-134.674797	0.016411	-128.374630	-0.370163	-86.673632	0.032105	-133.320276	-0.326823
7110.000006	-125.148811	0.341045	-121.976052	0.242830	-85.100306	0.124290	-130.310729	-0.404797
7120.000006	-129.586113	-0.408493	-120.301877	0.083611	-89.071015	0.065274	-123.786693	-0.241824
7130.000006	-124.978242	-0.239640	-138.442423	0.203341	-93.216638	-0.115415	-124.538932	0.027321
7140.000006	-130.502739	-0.236783	-122.307442	0.236762	-85.808968	-0.472716	-132.839434	0.158429
7150.000006	-123.971417	0.339930	-127.364240	0.179494	-96.820457	0.428079	-129.329534	-0.064947
7160.000006	-124.438959	-0.006820	-128.182131	-0.025342	-87.920957	0.034808	-136.395205	-0.009926
7170.000006	-125.918223	-0.158560	-127.699337	0.180373	-87.487803	0.165725	-118.936743	-0.177610
7180.000006	-121.555867	0.240234	-126.076875	0.149787	-86.624266	-0.316259	-123.564582	0.056352
7190.000006	-120.321072	0.145325	-127.368429	0.426749	-84.394235	0.321564	-125.011762	0.422898
7200.000006	-131.287282	0.497019	-125.411150	0.494180	-86.382576	-0.258257	-121.503964	0.499286
7210.000006	-126.197603	0.150356	-130.807661	0.135199	-84.362100	-0.101775	-128.382614	-0.299711
7220.000006	-125.774698	-0.051784	-127.936679	0.056026	-85.293956	0.354784	-125.268999	0.161646
7230.000006	-129.364762	-0.304286	-123.278095	-0.069943	-88.055257	-0.297851	-127.134757	0.020979
7240.000006	-124.072819	-0.113109	-124.519513	-0.011000	-88.494354	-0.409287	-122.848063	-0.029272
7250.000006	-124.969912	-0.402649	-118.426366	-0.462486	-86.526844	-0.220700	-126.714741	-0.089159
7260.000006	-126.218664	-0.107299	-120.630593	0.466103	-87.849439	0.331414	-127.563771	-0.460549
7270.000006	-129.344900	0.467955	-128.686024	-0.073868	-95.529320	0.223607	-123.315677	0.116970
7280.000006	-126.750042	0.253615	-123.879499	0.071248	-92.888762	0.206675	-127.763732	0.226323
7290.000006	-125.996676	-0.499277	-128.325487	0.179164	-90.569568	-0.406557	-121.771992	-0.068419
7300.000006	-120.957961	-0.143474	-123.511544	-0.269835	-90.887238	0.269443	-124.067314	-0.113994
7310.000006	-129.508119	0.092586	-124.820511	-0.479764	-84.454602	-0.438323	-134.768639	-0.094420
7320.000006	-129.191977	0.097711	-130.580573	-0.460295	-89.141132	0.274598	-132.677576	0.323342
7330.000006	-123.601310	0.147138	-124.606135	-0.059556	-103.386691	-0.124340	-123.448523	0.272855
7340.000007	-132.334952	0.264351	-126.246408	-0.274580	-85.757690	-0.263930	-124.853272	-0.396789
7350.000007	-130.268667	0.357382	-128.174986	0.384407	-90.723771	-0.473650	-122.891869	-0.024714
7360.000007	-127.331553	-0.380521	-120.210478	0.262849	-94.675624	-0.335459	-130.684178	0.384911
7370.000007	-126.668726	-0.382015	-126.099960	0.091470	-106.854659	-0.476889	-125.342084	-0.314406
7380.000007	-123.176787	0.200300	-134.123457	-0.470074	-84.086189	0.430975	-123.284369	0.466052
7390.000007	-133.771305	-0.429228	-129.663920	-0.353001	-90.894387	0.247711	-129.865519	-0.211758
7400.000007	-126.989782	-0.123566	-127.083342	-0.406026	-92.017063	0.101635	-141.753117	0.082594
7410.000007	-126.093806	0.493197	-117.346411	-0.128611	-89.598841	0.216300	-133.782992	-0.028204
7420.000007	-125.444638	0.256526	-132.559479	0.248181	-82.686031	-0.427776	-138.738596	0.277777
7430.000007	-128.820989	0.058782	-123.430386	-0.293529	-93.605757	-0.426968	-129.467447	0.020239
7440.000007	-127.765236	-0.319739	-132.104830	0.201942	-87.596439	0.289401	-131.020369	0.086360
7450.000007	-124.714266	-0.196636	-123.312953	-0.058879	-85.537025	-0.072155	-138.585683	-0.442149
7460.000007	-125.902430	0.452256	-122.897618	-0.388630	-88.768344	-0.071281	-130.038756	0.243883
7470.000007	-123.547252	-0.116143	-127.231543	0.136479	-97.620273	-0.405902	-128.711017	0.312125
7480.000007	-129.805064	0.368414	-118.379460	0.333678	-84.121020	0.066457	-135.827702	-0.052447
7490.000007	-125.759204	0.367512	-130.343657	-0.409704	-88.243123	-0.485409	-133.336145	-0.099144
7500.000007	-131.689258	-0.259310	-120.531389	0.278901	-94.563656	0.254779	-129.402012	0.339858
7510.000007	-121.833419	0.292469	-122.112637	0.187161	-91.414143	-0.014372	-126.402085	-0.404680
7520.000007	-130.876183	0.444048	-123.555397	-0.326411	-95.071004	0.092994	-127.523171	0.481525
7530.000007	-121.299059	0.175903	-126.139044	-0.480243	-87.400770	-0.217170	-127.874004	-0.136805
7540.000007	-135.403045	0.070247	-134.690293	0.146338	-88.630728	-0.134561	-128.507055	-0.105495
7550.000007	-123.284305	-0.490575	-126.690167	0.138304	-92.836030	0.377840	-126.364650	0.120394
7560.000007	-125.210646	-0.419292	-128.056682	-0.405099	-89.430852	-0.306993	-126.458759	-0.353552
7570.000007	-124.557276	0.225855	-125.315873	0.376547	-85.739261	-0.084943	-124.116135	-0.000870
7580.000007	-121.924088	-0.479772	-119.987471	0.252844	-87.755777	-0.478108	-123.486565	-0.469825
7590.000007	-121.867799	-0.419246	-119.553997	-0.312890	-83.860533	-0.472768	-124.453466	-0.332091
7600.000007	-141.917952	-0.111548	-146.812815	-0.069895	-88.624902	-0.487905	-126.613082	0.400589
7610.000007	-132.488079	0.119535	-119.929053	-0.058414	-101.606482	-0.469401	-134.377628	0.149354
7620.000007	-125.759555	-0.136327	-132.789987	0.110417	-85.316303	-0.216616	-135.882347	-0.208112
7630.000007	-127.223322	-0.098464	-126.595709	0.363749	-89.183566	0.184695	-128.879148	-0.226735
7640.000007	-128.086129	0.432016	-127.342119	0.352816	-88.181399	-0.387530	-122.910484	-0.355267
7650.000007	-131.132260	-0.259700	-131.836885	-0.082601	-81.368512	0.372821	-126.779821	-0.341510
7660.000007	-138.872658	0.412725	-126.162401	-0.005478	-86.181965	0.197848	-117.100281	0.301343
7670.000007	-117.813672	-0.434167	-129.995158	0.450923	-108.733083	0.303684	-121.829153	0.211641
7680.000007	-126.239986	-0.400409	-124.087302	0.464219	-91.781578	-0.330570	-93.076319	0.281348
7690.000007	-133.281156	0.061843	-123.224475	-0.349607	-95.882851	-0.443177	-126.374629	0.197503
7700.000007	-118.078553	0.398893	-121.803162	0.287648	-86.117382	0.354462	-127.138724	0.207923
7710.000007	-130.130836	-0.173244	-127.934780	0.293560	-101.928902	0.260146	-120.464938	0.078548
7720.000007	-132.726932	0.341256	-148.270696	0.493716	-87.514886	-0.236757	-140.565817	-0.194246
7730.000007	-134.901149	-0.355006	-119.876979	0.257455	-83.994269	0.001442	-121.380213	0.420955
7740.000007	-124.969464	-0.384229	-134.325339	0.445900	-89.266811	-0.172527	-128.895024	-0.101505
7750.000007	-123.695504	-0.291272	-120.718083	0.390963	-88.988360	0.431601	-121.372358	0.477968
7760.000007	-136.145751	-0.039530	-123.970203	0.262560	-97.258607	-0.077902	-119.956247	0.483389
7770.000007	-126.385016	0.041105	-131.955649	0.280603	-98.328240	0.129846	-123.329835	-0.061462
7780.000007	-122.275386	0.254736	-129.898339	0.363848	-86.099034	-0.396897	-128.154949	-0.498282
7790.000007	-128.505192	-0.430025	-129.760361	-0.348492	-84.879383	0.457392	-126.880696	-0.355065
7800.000007	-130.723203	-0.408497	-126.026265	-0.341294	-99.749354	0.482269	-139.793181	-0.234195
7810.000007	-123.969485	0.350900	-136.747954	0.024639	-86.726626	-0.424018	-124.073813	0.431375
7820.000007	-132.284319	0.130777	-123.157853	0.075049	-91.850426	-0.191315	-123.369652	-0.281066
7830.000007	-125.361424	0.149593	-123.277318	0.373564	-87.783369	-0.372022	-146.855469	0.111725
7840.000007	-134.368620	-0.327787	-127.705236	-0.143263	-93.381999	0.075108	-122.655645	0.002829
7850.000007	-127.014044	0.395868	-130.130438	-0.228190	-88.908703	-0.025747	-123.685558	0.036591
7860.000007	-120.393315	0.092902	-125.397062	0.097732	-86.731082	-0.275000	-127.596513	-0.246095
7870.000007	-144.482133	0.349201	-124.393857	0.448357	-89.613088	0.087619	-134.050668	-0.162208
7880.000007	-135.658604	-0.216009	-122.636654	0.184139	-88.548006	-0.223116	-121.539298	0.454014
7890.000007	-119.003954	-0.137021	-119.618591	-0.282731	-89.997776	0.033514	-120.620900	-0.074754
7900.000007	-131.560308	-0.472170	-122.101947	-0.487124	-86.869587	-0.009968	-124.580752	0.467453
7910.000007	-136.898824	0.327490	-124.021756	0.128116	-81.356392	-0.162957	-140.793801	-0.015329
7920.000007	-120.449905	-0.012022	-126.840281	-0.039944	-98.020669	-0.486947	-126.628186	0.407801
7930.000007	-123.450821	0.106168	-125.148504	0.359608	-91.822720	-0.116218	-128.293530	-0.126534
7940.000007	-129.642845	-0.313476	-120.976578	-0.195536	-90.239346	-0.396457	-125.617246	-0.474773
7950.000007	-128.916245	0.115732	-132.731260	0.322104	-85.851108	-0.216569	-123.467488	-0.229035
7960.000007	-125.619102	-0.190040	-119.892497	0.426318	-99.196789	-0.015427	-121.917088	-0.383793
7970.000007	-138.497290	0.325577	-130.854380	0.381131	-91.678898	0.172791	-123.407407	-0.418709
7980.000007	-142.127319	-0.282627	-121.287258	-0.446847	-98.644152	0.229394	-132.487278	0.095607
7990.000007	-125.516286	-0.227470	-123.567384	-0.117909	-87.207819	-0.279022	-124.823329	0.273901
8000.000007	-129.887158	0.152195	-124.904839	0.417458	-89.611804	0.387203	-128.672061	-0.392442
8010.000007	-127.093288	-0.218073	-126.347435	0.401181	-93.772382	0.186696	-122.118866	-0.128231
8020.000007	-134.104879	0.281967	-129.003994	0.483445	-92.708886	0.067010	-124.646314	-0.075529
8030.000007	-136.072037	-0.192161	-134.053359	-0.364731	-92.670079	-0.406158	-126.328808	-0.106559
8040.000007	-129.033108	-0.332484	-130.380333	-0.315569	-87.494196	0.382567	-125.570354	-0.057671
8050.000007	-135.873702	-0.272729	-131.235027	0.472203	-91.858510	-0.200218	-127.746325	-0.465158
8060.000007	-128.169847	0.295747	-126.859367	0.262754	-82.271760	0.488283	-135.008520	-0.211886
8070.000007	-121.047709	-0.057423	-122.368153	-0.211643	-89.310931	-0.393660	-119.341064	-0.351468
8080.000007	-124.643829	0.093894	-119.865718	0.305833	-87.539272	-0.268213	-126.680029	-0.153710
8090.000007	-130.169066	0.198545	-126.322207	0.132246	-84.771937	0.408545	-131.451133	0.049947
8100.000007	-125.988906	0.121915	-123.562816	0.495961	-94.968125	-0.044689	-130.433251	-0.361376
8110.000007	-124.082648	0.413602	-131.265400	0.207762	-88.478160	0.215690	-120.737000	-0.391048
8120.000007	-125.246532	-0.128494	-122.942343	-0.007645	-92.657315	-0.118309	-126.017275	0.153058
8130.000007	-126.256112	-0.052547	-117.193199	-0.470579	-98.607641	-0.161564	-127.251216	0.284197
8140.000007	-134.685864	-0.243095	-124.721876	0.329742	-86.621230	0.269541	-131.036202	0.396112
8150.000007	-121.793851	-0.053554	-126.188632	-0.137178	-97.577977	0.016027	-135.566338	-0.206010
8160.000007	-122.123583	-0.056741	-122.745310	-0.402841	-91.647258	0.463926	-121.062366	-0.277636
8170.000007	-123.168769	-0.100590	-120.505172	0.331071	-94.239324	-0.243090	-124.906598	-0.059818
8180.000007	-121.007302	0.101371	-129.650027	0.198413	-90.664712	0.151379	-121.590955	0.188868
8190.000007	-128.613899	-0.138361	-123.232085	-0.294744	-95.006663	0.438359	-139.168606	0.492284
8200.000007	-119.109112	0.416611	-131.949373	-0.142617	-88.587209	-0.224515	-133.390639	-0.385153
8210.000007	-125.639660	0.236445	-130.914686	0.055320	-88.908977	0.496670	-124.611559	-0.126867
8220.000007	-122.457538	0.205059	-128.861405	-0.025349	-94.275658	-0.198947	-129.862937	-0.486552
8230.000007	-126.736409	-0.337411	-126.296950	0.119790	-92.723018	0.207488	-130.814282	-0.036214
8240.000007	-123.308950	-0.051303	-136.622410	0.467024	-85.465944	0.391134	-125.835159	0.271715
8250.000007	-120.741385	-0.264980	-123.701537	0.228022	-91.471441	-0.195814	-125.490048	0.182444
8260.000007	-130.181210	-0.200729	-124.584103	-0.115387	-88.303032	0.120897	-128.312723	-0.127691
8270.000007	-147.182434	0.254679	-125.153038	-0.186245	-101.938221	0.476210	-125.028977	0.141923
8280.000007	-120.930868	0.243006	-131.343663	0.355731	-97.031320	-0.214094	-127.595161	0.241114
8290.000007	-139.495763	-0.297412	-140.028733	-0.297784	-91.994716	-0.021276	-122.440000	-0.220934
8300.000007	-127.654079	0.377956	-125.670229	0.263471	-86.407641	0.090378	-127.616684	0.302034
8310.000007	-120.288552	-0.346712	-121.120287	0.017965	-85.526689	-0.236107	-118.313088	0.009590
8320.000007	-126.473571	-0.461225	-122.583167	0.450143	-91.061222	0.429205	-111.794717	0.384382
8330.000007	-140.400570	-0.428062	-133.186101	0.377238	-91.013819	0.171094	-131.568116	-0.435614
8340.000007	-134.748756	0.068169	-130.273561	-0.381779	-87.225373	0.099848	-124.364947	-0.150587
8350.000007	-124.312562	0.425090	-124.679360	-0.156205	-89.700925	-0.388191	-125.841444	0.280209
8360.000007	-123.706009	0.292207	-125.149276	0.096095	-93.440068	0.339821	-124.441907	0.326970
8370.000007	-122.214164	-0.113059	-130.765694	0.401927	-90.214488	0.254804	-127.116470	-0.105095
8380.000007	-120.709233	0.473281	-122.592730	0.335190	-82.193120	0.063065	-126.056694	0.241810
8390.000007	-123.429103	-0.135452	-128.437338	-0.203616	-90.916329	0.025699	-122.767638	0.319260
8400.000007	-128.197208	-0.434357	-129.242992	-0.083342	-100.360639	-0.063853	-126.184257	0.106039
8410.000007	-128.819755	0.088770	-120.171674	-0.188352	-91.659227	-0.228916	-129.860876	-0.268655
8420.000007	-123.006672	0.380346	-127.003843	0.285790	-92.351948	-0.365549	-125.669513	-0.124711
8430.000007	-140.407329	-0.140630	-128.031463	-0.142272	-85.105592	0.300188	-123.176885	0.168496
8440.000007	-126.955114	0.302740	-125.546684	0.313634	-95.381570	-0.328263	-122.941746	0.276505
8450.000007	-122.356255	-0.066445	-121.104621	-0.095738	-88.782639	-0.400148	-122.855067	-0.308183
8460.000007	-139.034755	-0.489081	-119.016906	0.161100	-86.075539	-0.324090	-126.438603	0.261741
8470.000008	-121.518439	0.112217	-126.166986	0.005303	-90.108420	-0.499158	-126.718037	0.339541
8480.000008	-129.078828	-0.379416	-122.364986	0.367912	-104.942172	-0.089865	-120.536968	-0.392537
8490.000008	-125.874149	-0.279975	-123.800131	-0.041358	-91.784575	-0.096241	-125.955897	-0.433568
8500.000008	-125.433799	0.357229	-119.273496	-0.469235	-102.944133	-0.369909	-124.127770	0.220480
8510.000008	-122.884416	0.077481	-124.098597	-0.062018	-88.624318	0.119294	-126.829827	-0.167641
8520.000008	-130.301403	-0.424942	-129.722225	-0.211886	-85.577447	0.421334	-118.591878	0.290498
8530.000008	-122.197529	0.474907	-125.032746	0.406677	-85.824837	0.219778	-123.250192	-0.269601
8540.000008	-125.703861	-0.050656	-137.751932	0.115453	-92.538349	-0.085618	-123.793996	0.020689
8550.000008	-125.838035	0.365036	-125.722786	0.327584	-94.402125	-0.295495	-125.311258	-0.078916
8560.000008	-121.950534	0.139855	-126.149322	0.070144	-87.288267	-0.279017	-126.169606	-0.481116
8570.000008	-128.016219	0.034754	-128.191100	0.472324	-85.678259	-0.179115	-128.642860	-0.079171
8580.000008	-123.575346	-0.117168	-135.644463	-0.482288	-91.660220	0.418163	-123.331618	-0.277891
8590.000008	-132.142735	-0.358725	-133.197183	0.145109	-93.435629	0.250440	-130.538292	-0.353125
8600.000008	-124.352367	-0.258706	-130.551305	0.338802	-89.026911	0.241399	-130.275750	0.436276
8610.000008	-119.225431	0.455885	-137.425438	0.154130	-99.252460	0.161270	-139.439952	-0.318250
8620.000008	-124.202400	-0.245854	-125.741890	-0.238958	-96.714426	-0.088337	-120.708545	-0.208683
8630.000008	-120.000210	-0.427313	-124.880985	0.186863	-84.850277	-0.156636	-141.409423	0.403259
8640.000008	-123.763273	-0.303217	-124.793973	-0.456157	-85.948678	0.074657	-126.929456	0.220611
8650.000008	-131.947539	-0.081441	-122.321906	-0.494760	-92.211934	-0.472684	-128.876689	0.117963
8660.000008	-125.131416	-0.306743	-129.644105	0.032862	-98.229743	-0.458550	-124.040466	-0.300264
8670.000008	-132.592627	0.372359	-132.576117	0.297026	-92.478374	-0.461133	-119.320231	-0.431614
8680.000008	-128.797351	-0.341497	-119.995263	-0.096405	-95.577185	-0.016460	-124.151560	-0.161788
8690.000008	-127.579318	-0.121653	-129.104257	0.120600	-97.706238	0.045022	-138.668786	0.423449
8700.000008	-126.595056	-0.168351	-122.847340	-0.478765	-86.837456	0.293798	-118.532905	-0.066111
8710.000008	-126.146434	0.040071	-124.666053	-0.003068	-97.547997	-0.133934	-124.201078	0.170712
8720.000008	-136.590600	-0.379068	-125.527823	0.332377	-100.714276	-0.295042	-132.166767	0.198268
8730.000008	-126.820662	-0.384053	-126.903680	0.411465	-96.224096	-0.009424	-126.642905	0.385915
8740.000008	-126.092830	0.086934	-138.308378	-0.262479	-96.443735	0.288512	-126.889356	-0.305275
8750.000008	-125.217265	-0.197527	-126.225208	0.425996	-83.083245	-0.264924	-127.384342	0.459084
8760.000008	-122.387797	-0.048748	-120.610217	-0.282830	-87.606285	-0.293958	-128.310998	-0.279436
8770.000008	-125.397253	-0.270031	-121.932685	-0.429549	-85.124614	-0.339846	-136.458132	-0.107693
8780.000008	-126.628259	-0.281131	-123.828047	-0.310653	-87.478691	0.289878	-132.357282	0.449614
8790.000008	-142.947198	-0.427464	-119.830806	0.388371	-86.360997	0.011232	-120.968130	0.411224
8800.000008	-125.258133	0.437294	-127.956730	-0.474561	-89.933597	-0.315841	-132.449964	-0.088271
8810.000008	-128.047335	-0.452897	-121.704189	0.053051	-85.842522	0.061659	-139.013689	0.435977
8820.000008	-146.636288	-0.060778	-137.055121	0.477401	-93.650461	0.432580	-129.283739	-0.197442
8830.000008	-125.363601	-0.074464	-122.824073	-0.407562	-95.311104	0.356829	-128.732596	-0.040697
8840.000008	-133.671375	-0.494276	-126.904465	0.234644	-91.352218	0.381020	-126.061551	-0.173510
8850.000008	-124.295307	0.057220	-120.503275	-0.189595	-90.266223	0.257189	-128.106387	-0.289097
8860.000008	-132.664957	0.214062	-121.668628	0.450498	-91.083135	-0.414940	-123.546454	-0.058467
8870.000008	-132.935055	0.341008	-117.368336	-0.394714	-104.305139	0.023995	-130.495156	-0.235714
8880.000008	-119.986332	0.312428	-129.376665	-0.489905	-86.244670	0.306584	-160.765977	0.024911
8890.000008	-125.087415	0.481758	-124.376035	0.077884	-100.522705	0.154044	-120.640289	0.001824
8900.000008	-128.161723	-0.139144	-126.626092	-0.352482	-91.518036	0.435731	-125.808677	-0.368633
8910.000008	-132.784777	0.277572	-121.772135	-0.140808	-94.000693	0.252086	-125.589581	0.164603
8920.000008	-125.550398	-0.472852	-121.046089	0.377228	-101.763036	0.076681	-125.410528	0.027904
8930.000008	-145.743298	0.004880	-122.946476	0.206290	-91.147793	-0.121894	-124.076465	0.471213
8940.000008	-123.818564	-0.062937	-125.561772	-0.474868	-84.792619	0.005537	-132.354727	-0.157296
8950.000008	-119.779816	-0.004796	-124.326364	-0.045353	-92.030532	0.029132	-126.606353	-0.066349
8960.000008	-127.755402	0.328895	-119.985938	0.446879	-95.003301	0.387024	-94.768354	0.081670
8970.000008	-123.868524	-0.075388	-118.915800	0.492841	-84.180275	0.222574	-122.840569	-0.081282
8980.000008	-145.914406	0.052618	-130.897022	0.371250	-93.479995	-0.259365	-122.096521	0.331126
8990.000008	-141.918684	-0.293681	-121.546076	-0.080107	-96.382897	0.476207	-127.414008	-0.217083
9000.000008	-117.898700	0.475349	-123.849143	-0.378885	-90.571760	0.139159	-124.791944	0.404224
9010.000008	-124.448689	-0.105132	-131.090285	0.193248	-98.077542	0.120413	-129.451733	-0.477127
9020.000008	-121.557177	0.259880	-127.850344	0.011889	-88.077784	-0.316814	-123.260430	0.419604
9030.000008	-155.659598	-0.268709	-121.211313	-0.003869	-99.134096	0.188249	-122.726392	-0.138164
9040.000008	-128.163710	0.094200	-129.410779	0.238352	-83.784082	-0.497225	-122.041839	-0.198572
9050.000008	-129.739785	0.377959	-130.552854	-0.443249	-82.967700	-0.018372	-136.477167	-0.053446
9060.000008	-129.440053	-0.097187	-144.233352	-0.410347	-95.162175	0.388319	-134.567595	0.098212
9070.000008	-126.063416	-0.142659	-142.604543	0.006020	-87.496606	0.327184	-138.754844	0.091474
9080.000008	-130.438197	-0.214406	-125.874698	-0.294820	-83.046316	0.210685	-121.905418	0.015020
9090.000008	-126.046914	-0.099151	-118.851332	-0.166286	-91.721755	-0.287592	-124.055121	0.417009
9100.000008	-125.163373	0.272140	-124.415241	0.194783	-99.988384	-0.191230	-125.988871	-0.362235
9110.000008	-125.757677	0.083594	-126.417124	0.087626	-87.278338	-0.367879	-127.571019	-0.051003
9120.000008	-132.261905	-0.048427	-123.494221	-0.332181	-95.004397	-0.268288	-126.812905	-0.442488
9130.000008	-130.663186	-0.420831	-122.571485	0.458675	-90.380813	-0.474030	-126.244117	0.349440
9140.000008	-123.615496	-0.047144	-134.569316	0.000920	-92.637703	-0.353294	-119.374968	0.238567
9150.000008	-145.260544	-0.377741	-138.177078	-0.483476	-82.799896	-0.130617	-125.004759	0.473303
9160.000008	-124.813606	-0.000611	-122.746170	-0.323099	-91.028025	0.349795	-136.843014	0.438354
9170.000008	-121.752178	-0.233475	-133.732075	0.337611	-93.849195	-0.150225	-128.322868	0.048848
9180.000008	-124.089898	0.130910	-129.893269	0.070092	-103.632778	0.264020	-122.762965	-0.044925
9190.000008	-121.749467	-0.348085	-126.758566	-0.396783	-119.478275	0.046587	-127.582909	0.180762
9200.000008	-127.247066	0.009872	-129.154885	0.286369	-92.200744	-0.179437	-152.051156	0.224951
9210.000008	-127.496889	-0.255073	-121.631413	-0.385429	-94.296528	-0.152793	-128.162307	0.432919
9220.000008	-132.446225	0.162313	-124.303419	0.094093	-93.926664	-0.152711	-130.473269	0.367538
9230.000008	-124.259148	-0.036882	-123.804612	-0.071593	-91.257006	0.303050	-123.425672	0.015941
9240.000008	-121.196594	-0.431383	-140.299277	-0.047177	-99.224334	0.157522	-121.224261	0.189275
9250.000008	-122.114200	0.371541	-120.882533	0.249613	-91.835760	0.173287	-122.048424	0.111928
9260.000008	-123.945390	-0.223253	-121.686128	-0.172145	-101.613211	-0.004919	-131.718544	0.419111
9270.000008	-123.336115	-0.491812	-127.050573	-0.254912	-92.476425	0.454826	-119.078489	-0.296626
9280.000008	-127.613195	-0.419686	-119.252642	-0.247733	-85.582009	0.107902	-123.293345	0.281952
9290.000008	-128.136493	-0.364682	-125.694312	-0.114717	-97.357643	-0.139093	-125.619331	-0.254311
9300.000008	-122.577449	0.284606	-126.440493	0.362474	-89.355589	-0.393437	-122.641851	-0.483110
9310.000008	-120.773967	-0.038889	-120.595519	-0.040802	-93.656360	-0.308795	-132.805362	0.226206
9320.000008	-118.873737	-0.360350	-123.637006	-0.270158	-82.430433	-0.377700	-121.438485	-0.178788
9330.000008	-129.984176	0.388382	-121.904257	0.393396	-84.607098	-0.050426	-124.006556	-0.490277
9340.000008	-140.321868	0.280525	-125.176315	0.479241	-89.267672	-0.299714	-129.403660	0.384356
9350.000008	-123.893789	0.457309	-130.526603	-0.107402	-97.201013	0.131179	-119.504732	0.399718
9360.000008	-126.356391	-0.084684	-126.590541	-0.357856	-94.194824	0.063345	-134.856180	-0.419277
9370.000008	-135.799795	-0.416969	-142.782568	0.079819	-92.240377	-0.051853	-124.856398	0.173353
9380.000008	-122.607929	-0.348904	-127.452717	-0.083630	-90.602488	-0.008376	-120.678445	0.118481
9390.000008	-128.497460	0.396716	-131.871551	-0.414568	-93.370440	-0.060092	-132.420892	-0.461165
9400.000008	-135.906499	-0.323473	-127.584729	-0.279456	-96.236002	0.400062	-120.456174	-0.171344
9410.000008	-127.035625	-0.247038	-125.384042	0.084505	-88.912281	0.196141	-122.622387	0.099337
9420.000008	-134.423980	-0.153412	-119.896887	0.295229	-88.819217	0.172852	-131.609557	0.374949
9430.000008	-124.404169	-0.264643	-122.228074	0.297892	-93.990386	-0.334632	-127.097256	-0.250609
9440.000008	-125.485931	0.336866	-122.737447	0.005529	-82.444237	-0.123856	-130.886156	-0.013328
9450.000008	-129.378350	0.073635	-122.071586	0.173841	-87.897480	-0.253541	-123.013086	0.039748
9460.000008	-137.557936	0.467817	-138.886610	0.468611	-85.453886	-0.495608	-122.953826	0.079363
9470.000008	-120.582340	0.250480	-132.891876	0.327541	-88.552944	-0.246247	-129.102502	0.096654
9480.000008	-122.526502	-0.003668	-124.988863	0.307883	-88.718768	-0.326945	-131.000658	0.255911
9490.000008	-129.450596	0.492858	-123.199428	-0.412737	-83.244220	0.171196	-121.095966	-0.335739
9500.000008	-128.892910	-0.467078	-130.207409	0.050192	-95.007489	-0.145574	-125.946133	-0.378112
9510.000008	-124.739237	-0.107479	-126.508025	0.331452	-101.766423	-0.024913	-121.174981	0.052620
9520.000008	-131.777955	0.085158	-136.040191	0.075079	-85.415140	-0.019357	-130.674767	0.332350
9530.000008	-117.232670	-0.153760	-121.931091	-0.155745	-86.575153	0.045341	-126.701153	-0.133911
9540.000008	-122.829780	0.496089	-125.485987	0.330802	-99.737696	-0.049442	-125.073705	-0.408078
9550.000008	-131.087073	-0.170136	-128.106915	0.213089	-84.601854	-0.183729	-131.505478	0.074837
9560.000008	-125.050781	0.401576	-123.743342	-0.410372	-87.350119	0.400463	-127.704409	-0.253433
9570.000008	-122.477534	0.476601	-127.261321	-0.476268	-86.199752	0.119714	-124.680216	0.222653
9580.000008	-126.787654	-0.000874	-131.539215	-0.000877	-96.527225	0.023626	-134.432052	-0.262157
9590.000008	-125.816915	-0.281590	-130.108450	-0.475384	-91.089620	0.329349	-119.175744	0.012308
9600.000009	-129.052975	-0.487629	-135.968903	-0.434562	-99.852939	-0.046595	-120.060572	0.444893
9610.000009	-121.795670	0.380836	-131.647626	-0.492568	-101.879703	0.287883	-124.356728	0.291363
9620.000009	-118.665942	-0.355961	-128.956105	-0.239665	-92.486721	0.487581	-136.138054	0.392256
9630.000009	-124.349582	0.096825	-133.880983	0.403424	-99.206837	0.458672	-125.971754	-0.447618
9640.000009	-121.422838	-0.253739	-127.955412	-0.004024	-85.606133	0.484094	-123.706888	-0.072258
9650.000009	-138.819746	0.280851	-133.936240	0.430004	-88.238312	0.017672	-126.114972	0.208513
9660.000009	-126.916725	0.088635	-132.024223	-0.144734	-85.596584	-0.293411	-119.818471	-0.216636
9670.000009	-133.586548	0.479175	-132.220291	-0.078839	-88.662206	-0.440884	-122.001310	-0.463166
9680.000009	-121.669005	0.226297	-127.103021	0.246308	-93.093465	-0.474773	-128.288449	-0.389735
9690.000009	-128.309078	0.223964	-123.118856	-0.278382	-85.437323	-0.471666	-134.390240	-0.434754
9700.000009	-130.282936	0.404921	-126.901186	0.175321	-103.838559	-0.025580	-128.210622	-0.316329
9710.000009	-122.661366	-0.448657	-125.590650	-0.177905	-92.336929	-0.020775	-127.417200	0.352863
9720.000009	-125.467834	-0.484940	-127.387986	0.083087	-83.044999	0.333922	-128.539400	-0.218311
9730.000009	-122.907041	-0.280557	-126.385272	-0.333816	-85.702987	0.197490	-121.319257	0.348657
9740.000009	-134.777647	0.466775	-128.371655	0.022060	-85.977893	0.420586	-121.697025	-0.410815
9750.000009	-118.314590	0.055682	-125.776998	0.106643	-98.421536	0.093409	-124.423726	-0.223689
9760.000009	-122.143904	0.379829	-126.877154	-0.336515	-94.705817	-0.422621	-125.831721	-0.002257
9770.000009	-123.010178	0.372835	-126.520037	-0.180308	-96.816684	-0.412439	-122.629869	-0.337332
9780.000009	-135.643158	0.081402	-127.689058	-0.272196	-87.018290	-0.456762	-126.606756	0.016308
9790.000009	-126.110024	-0.125931	-131.088339	0.050732	-92.887752	0.343861	-135.164425	0.305317
9800.000009	-122.358589	-0.141375	-133.445013	-0.036144	-92.297217	0.054503	-143.136870	0.142620
9810.000009	-130.300020	-0.110697	-128.399867	0.403267	-84.876131	-0.453705	-126.499353	-0.113135
9820.000009	-130.189974	0.411504	-121.745156	0.182567	-84.534865	0.162094	-130.213912	0.196417
9830.000009	-124.688865	-0.210128	-128.016934	-0.007846	-86.784578	-0.397894	-123.314885	-0.396341
9840.000009	-128.535106	-0.164940	-127.577963	-0.367217	-88.345128	-0.008599	-122.504756	-0.322008
9850.000009	-133.039840	0.475828	-127.929535	0.272652	-86.638857	-0.116389	-119.459249	0.436235
9860.000009	-128.885191	0.368251	-129.958469	0.010947	-94.753260	0.326298	-139.630470	0.499784
9870.000009	-123.477623	-0.247686	-127.746904	0.451475	-94.449132	-0.373802	-129.950183	0.288882
9880.000009	-133.723440	-0.214231	-126.606378	-0.489743	-85.679899	0.241023	-124.834757	-0.307132
9890.000009	-130.864850	-0.172149	-141.780716	-0.002243	-89.784512	0.313740	-121.224284	-0.089444
9900.000009	-122.194198	0.208204	-128.676053	0.321151	-84.896055	0.034266	-121.061196	-0.059464
9910.000009	-138.726686	-0.425976	-128.132149	-0.349040	-98.689029	-0.186050	-121.486467	0.196353
9920.000009	-119.859535	0.242381	-125.778582	-0.411580	-96.147718	-0.164320	-133.882175	-0.055997
9930.000009	-122.776063	-0.014649	-129.989490	-0.430879	-89.004891	-0.223828	-134.626077	-0.258186
9940.000009	-121.280605	0.147400	-133.517287	-0.204788	-93.836401	-0.492141	-128.542401	0.042906
9950.000009	-123.280851	-0.056383	-135.970947	-0.337059	-90.900849	0.454414	-121.340440	-0.252372
9960.000009	-127.357399	-0.272062	-121.990881	0.435090	-89.019279	-0.333281	-123.311127	-0.227265
9970.000009	-130.905575	0.279149	-121.266358	0.435988	-96.151718	-0.274850	-124.972087	0.246241
9980.000009	-122.316196	-0.156652	-126.224435	0.021450	-90.431233	-0.480135	-130.969292	0.090335
9990.000009	-130.228694	0.207683	-125.775166	-0.450857	-102.668554	-0.444756	-122.260332	-0.135089
10000.000009	-128.559982	-0.237551	-124.168608	-0.309704	-97.833355	0.337443	-126.399849	-0.260475
