% f35.txt
% Date Sat, Jun 26, 2021 5:12 PM
% Sine seq
% Response spectrum
% Stim level (V pk) 0.500, 0 dB filter gain, 120.0 dB attenuation
% Stim RMS (V) 0.000
% Freq [Hz]	Ch0 Mag [dB]	Ch0 Phase [cyc]	Ch1 Mag [dB]	Ch1 Phase [cyc]	Ch2 Mag [dB]	Ch2 Phase [cyc]	Ch3 Mag [dB]	Ch3 Phase [cyc]
%%end
100.000000	-116.087032	-0.469288	-120.235985	0.037541	-77.889896	-0.366207	-115.922686	0.250075
200.000000	-124.766799	-0.160457	-117.134961	-0.447669	-66.014631	-0.189670	-123.558056	-0.343025
300.000000	-107.731553	-0.338424	-106.990447	0.180858	-61.085622	0.090649	-110.342100	0.424634
400.000000	-110.025997	-0.231406	-113.092393	-0.202314	-62.346757	0.072048	-122.297411	0.269514
500.000000	-114.758498	-0.129910	-118.840595	-0.264799	-80.715370	0.411687	-115.639578	-0.110301
600.000000	-125.131058	0.256896	-117.301258	-0.165378	-60.334937	0.205318	-115.369791	0.181144
700.000000	-119.466693	0.015290	-114.869753	0.039624	-75.098142	-0.478622	-117.748914	0.188879
800.000000	-121.963584	-0.164891	-118.590129	-0.030848	-73.089629	-0.043731	-117.117061	0.057810
900.000000	-120.197225	0.216147	-124.756403	0.470139	-70.112707	-0.229976	-118.755054	0.220613
1000.000000	-124.875306	0.162304	-123.401110	-0.437721	-74.837025	-0.196487	-120.744287	0.263128
1100.000001	-132.515613	0.079142	-125.396745	-0.149012	-72.863745	-0.163928	-127.606265	0.337237
1200.000001	-116.900386	-0.469192	-115.915606	-0.343187	-76.783905	-0.153925	-122.903191	-0.408555
1300.000001	-121.363321	0.451718	-122.249226	-0.157727	-76.515983	0.360220	-124.023750	-0.331264
1400.000001	-117.064426	0.349611	-115.740632	0.390543	-71.519298	0.318936	-128.006252	0.377093
1500.000001	-119.702540	-0.089846	-111.994552	0.130597	-70.796979	-0.441456	-119.472203	-0.374313
1600.000001	-117.915467	0.075426	-133.747041	-0.485405	-65.138834	-0.273862	-116.834501	0.347541
1700.000001	-121.001747	-0.211192	-127.202228	0.397638	-70.168087	0.040938	-119.611835	0.197236
1800.000001	-117.792121	-0.384120	-124.261841	0.189758	-77.627414	0.014318	-119.832186	0.313008
1900.000001	-115.347525	0.197884	-120.846938	-0.472146	-82.981755	-0.438767	-116.329901	0.246293
2000.000001	-112.636445	0.219280	-115.748237	0.106951	-82.308434	0.161992	-133.976210	-0.297748
2100.000001	-120.197624	-0.235535	-117.766086	-0.482354	-75.501505	0.471509	-115.161846	-0.173518
2200.000001	-125.208756	0.268916	-123.266350	0.460558	-77.504987	-0.311313	-115.094507	-0.354266
2300.000001	-122.964604	-0.413528	-118.330916	0.487216	-76.700688	0.272991	-119.518664	0.396664
2400.000001	-114.535457	0.059705	-123.946857	0.328444	-89.015252	-0.024053	-124.562739	-0.046467
2500.000001	-121.756169	-0.210071	-133.892745	-0.436728	-77.495044	-0.405931	-117.642242	0.131216
2600.000001	-120.275063	-0.061102	-111.323887	0.244978	-73.681356	0.026466	-119.279886	-0.102906
2700.000001	-121.314818	0.430431	-121.337011	0.193553	-81.670450	0.157147	-123.170366	0.215956
2800.000001	-120.793928	-0.036735	-127.479181	-0.413253	-70.839513	0.469540	-126.474343	0.469938
2900.000001	-118.331864	-0.202321	-117.500823	-0.190260	-79.626875	-0.438625	-130.638767	-0.433539
3000.000001	-119.536440	0.416428	-115.853268	0.196360	-76.490467	-0.256830	-109.931259	0.283003
3100.000001	-114.390145	-0.358501	-125.971322	-0.353123	-72.757736	0.116410	-120.304179	0.474704
3200.000001	-126.067223	0.239204	-122.409772	-0.005339	-77.560037	0.431449	-115.946177	-0.038668
3300.000002	-117.869117	0.360846	-122.601775	0.430624	-79.902623	-0.088669	-125.465319	0.290770
3400.000002	-130.851330	0.253493	-112.024848	-0.164022	-86.701036	0.306313	-114.873289	-0.254985
3500.000002	-116.007401	-0.001750	-118.702025	0.050097	-80.633001	0.385782	-114.467366	-0.179227
3600.000002	-121.856657	0.355913	-131.958238	0.442468	-76.445188	0.431028	-118.499427	0.239024
3700.000002	-118.715493	0.333538	-123.423794	0.299069	-76.853081	-0.134840	-105.720470	-0.132219
3800.000002	-121.253407	0.022457	-128.867683	0.085297	-83.060334	-0.199931	-117.294131	-0.408372
3900.000002	-121.259422	-0.408192	-120.534341	0.211687	-73.720377	0.277501	-117.225292	0.026960
4000.000002	-114.334165	-0.190231	-119.213872	0.079336	-79.035044	-0.300594	-118.433830	0.062150
4100.000002	-133.343131	0.410422	-125.358403	-0.238251	-99.376070	0.074840	-127.413170	-0.025955
4200.000002	-115.961134	0.388754	-116.021836	0.378268	-77.846225	-0.390227	-130.744218	0.441692
4300.000002	-119.668391	-0.126868	-117.168124	-0.292029	-82.811833	-0.471143	-115.938312	0.437699
4400.000002	-115.590137	0.209227	-125.566487	0.474188	-69.988723	0.062572	-118.196404	-0.342610
4500.000002	-121.789552	-0.239408	-118.782210	0.118935	-81.912059	0.171319	-116.928732	0.167610
4600.000002	-123.595263	0.140972	-114.154638	0.276811	-73.848841	0.331022	-121.464106	0.137403
4700.000002	-115.500522	-0.324671	-117.576178	-0.300863	-73.087996	0.062781	-129.439862	0.071778
4800.000002	-117.777688	-0.047087	-119.660750	0.027652	-89.667885	0.180910	-117.971329	-0.028907
4900.000002	-124.919387	-0.444190	-113.442269	-0.461435	-72.150623	-0.438436	-118.390492	0.052636
5000.000002	-114.741961	0.269326	-120.385781	-0.464861	-81.102023	-0.201812	-118.737616	0.417731
5100.000002	-118.042430	0.197402	-122.688021	0.303437	-81.338551	0.354364	-123.700436	0.459934
5200.000002	-125.510740	-0.497693	-123.151102	0.375147	-79.574594	-0.276828	-125.477349	-0.141854
5300.000002	-116.789340	-0.041874	-117.465112	0.224342	-72.115234	-0.425824	-124.071756	0.151939
5400.000002	-130.096582	-0.388948	-129.873052	-0.153671	-88.961198	0.271395	-128.723206	0.196008
5500.000003	-121.905659	0.160967	-117.293463	0.233845	-82.629910	-0.049633	-123.155039	-0.083777
5600.000003	-117.592874	-0.076803	-117.380163	-0.069412	-80.313867	0.167963	-123.379734	0.069213
5700.000003	-119.102506	-0.182005	-124.372489	-0.347116	-80.792852	0.068724	-117.650142	-0.309343
5800.000003	-120.327008	0.279914	-123.901146	-0.235855	-76.814016	0.050128	-117.232703	-0.237001
5900.000003	-117.664123	-0.129677	-120.899754	0.378041	-76.881535	-0.375216	-121.506028	0.218731
6000.000003	-125.363813	-0.072481	-118.382913	0.060349	-73.869562	-0.292300	-114.738443	0.279061
6100.000003	-121.997877	0.019386	-116.234963	-0.007876	-73.820712	0.396528	-117.042156	0.228132
6200.000003	-118.293626	0.165753	-115.348570	-0.456353	-76.254737	0.222555	-114.453332	0.186308
6300.000003	-115.624122	0.157596	-113.026188	-0.087646	-86.363916	-0.069621	-117.391595	0.054018
6400.000003	-126.018145	0.034769	-118.422048	-0.065944	-74.950420	-0.431845	-120.844434	-0.024022
6500.000003	-131.295155	-0.450413	-125.295427	-0.333031	-82.173624	-0.358116	-121.219157	-0.070125
6600.000003	-126.263712	-0.018078	-124.555496	0.078064	-79.836289	-0.235793	-130.261549	0.067275
6700.000003	-112.550395	0.166806	-122.009883	0.214790	-17.661602	0.260856	-21.402970	-0.219268
6800.000003	-115.132319	-0.091748	-119.290650	-0.150699	-87.688931	0.271092	-147.599352	-0.446973
6900.000003	-126.898612	0.076294	-117.493835	0.041984	-74.653665	-0.085370	-118.041303	0.102818
7000.000003	-117.120957	-0.166851	-124.503318	-0.077244	-75.035789	-0.153778	-138.473122	-0.421667
7100.000003	-129.374505	0.400824	-115.802540	-0.126645	-86.396209	-0.012463	-120.241580	-0.495670
7200.000003	-111.345545	-0.040462	-121.800722	0.112313	-81.064285	0.120187	-117.425459	0.060992
7300.000003	-127.911057	-0.018993	-120.527387	0.064013	-76.811575	-0.033829	-131.763344	-0.320081
7400.000003	-141.374141	-0.494695	-125.920527	0.157984	-75.290411	-0.168966	-116.789960	-0.313373
7500.000003	-124.153856	-0.100009	-120.576529	0.484274	-79.056724	-0.227011	-132.710521	-0.000389
7600.000004	-126.352230	0.233534	-122.567922	-0.114338	-80.766904	0.094368	-132.767589	-0.281762
7700.000004	-132.519005	-0.137645	-120.808704	-0.070668	-74.045741	-0.311215	-122.465326	0.066444
7800.000004	-124.217520	0.461387	-125.968085	-0.031177	-78.965500	-0.441658	-125.635776	0.321712
7900.000004	-124.183849	0.338078	-122.101489	0.277462	-70.030193	0.055139	-116.678846	0.319722
8000.000004	-131.342296	-0.481328	-119.943198	0.026325	-84.648611	0.094506	-117.955117	-0.032825
8100.000004	-119.698566	0.087982	-125.991158	-0.461709	-77.058293	0.049048	-111.379976	0.044846
8200.000004	-120.345746	0.011727	-119.196671	0.390361	-94.351392	-0.050139	-122.715960	0.398886
8300.000004	-120.618334	-0.270897	-119.085845	-0.485954	-86.741817	-0.122239	-114.943699	0.387505
8400.000004	-118.064369	0.189187	-125.382674	0.244414	-90.264488	0.092498	-124.041716	0.109205
8500.000004	-121.637561	0.394864	-119.523541	0.122772	-77.109214	0.379906	-136.229021	-0.347527
8600.000004	-116.951831	0.446192	-119.501682	0.287806	-84.324521	-0.035051	-118.307215	0.321532
8700.000004	-112.630626	0.155160	-117.055266	0.064451	-83.705879	-0.127994	-123.750007	0.258158
8800.000004	-122.608862	-0.150604	-122.592317	-0.203729	-79.610078	-0.200212	-122.859796	-0.215655
8900.000004	-127.389063	0.447421	-125.319105	-0.227785	-77.754175	-0.411425	-121.421579	0.484116
9000.000004	-127.131202	-0.408068	-129.139196	0.163878	-82.341991	0.041147	-122.527227	0.147914
9100.000004	-117.568372	-0.324190	-121.432985	-0.300916	-81.058586	0.271879	-113.135382	-0.204471
9200.000004	-124.125037	0.429942	-121.401654	0.219582	-77.520681	0.384668	-113.287746	-0.438026
9300.000004	-122.489587	0.424167	-116.416663	0.191278	-90.437426	-0.270489	-124.942432	-0.375082
9400.000004	-116.662848	-0.403786	-117.750917	0.472421	-84.070519	-0.296997	-113.063539	0.334631
9500.000004	-117.181352	0.102066	-122.998755	0.405976	-92.329779	0.036050	-122.885962	0.325757
9600.000004	-113.836814	0.339499	-130.084807	0.191130	-77.851596	0.256032	-121.091436	0.490688
9700.000004	-116.014976	0.489337	-115.609713	-0.333323	-79.997564	0.230638	-108.738162	0.223667
9800.000005	-123.358714	0.176896	-122.531842	0.034774	-72.899016	-0.412000	-123.316806	0.392533
9900.000005	-118.788843	0.368884	-114.417916	0.431211	-75.730546	-0.249994	-123.506253	-0.192237
10000.000005	-119.338277	0.107259	-125.616462	-0.074015	-78.846184	-0.474628	-119.805334	0.181058
10100.000005	-120.950522	0.241832	-122.263063	0.338980	-80.488545	-0.187824	-120.142917	-0.025021
10200.000005	-115.482875	-0.022646	-116.745495	0.210195	-83.136701	-0.425348	-126.002324	-0.399040
10300.000005	-115.078303	-0.021665	-118.484755	0.487725	-74.597513	-0.208820	-117.360865	0.156052
10400.000005	-119.010073	0.259656	-122.405334	-0.431083	-78.940072	-0.046478	-120.194180	-0.495630
10500.000005	-120.252172	0.169394	-118.922180	0.174172	-81.620463	0.195025	-124.216112	0.307326
10600.000005	-117.984613	-0.149881	-122.577646	0.395768	-89.705637	-0.164654	-123.802944	0.072533
10700.000005	-123.832232	-0.348796	-121.113853	-0.481551	-77.441323	-0.469851	-118.794948	-0.373744
10800.000005	-110.089023	0.253669	-112.852913	0.350023	-78.660670	-0.088054	-115.333682	-0.420208
10900.000005	-117.427178	-0.107168	-116.248522	-0.055623	-91.123493	-0.192855	-119.822925	-0.092844
11000.000005	-120.289022	0.365791	-114.707355	0.491139	-75.396158	0.179869	-131.249488	-0.072444
11100.000005	-118.356636	0.012240	-118.962921	0.487333	-76.352611	-0.045988	-112.040041	0.199066
11200.000005	-118.391985	0.150877	-117.993937	0.356225	-85.495260	0.071632	-121.063408	0.250728
11300.000005	-121.760115	0.055417	-116.845726	-0.009163	-85.908684	0.057746	-113.529235	0.160677
11400.000005	-117.908918	-0.115343	-114.720282	-0.180112	-83.540641	-0.221525	-110.117331	-0.223013
11500.000005	-120.507659	-0.132854	-119.949039	-0.249084	-81.939342	-0.341762	-131.824134	-0.066933
11600.000005	-118.825058	-0.404544	-126.180458	-0.285839	-85.335841	0.455628	-118.612667	0.276179
11700.000005	-120.372225	-0.117806	-118.972776	-0.209464	-78.304156	0.088143	-122.518543	0.486127
11800.000005	-114.407366	-0.359350	-110.243774	-0.304240	-76.938482	-0.242746	-110.239325	-0.406678
11900.000005	-120.725944	-0.247549	-120.532027	-0.482879	-79.744800	-0.412349	-120.879519	0.036698
12000.000006	-123.063198	0.336529	-126.450497	0.376551	-79.222300	0.430375	-146.894826	-0.265522
12100.000006	-115.794847	-0.452552	-113.370446	-0.470003	-72.468463	-0.295274	-114.267355	0.464207
12200.000006	-127.350994	0.247104	-114.811398	0.320480	-76.898186	-0.429946	-122.226966	0.055370
12300.000006	-114.959259	-0.203279	-118.286483	-0.057854	-80.112052	-0.271619	-118.617040	-0.153262
12400.000006	-119.204537	0.296701	-135.225864	0.193217	-76.561506	0.276075	-115.987213	0.353256
12500.000006	-117.999507	-0.152571	-126.014535	0.256464	-83.149019	-0.136535	-114.597307	-0.167343
12600.000006	-116.008633	0.131203	-122.460754	-0.004082	-77.804124	-0.166504	-113.246837	-0.235247
12700.000006	-124.563747	-0.269251	-116.800214	-0.259717	-90.957425	-0.012428	-112.452466	-0.316406
12800.000006	-114.387314	-0.044034	-111.817605	-0.108848	-74.575294	-0.254125	-113.863975	0.071289
12900.000006	-119.454669	0.494837	-117.068206	0.453474	-75.013836	0.491414	-128.587125	-0.238652
13000.000006	-121.728300	-0.376560	-117.446281	0.327759	-83.867621	-0.213935	-119.370076	0.337121
13100.000006	-115.835377	0.387565	-116.099068	0.469877	-80.639182	-0.138372	-116.708465	0.457565
13200.000006	-122.688584	0.128608	-124.115532	0.033347	-86.920331	0.408643	-114.840211	0.255350
13300.000006	-113.941111	0.411005	-114.454940	0.483890	-76.547622	-0.292090	-114.386550	-0.475713
13400.000006	-114.385261	-0.071741	-114.713649	-0.051210	-77.043622	0.285938	-102.416853	-0.399189
13500.000006	-118.658221	-0.053107	-112.854754	-0.360104	-86.418915	-0.122901	-113.070554	-0.070464
13600.000006	-135.980529	0.406511	-124.306865	-0.486986	-89.822788	-0.208593	-128.122315	-0.253442
13700.000006	-114.689140	0.056815	-125.103911	0.366138	-89.034440	0.442350	-122.107356	0.031470
13800.000006	-111.142184	-0.301662	-116.480150	-0.219495	-87.657697	-0.245318	-111.363168	-0.210667
13900.000006	-112.298810	0.247233	-113.488397	0.182251	-74.951450	0.014039	-115.736899	0.198674
14000.000006	-117.145376	-0.146673	-116.501582	-0.068296	-76.267032	-0.090166	-117.201009	-0.183691
14100.000006	-114.331944	-0.402933	-112.494074	-0.296577	-82.158096	0.341365	-120.110742	-0.274788
14200.000007	-117.683330	0.066197	-118.089189	-0.394675	-78.158643	-0.367489	-115.182829	0.072573
14300.000007	-116.846472	-0.114704	-117.490836	-0.113166	-83.171001	-0.245245	-130.570808	-0.243841
14400.000007	-116.122052	0.180312	-113.918503	0.100584	-87.461524	-0.148979	-115.185234	0.277363
14500.000007	-117.029744	0.240694	-114.956536	0.498162	-77.588440	-0.024632	-117.738715	0.308132
14600.000007	-114.590456	0.263559	-117.943263	0.320696	-81.220844	-0.070318	-119.433564	0.063531
14700.000007	-114.236380	-0.171307	-116.797163	-0.217548	-80.779515	0.094732	-113.334486	-0.222195
14800.000007	-112.997815	0.074082	-111.497932	0.140329	-80.941897	0.096309	-113.003412	0.137590
14900.000007	-125.428609	-0.250396	-123.162438	-0.135666	-92.364875	-0.480029	-119.865136	-0.277478
15000.000007	-113.976412	-0.101998	-115.790712	-0.022821	-90.008701	0.005523	-120.713314	-0.320906
15100.000007	-118.508386	0.297433	-109.170192	0.441637	-81.615062	0.180326	-115.757009	0.416985
15200.000007	-114.395098	-0.053209	-112.671923	-0.029773	-86.263968	-0.228690	-112.623176	0.113627
15300.000007	-123.049073	-0.434583	-119.279697	0.000305	-84.094947	0.167145	-125.813954	0.336951
15400.000007	-112.294392	0.333687	-117.337746	0.297318	-88.592783	-0.330485	-112.107304	0.301819
15500.000007	-114.441945	-0.010196	-112.450099	0.112045	-78.273932	-0.135214	-112.470979	0.146566
15600.000007	-115.510291	-0.015092	-120.313710	0.209829	-86.817891	-0.329837	-127.198416	0.287627
15700.000007	-114.408559	-0.183018	-111.458562	-0.178231	-83.362810	-0.397445	-115.689503	-0.290012
15800.000007	-118.410767	-0.110417	-115.581704	-0.022702	-84.466144	-0.080997	-115.253054	0.020506
15900.000007	-114.608770	0.308224	-116.384552	0.390945	-85.381716	-0.386620	-116.713984	0.233036
16000.000007	-115.464009	0.147344	-119.591305	0.036988	-82.912661	-0.468769	-128.934296	0.421848
16100.000007	-119.193573	0.239884	-114.589698	0.300666	-85.557666	0.124972	-114.514013	0.339182
16200.000007	-115.830489	0.240318	-111.936938	0.189413	-82.241159	-0.172426	-112.877707	0.246108
16300.000008	-117.671955	0.033449	-115.237664	0.052429	-86.179026	0.293453	-116.430237	0.035238
16400.000008	-120.637293	-0.228656	-119.783270	-0.268190	-88.106381	0.251370	-112.195557	-0.381095
16500.000008	-109.140291	0.366985	-116.504997	0.359476	-82.321164	0.266173	-131.920066	0.493270
16600.000008	-115.286785	-0.257634	-125.857997	0.091436	-87.467521	-0.078643	-112.990237	0.017846
16700.000008	-121.017760	-0.029191	-117.245515	-0.397786	-87.015631	-0.196903	-113.922627	-0.408576
16800.000008	-127.231698	0.068417	-124.807814	-0.062533	-85.668320	0.391254	-119.160848	0.119141
16900.000008	-114.617155	-0.167168	-118.071767	-0.203898	-88.902529	-0.088727	-113.530165	-0.158241
17000.000008	-120.761017	0.346943	-120.437597	0.189817	-86.452872	0.335790	-116.516163	0.402475
17100.000008	-117.286931	-0.320843	-118.730274	-0.119993	-77.835257	0.473434	-106.711999	-0.072257
17200.000008	-113.251673	0.037861	-112.186833	0.080305	-89.275351	0.340188	-113.439534	0.119312
17300.000008	-120.604167	-0.083165	-118.716567	0.142839	-81.676372	-0.166722	-117.608500	0.117523
17400.000008	-113.515029	0.489134	-110.133997	0.400539	-86.179030	-0.363254	-115.606376	-0.425613
17500.000008	-120.497659	-0.276229	-119.148726	0.068191	-83.523540	-0.028198	-133.700365	0.317028
17600.000008	-120.744480	0.190219	-119.369262	-0.390097	-83.763023	-0.221006	-131.882692	0.189765
17700.000008	-117.787478	0.328058	-127.006482	-0.454968	-78.368914	-0.446779	-118.602225	0.360352
17800.000008	-115.357423	-0.277765	-118.599156	-0.242085	-80.800345	-0.194504	-113.668327	-0.237910
17900.000008	-120.005102	0.364854	-121.869690	0.362736	-79.674211	0.373860	-126.212118	-0.498905
18000.000008	-124.626568	0.365505	-125.330951	0.098349	-93.514091	0.061860	-123.555262	0.036651
18100.000008	-114.644244	0.485061	-125.739884	-0.394023	-77.506712	0.186873	-112.524138	-0.369511
18200.000008	-115.478168	-0.357285	-124.980174	0.168849	-88.909852	-0.458766	-119.593528	0.028448
18300.000008	-119.082966	-0.434201	-135.903919	0.335571	-93.174329	0.344833	-121.894528	-0.270142
18400.000008	-118.396664	-0.124564	-116.729834	-0.283774	-84.221964	-0.373581	-121.284504	-0.220077
18500.000009	-112.662185	0.103696	-123.978421	0.112272	-105.739204	0.134911	-117.404765	0.210297
18600.000009	-123.693312	-0.361314	-132.898787	-0.452591	-86.661785	0.294331	-134.242916	-0.308989
18700.000009	-118.799674	0.485568	-121.262106	-0.411237	-84.654214	-0.107397	-115.875217	0.328740
18800.000009	-113.537773	-0.187176	-116.895230	-0.468616	-84.567593	-0.419649	-123.864961	-0.246859
18900.000009	-116.242387	0.395086	-121.440861	0.430711	-83.439255	-0.152388	-116.693483	0.441883
19000.000009	-118.636612	0.319747	-130.472965	0.299503	-86.487067	-0.094949	-118.373661	0.055215
19100.000009	-114.177750	-0.457982	-114.060375	0.391419	-82.618785	0.117321	-123.095538	0.211495
19200.000009	-115.310682	-0.287804	-119.922604	0.492758	-81.889931	-0.064724	-124.316766	0.466184
19300.000009	-119.668814	-0.402764	-115.011693	-0.101155	-85.041394	0.187210	-134.112061	-0.457855
19400.000009	-120.252185	0.167182	-125.878221	-0.363913	-82.067544	0.332907	-113.683225	0.468620
19500.000009	-116.608226	0.455279	-120.093349	-0.444112	-79.457254	0.481137	-122.108689	-0.051006
19600.000009	-133.907326	0.253195	-124.460184	0.103188	-79.245247	0.178523	-123.308585	0.041409
19700.000009	-124.653060	0.126821	-118.703162	-0.482521	-80.233538	-0.347753	-127.470868	0.407047
19800.000009	-116.037704	0.235829	-114.787867	0.328947	-88.400904	-0.193146	-112.683562	0.362707
19900.000009	-125.386948	-0.046055	-120.826413	0.212580	-84.006677	0.321214	-130.961638	-0.428587
20000.000009	-118.189353	-0.193971	-119.010942	-0.263124	-77.363073	0.348669	-120.047191	0.001818
20100.000009	-132.321526	0.100901	-112.883153	0.459415	-79.532942	-0.212545	-87.911979	0.365402
20200.000009	-128.654608	0.174375	-128.345529	-0.450244	-85.822085	0.276605	-116.040357	-0.036752
20300.000009	-120.662164	0.206425	-118.348668	0.226367	-79.771479	0.209507	-114.069075	0.110792
20400.000009	-115.924705	-0.455801	-135.189077	0.244057	-81.293812	0.103059	-120.208659	0.329586
20500.000009	-120.431011	0.252677	-114.792412	0.452713	-84.256699	-0.231808	-119.008093	0.035848
20600.000009	-122.023323	0.024952	-125.298263	-0.146567	-80.499777	0.019681	-118.508439	0.039809
20700.000010	-121.628234	0.134065	-122.910446	0.365299	-84.752880	0.441119	-118.156768	0.097689
20800.000010	-118.664515	0.001776	-118.613539	-0.097436	-89.235488	0.040864	-122.612406	0.071337
20900.000010	-118.228895	-0.479939	-120.699548	0.493731	-78.936839	0.286584	-114.840134	0.496944
21000.000010	-118.981645	-0.403755	-119.410945	-0.414505	-86.311492	-0.387488	-114.963624	-0.269835
21100.000010	-118.981020	-0.465090	-119.685773	0.309287	-85.495684	-0.127770	-124.497666	0.053467
21200.000010	-116.411225	0.267280	-124.740249	0.269628	-86.034414	0.097442	-126.667253	0.077183
21300.000010	-120.798629	-0.032100	-115.036345	0.326349	-81.023820	0.458287	-124.332896	-0.135087
21400.000010	-116.834892	0.449943	-117.699164	0.283096	-86.908596	0.087088	-122.311121	0.263586
21500.000010	-115.445293	-0.204790	-132.633291	-0.433832	-83.039308	0.304745	-118.601001	0.037213
21600.000010	-131.806122	-0.029784	-119.677609	-0.184499	-92.741428	0.078335	-115.701650	-0.351392
21700.000010	-124.646141	-0.163563	-126.605355	0.425961	-85.212609	-0.355612	-117.296427	-0.154805
21800.000010	-119.464492	-0.180114	-122.145709	0.041513	-93.223147	0.163609	-121.738467	0.087702
21900.000010	-124.747516	0.331762	-115.574794	0.113382	-97.652420	-0.136873	-124.631998	0.316084
22000.000010	-133.991210	-0.461774	-116.803472	-0.490288	-78.960985	0.045690	-125.774911	0.292340
22100.000010	-124.269074	-0.475999	-128.801811	-0.210950	-79.149202	-0.255112	-118.053993	-0.253010
22200.000010	-124.196278	-0.045651	-116.542078	-0.059826	-85.017979	-0.478827	-115.562959	0.153853
22300.000010	-118.671515	-0.082687	-126.544584	0.116085	-84.960544	-0.466153	-129.965593	-0.195604
22400.000010	-118.232590	0.377647	-123.107847	0.185964	-93.262388	-0.354084	-128.533808	-0.126801
22500.000010	-122.101613	0.074079	-121.569553	-0.251636	-82.386348	-0.196145	-121.901683	-0.489196
22600.000010	-120.274171	-0.060443	-116.716373	0.294076	-87.378721	0.150994	-125.424718	0.183065
22700.000010	-117.135970	-0.281745	-114.769918	0.354730	-84.342683	-0.156639	-116.380138	0.425228
22800.000011	-115.833288	-0.413895	-122.133803	0.102980	-82.060439	-0.297861	-129.045897	0.100560
22900.000011	-134.184396	0.137381	-123.553577	0.321889	-79.230408	-0.389863	-117.974160	-0.319530
23000.000011	-120.277228	-0.015563	-139.730743	0.203108	-81.875260	-0.271811	-114.273200	-0.493159
23100.000011	-119.278372	-0.010964	-117.574189	-0.054306	-78.894446	-0.306625	-112.338856	-0.253210
23200.000011	-121.818585	0.076676	-121.435133	0.091358	-91.679739	0.376150	-128.450595	-0.339546
23300.000011	-120.435390	-0.018598	-126.078890	-0.287400	-82.428113	-0.364901	-115.602148	-0.218014
23400.000011	-132.045150	-0.414048	-123.232158	0.133891	-85.706930	-0.284888	-116.095155	-0.019706
23500.000011	-129.552477	0.424176	-126.075248	-0.110606	-81.982567	-0.046919	-121.700580	-0.080542
23600.000011	-119.067745	0.419958	-124.526673	-0.457671	-84.939384	0.471549	-119.419112	-0.302306
23700.000011	-113.735119	0.186849	-122.935557	-0.458127	-80.419915	-0.173891	-119.023602	-0.381258
23800.000011	-127.364197	0.483291	-122.102565	0.221816	-84.645628	0.073049	-103.596478	0.201340
23900.000011	-128.140883	-0.138574	-115.955827	-0.314693	-83.370551	0.463478	-116.395766	-0.308930
24000.000011	-118.163221	-0.319660	-125.501435	0.153537	-83.717554	0.369162	-121.993348	0.392233
24100.000011	-120.646393	-0.126028	-119.288369	0.070971	-80.119802	0.326347	-126.371056	-0.329718
24200.000011	-118.957740	0.183779	-134.531473	-0.112388	-88.313882	0.474201	-119.877877	0.288553
24300.000011	-134.092526	0.447902	-121.112176	0.248848	-96.938980	-0.200500	-113.415552	-0.411503
24400.000011	-116.715595	0.487777	-116.392924	0.129174	-82.179964	0.044373	-117.413472	0.452596
24500.000011	-136.691873	-0.466210	-126.104891	0.136724	-88.161354	-0.013164	-124.667283	0.183624
24600.000011	-114.706221	0.247762	-122.140793	-0.081426	-79.648786	-0.354644	-118.454367	0.155423
24700.000011	-125.007470	0.258300	-122.514165	-0.381012	-86.662982	0.469096	-119.785494	-0.156515
24800.000011	-129.224412	0.442520	-116.460805	0.136366	-86.742543	0.031502	-119.252274	0.283965
24900.000011	-117.330118	-0.213253	-122.295501	0.306811	-85.557568	-0.349373	-125.923189	-0.044303
25000.000012	-122.644554	-0.238291	-129.725373	-0.372882	-91.146906	-0.098298	-121.078256	-0.106557
25100.000012	-117.358722	0.219459	-124.231932	-0.289721	-94.424901	-0.481439	-122.019118	0.093420
25200.000012	-117.606581	-0.384644	-113.384029	0.212896	-84.816566	0.177323	-113.300325	0.315550
25300.000012	-128.642731	-0.157656	-121.326557	-0.321538	-93.699934	0.076210	-123.946447	-0.463181
25400.000012	-122.730693	0.276916	-118.911028	0.383855	-82.455334	0.419684	-116.291981	0.306543
25500.000012	-125.736919	-0.093786	-127.222728	0.424333	-83.933262	0.243506	-119.760910	-0.272903
25600.000012	-115.750060	0.173567	-124.397513	-0.299513	-86.724647	0.363705	-124.656477	0.373552
25700.000012	-130.017003	-0.412217	-119.299452	0.363533	-81.576236	-0.042710	-119.944276	-0.078258
25800.000012	-131.397634	0.350854	-117.543116	-0.409546	-109.039906	0.328711	-121.444059	0.317677
25900.000012	-124.440316	-0.082191	-112.691991	0.439680	-81.895547	-0.176703	-111.444173	-0.457342
26000.000012	-131.534960	-0.117628	-116.433940	0.299152	-86.126787	-0.056635	-126.995707	0.220306
26100.000012	-124.166615	-0.076191	-115.111560	-0.116736	-83.377961	-0.452194	-120.772178	-0.330283
26200.000012	-116.418827	-0.453092	-119.406825	-0.405083	-83.060426	0.236779	-119.913525	-0.156639
26300.000012	-120.203550	-0.034185	-123.580687	0.164949	-80.612216	-0.227132	-122.168905	-0.323244
26400.000012	-125.372688	-0.031991	-122.467838	-0.262861	-97.211768	-0.359255	-126.281321	-0.255516
26500.000012	-119.375379	0.487871	-115.713889	0.082259	-86.910503	0.485462	-119.485181	0.125209
26600.000012	-127.859739	-0.267201	-117.255479	0.120378	-85.317381	0.415353	-116.288899	-0.489216
26700.000012	-114.426150	0.255782	-130.595052	0.428966	-97.646567	0.054033	-124.824625	-0.404446
26800.000012	-122.282580	-0.421324	-114.242807	-0.248298	-82.888067	0.106143	-92.049968	-0.382139
26900.000012	-120.274219	-0.247950	-122.260974	-0.130501	-84.981961	-0.303205	-122.236502	0.370249
27000.000012	-119.015105	-0.325863	-119.252994	0.226960	-97.403083	-0.043431	-120.512575	0.419604
27100.000012	-126.341700	-0.402192	-123.796149	0.215722	-90.849126	-0.148431	-121.657375	0.100074
27200.000013	-116.224627	0.453705	-127.020410	0.254498	-90.838190	0.179900	-134.039018	-0.047183
27300.000013	-135.199603	-0.321394	-124.253044	0.312697	-88.482459	-0.059695	-115.161129	0.278301
27400.000013	-116.583206	0.093076	-129.545861	0.434172	-92.317361	-0.475053	-118.696077	0.367262
27500.000013	-118.696581	0.379911	-124.323644	-0.090637	-91.797955	-0.393016	-127.219106	-0.032543
27600.000013	-120.106498	-0.456843	-122.759295	0.286420	-84.414705	-0.381374	-141.446492	-0.357587
27700.000013	-128.677338	-0.297679	-120.366955	-0.482245	-91.323768	-0.475948	-124.236023	-0.327267
27800.000013	-128.831918	-0.193206	-124.630810	0.070571	-87.240655	0.086691	-114.999961	0.318395
27900.000013	-119.277136	0.471257	-116.801470	-0.329341	-89.382298	-0.151736	-121.965444	-0.100605
28000.000013	-121.296006	-0.031078	-112.031128	0.176065	-91.633002	0.047644	-127.588400	-0.063614
28100.000013	-132.798245	0.227477	-118.210526	0.402142	-91.717302	0.162807	-121.722774	0.330160
28200.000013	-134.157613	-0.180485	-120.655402	-0.444675	-87.165591	0.485017	-111.333390	-0.486501
28300.000013	-116.338810	0.479538	-117.781239	0.307815	-91.384538	0.497701	-124.281086	-0.473425
28400.000013	-115.814449	-0.294735	-127.118709	0.227101	-81.398677	-0.120363	-112.799884	-0.370567
28500.000013	-115.151037	0.222227	-118.801360	0.475743	-82.875454	0.358170	-119.144028	0.266897
28600.000013	-121.759570	0.069301	-120.686304	0.092459	-85.357502	0.191899	-133.165607	-0.479942
28700.000013	-119.263576	-0.424167	-120.601835	0.451711	-92.284403	-0.483162	-117.100206	-0.288633
28800.000013	-120.802660	-0.305167	-120.723211	0.049271	-88.302878	0.149716	-126.232289	-0.329318
28900.000013	-118.040918	0.122043	-143.047699	-0.043521	-98.353076	-0.224114	-126.063712	-0.151542
29000.000013	-122.590411	0.255028	-117.974391	-0.414710	-87.527940	0.212583	-124.265691	0.145979
29100.000013	-135.285827	0.454391	-118.787968	-0.002569	-90.951497	0.391451	-122.052376	0.082537
29200.000013	-125.049273	0.272353	-124.340052	0.406470	-81.002327	0.144973	-122.645242	-0.246884
29300.000014	-118.832742	-0.435144	-122.103971	-0.180883	-88.065896	-0.470104	-127.095081	0.441770
29400.000014	-118.626311	-0.321883	-115.060102	0.426725	-98.376880	-0.257296	-112.808413	0.131423
29500.000014	-119.616883	-0.493141	-124.289836	0.022553	-86.069970	-0.484730	-122.754636	0.073408
29600.000014	-122.139416	0.134749	-121.263131	0.162726	-83.209329	0.123542	-116.723531	-0.107511
29700.000014	-119.502245	0.201607	-130.454857	-0.379456	-93.267458	-0.299739	-118.035952	-0.325697
29800.000014	-117.128074	0.366103	-120.377274	-0.226422	-81.762586	0.039926	-111.434877	-0.410012
29900.000014	-118.952428	-0.341320	-132.858603	0.245968	-87.973992	0.335311	-132.679904	-0.462025
30000.000014	-124.885264	-0.049913	-129.730062	-0.145038	-88.277435	-0.301142	-119.934673	0.015535
30100.000014	-119.191574	0.049804	-127.526810	0.299128	-96.819742	0.086679	-141.315156	0.259047
30200.000014	-118.118903	-0.309296	-122.284474	-0.287622	-83.416354	-0.108250	-125.449413	-0.179060
30300.000014	-118.431695	0.388235	-116.949654	0.429633	-91.818007	0.447505	-117.299176	-0.340073
30400.000014	-120.772589	-0.152407	-125.158916	-0.189371	-84.504453	-0.163064	-115.337525	-0.262896
30500.000014	-117.703009	-0.470580	-122.189079	-0.477575	-112.498057	-0.149428	-114.641549	-0.483503
30600.000014	-121.382253	0.317912	-120.955243	-0.485025	-88.428681	0.214027	-125.297552	0.397147
30700.000014	-116.172514	0.113032	-117.086285	-0.242668	-99.772903	-0.026555	-125.789155	0.405863
30800.000014	-131.922939	-0.422183	-126.842064	-0.258108	-87.588795	-0.314725	-114.949198	0.426323
30900.000014	-118.803439	0.357430	-124.486561	-0.337855	-104.587004	0.290398	-123.223297	-0.319897
31000.000014	-117.488743	0.004057	-139.038356	0.357243	-89.295233	-0.240780	-118.171796	0.435769
31100.000014	-118.231162	0.158052	-124.643416	-0.413225	-81.757162	-0.457971	-125.547465	0.147702
31200.000014	-149.237723	-0.156562	-127.333469	-0.334231	-90.372138	-0.087692	-120.135174	0.294448
31300.000014	-123.698253	0.268859	-122.448106	0.133953	-90.698780	0.402048	-121.251970	0.242096
31400.000014	-123.648195	0.155134	-124.974846	-0.261104	-85.652739	-0.117216	-119.958975	0.211997
31500.000015	-122.261440	0.140501	-123.578511	0.400505	-86.607349	-0.218426	-129.739817	0.292794
31600.000015	-123.566264	0.351378	-115.618461	0.339887	-90.408854	-0.232214	-126.540558	-0.284316
31700.000015	-117.136565	0.470380	-118.936378	-0.458151	-86.062510	0.171242	-118.983798	0.168054
31800.000015	-116.282827	-0.207187	-114.233666	0.335021	-82.775320	0.419366	-121.477075	0.373830
31900.000015	-124.911098	0.070082	-124.209312	0.399301	-82.777904	-0.225799	-125.345538	0.079126
32000.000015	-127.294571	-0.144185	-120.096836	-0.324314	-86.137061	-0.028048	-124.747817	0.182490
32100.000015	-114.110872	0.194026	-122.334064	0.324928	-80.409656	0.052810	-126.935513	-0.379636
32200.000015	-121.892583	-0.476676	-118.621580	0.098841	-97.682255	-0.441456	-120.219671	-0.002020
32300.000015	-124.880830	0.129413	-120.494354	-0.449679	-90.256515	0.374229	-126.017338	0.233068
32400.000015	-125.988498	-0.423437	-123.119125	-0.131697	-97.472270	-0.051091	-124.781790	-0.180954
32500.000015	-123.397517	0.383006	-121.395061	0.215498	-91.782153	0.315884	-124.049769	0.028939
32600.000015	-118.155003	0.380632	-117.754730	-0.009794	-95.070273	-0.008939	-129.774191	-0.459652
32700.000015	-115.012329	0.460672	-117.468335	-0.404908	-84.930109	-0.367033	-130.122261	0.301347
32800.000015	-112.158552	-0.075094	-116.392244	0.140827	-81.725218	0.000378	-116.212569	0.053765
32900.000015	-114.986932	0.254258	-126.233646	0.184955	-86.461254	-0.234559	-134.706339	0.472473
33000.000015	-121.966825	0.256963	-119.940608	-0.089364	-82.001166	0.093960	-118.364199	0.423134
33100.000015	-132.468099	-0.331671	-122.501507	0.310346	-84.175347	0.210487	-131.851385	0.140932
33200.000015	-118.731151	-0.117545	-120.528265	-0.080160	-83.077983	0.261332	-124.093515	-0.115011
33300.000015	-128.654450	0.285562	-114.160368	0.486844	-87.051171	0.243583	-119.864098	-0.417679
33400.000015	-129.706086	0.080792	-115.745393	-0.100644	-92.332605	0.259589	-120.362600	0.422117
33500.000015	-119.517796	-0.051906	-119.057343	-0.040615	-89.266893	-0.089992	-107.376985	-0.416292
33600.000015	-126.521677	-0.200152	-125.408285	-0.215144	-94.901743	-0.376877	-124.100781	-0.136152
33700.000016	-125.384458	0.194591	-119.676062	0.130561	-84.336573	0.382232	-123.545475	0.178834
33800.000016	-120.678895	0.489314	-122.662679	-0.327601	-86.375994	0.160298	-128.142004	-0.062987
33900.000016	-119.987859	0.338701	-116.276602	-0.166501	-92.533318	-0.121087	-119.693846	0.139976
34000.000016	-134.247426	0.182483	-119.832406	0.093564	-80.868310	-0.059578	-124.114873	-0.110907
34100.000016	-116.400566	0.331527	-119.172488	0.198944	-82.982350	-0.484695	-118.271630	-0.057615
34200.000016	-120.514805	-0.118115	-122.507409	-0.107643	-96.714472	-0.069922	-110.282673	0.258053
34300.000016	-118.185411	-0.422805	-116.013890	-0.072059	-90.400262	-0.365947	-119.888744	-0.022158
34400.000016	-125.372058	0.252562	-117.847693	-0.443794	-84.132387	-0.401652	-113.866753	0.411713
34500.000016	-117.407562	0.403737	-118.393734	-0.285926	-86.826306	0.360432	-119.025718	0.403323
34600.000016	-123.625545	-0.483093	-126.449299	-0.200741	-98.096925	0.328555	-126.300141	-0.039153
34700.000016	-124.656276	0.331183	-128.970263	-0.260642	-87.748384	-0.177792	-115.706042	0.031263
34800.000016	-121.910176	0.482361	-121.149094	-0.465388	-92.464810	0.486385	-122.862063	0.355763
34900.000016	-117.692583	0.372131	-115.158273	0.196189	-88.735175	-0.211016	-121.354288	0.207303
35000.000016	-116.679228	0.215608	-122.072560	-0.003489	-106.770261	-0.139637	-124.227937	0.209827
35100.000016	-135.954239	0.333630	-112.883093	-0.483518	-84.795149	-0.138048	-126.926543	-0.397631
35200.000016	-120.065999	-0.281355	-129.920853	0.332867	-84.369590	-0.204412	-120.139857	0.167749
35300.000016	-121.132844	0.248273	-121.917775	-0.480330	-82.931255	-0.428118	-120.532145	0.444275
35400.000016	-121.928502	0.298227	-117.063573	-0.005649	-93.609430	-0.006607	-122.045552	-0.439989
35500.000016	-131.814606	0.189410	-134.680546	0.472919	-83.747487	0.316241	-120.735313	-0.493285
35600.000016	-123.834193	-0.270109	-115.367388	-0.465685	-115.999285	-0.308865	-118.726460	-0.352906
35700.000016	-119.917437	-0.453704	-126.280288	0.499610	-97.252544	0.243074	-112.899622	0.383154
35800.000017	-125.428354	-0.447281	-127.640672	-0.339732	-100.474426	0.484672	-122.597037	0.375617
35900.000017	-120.955453	-0.136661	-120.562947	0.419397	-86.771740	-0.189014	-121.604744	0.422688
36000.000017	-117.326720	-0.076292	-119.138104	0.316355	-86.408380	-0.065285	-123.211625	0.401538
36100.000017	-120.461715	-0.489301	-126.589711	0.321392	-88.634577	0.086442	-121.594508	0.260897
36200.000017	-124.569819	0.113059	-114.557767	0.262229	-91.066649	0.046500	-118.756292	-0.160774
36300.000017	-131.287272	-0.020338	-119.477254	-0.257972	-90.271554	-0.256972	-121.866087	-0.114302
36400.000017	-126.412828	0.441112	-126.337409	-0.335703	-91.813813	-0.385019	-121.710027	-0.416743
36500.000017	-129.964254	0.383938	-146.233178	-0.086833	-88.471625	-0.028531	-106.333544	-0.159317
36600.000017	-122.822492	-0.199352	-134.959047	-0.155727	-101.039440	-0.151978	-122.982962	-0.145535
36700.000017	-115.706666	-0.171937	-117.339542	0.218832	-97.626370	-0.199267	-117.717577	0.042425
36800.000017	-118.032102	0.412603	-120.676021	0.179545	-92.331507	0.409635	-118.199999	0.274406
36900.000017	-120.286319	-0.209607	-120.723576	-0.290929	-83.509545	0.049126	-115.029084	-0.041731
37000.000017	-119.550506	-0.100699	-120.680447	0.327170	-87.365467	-0.120296	-122.858197	0.485730
37100.000017	-119.439464	-0.069160	-114.507700	-0.037517	-92.405930	0.380215	-121.781757	0.152917
37200.000017	-121.318146	-0.439051	-121.053330	0.262575	-84.386756	-0.432594	-108.590073	0.271209
37300.000017	-135.317760	-0.163118	-121.482136	-0.444220	-95.963123	0.328667	-121.366308	0.305115
37400.000017	-122.858806	0.400779	-121.048009	0.472525	-90.324088	0.317127	-121.513637	0.393624
37500.000017	-114.327372	-0.344484	-125.755144	0.485524	-86.648535	-0.499356	-117.167372	-0.148041
37600.000017	-119.101232	-0.017418	-117.791284	0.415394	-85.589760	-0.399750	-121.385255	0.488913
37700.000017	-125.299562	-0.213674	-117.941085	-0.357808	-86.353400	-0.065910	-131.297969	-0.348999
37800.000017	-119.858176	0.316784	-118.825698	0.360626	-89.950544	0.389859	-119.119321	0.410098
37900.000017	-123.682896	0.060339	-121.150014	-0.453942	-88.357478	0.283136	-126.641370	-0.066486
38000.000018	-119.784001	-0.023353	-129.955370	0.005934	-83.869789	0.330106	-120.730117	0.190014
38100.000018	-125.027120	0.074588	-119.995858	-0.351430	-93.244762	0.446251	-145.376711	-0.431708
38200.000018	-124.104705	0.324099	-114.024591	-0.347368	-101.942861	-0.146564	-117.667755	0.460180
38300.000018	-117.821504	0.300590	-123.085009	0.167826	-91.851611	-0.267414	-117.679675	0.162302
38400.000018	-126.342587	0.160656	-121.505167	-0.230149	-90.299741	0.407116	-121.749788	0.448206
38500.000018	-115.644197	0.133438	-121.857558	0.300856	-88.440245	-0.450349	-122.945451	0.247296
38600.000018	-131.778476	0.449510	-121.127789	-0.241848	-87.685563	-0.169461	-125.190774	0.090900
38700.000018	-120.699355	-0.001643	-125.157478	0.233582	-84.839866	0.395742	-122.663115	0.340223
38800.000018	-117.296713	-0.070886	-118.425676	-0.150599	-93.637629	0.487834	-128.521808	0.401977
38900.000018	-118.004416	0.466687	-126.628036	-0.043534	-88.574658	-0.165653	-122.103274	-0.133606
39000.000018	-122.515622	0.339089	-120.066793	-0.252401	-93.744813	-0.454956	-118.655790	-0.218894
39100.000018	-130.850893	0.411662	-113.937423	-0.334019	-83.377882	-0.035700	-133.190233	0.149338
39200.000018	-121.414789	-0.036735	-122.333604	-0.449683	-99.171452	0.264732	-121.895125	-0.370884
39300.000018	-121.324546	-0.499440	-123.563703	-0.465831	-84.985344	-0.359527	-123.216376	-0.444298
39400.000018	-123.851557	-0.139601	-116.575543	0.317124	-102.961658	0.072481	-121.513523	0.162244
39500.000018	-121.064230	-0.446105	-121.102404	-0.431251	-88.360994	-0.204191	-112.616837	-0.366176
39600.000018	-120.319286	-0.020385	-122.952359	-0.287463	-89.204487	0.367770	-130.229447	-0.302095
39700.000018	-123.473845	-0.065326	-126.804070	-0.272320	-90.575377	0.130614	-126.584681	0.355531
39800.000018	-124.108145	-0.373107	-119.786979	0.202715	-89.881200	0.317921	-121.030148	-0.051848
39900.000018	-128.999320	0.347538	-118.074701	0.186648	-86.071436	0.261063	-118.771283	0.403188
40000.000018	-119.651194	-0.447619	-123.328350	0.446967	-81.852967	-0.035193	-117.926234	0.237202
40100.000018	-119.969617	0.312634	-117.463915	-0.061718	-92.788903	0.068777	-118.397285	0.364405
40200.000019	-128.191041	-0.190062	-119.740149	0.491730	-90.490685	0.453730	-99.171913	-0.319101
40300.000019	-135.067351	-0.249411	-120.947023	-0.206922	-87.361456	0.393336	-126.538797	0.135518
40400.000019	-118.834681	-0.480025	-119.351291	-0.184484	-87.264652	-0.425396	-124.004092	-0.353884
40500.000019	-121.459926	-0.433085	-120.412441	-0.282781	-103.807040	0.283440	-117.718631	0.114187
40600.000019	-122.659944	0.282556	-116.456459	0.084720	-90.516103	-0.349307	-126.626211	-0.023621
40700.000019	-121.811377	-0.362714	-122.131908	0.248478	-86.845044	-0.170089	-114.508438	0.006507
40800.000019	-116.273591	-0.252667	-123.485225	0.314076	-88.576821	0.317073	-140.081266	0.288493
40900.000019	-116.586429	-0.216181	-118.559379	0.362971	-92.147548	-0.162781	-115.991171	-0.318747
41000.000019	-123.035493	-0.019124	-120.282121	0.151459	-97.297870	-0.147098	-123.330084	0.143069
41100.000019	-119.387292	0.234813	-116.982673	-0.424814	-85.568651	0.198016	-118.555126	0.161856
41200.000019	-120.312189	-0.235672	-118.961490	-0.135152	-107.085091	0.185106	-117.018145	0.026345
41300.000019	-114.284060	0.070222	-120.173734	-0.068992	-94.000294	0.490602	-123.587555	0.382414
41400.000019	-117.177090	0.212535	-123.424604	-0.274701	-94.489327	-0.293430	-116.698056	-0.055377
41500.000019	-120.770216	0.194255	-120.749120	0.057547	-88.375742	-0.408004	-123.881284	-0.424813
41600.000019	-117.970827	-0.367438	-119.101361	-0.301063	-89.578966	-0.244282	-119.541027	-0.000761
41700.000019	-121.586994	-0.064860	-126.624857	0.086514	-91.920687	-0.161027	-124.073842	0.272566
41800.000019	-115.446555	-0.352783	-121.253244	-0.424550	-93.837115	0.386952	-118.843499	-0.206188
41900.000019	-120.218555	0.371239	-116.417456	0.459690	-104.163968	0.156224	-122.343577	0.392343
42000.000019	-117.635352	-0.046920	-118.503096	0.367958	-88.784473	-0.239300	-118.421453	-0.007589
42100.000019	-128.409556	0.148505	-117.356268	0.186464	-89.835458	0.228027	-120.511150	-0.318733
42200.000019	-118.581199	0.004878	-127.376783	0.075779	-85.191244	0.274413	-120.112549	-0.393756
42300.000019	-131.249707	-0.166391	-122.173980	0.183942	-89.767774	-0.254048	-116.447418	0.015585
42400.000020	-127.917948	-0.052964	-128.910160	0.313544	-98.564511	0.137488	-116.170695	-0.271224
42500.000020	-121.497665	-0.402524	-122.701451	0.300863	-93.183132	0.009608	-120.912108	-0.096586
42600.000020	-122.972615	0.003231	-125.280507	-0.344255	-91.440187	-0.489695	-124.017403	-0.249717
42700.000020	-118.886131	0.449122	-119.378136	-0.073387	-91.770988	0.226767	-117.869285	-0.179894
42800.000020	-129.166251	-0.340225	-122.721889	-0.409617	-92.357619	0.135137	-118.776723	0.456679
42900.000020	-128.468773	-0.153347	-118.579192	0.421341	-85.607744	-0.326242	-128.835286	0.490411
43000.000020	-120.804309	0.490866	-118.701139	-0.111345	-94.289867	-0.283495	-121.153755	-0.313699
43100.000020	-130.227467	0.136032	-118.473075	0.481657	-88.676499	-0.231390	-122.461658	0.026187
43200.000020	-119.977760	0.140201	-122.542858	-0.277578	-85.007010	0.181262	-116.751310	0.242940
43300.000020	-122.043148	-0.419752	-122.151933	-0.142971	-99.199303	-0.205540	-125.849115	0.330709
43400.000020	-134.473946	0.332112	-115.677830	-0.014416	-90.202272	0.414561	-120.899066	0.283669
43500.000020	-116.316339	0.135626	-126.817034	-0.106117	-94.025233	0.201904	-119.873113	-0.150483
43600.000020	-125.104941	-0.333180	-117.028732	-0.120035	-93.519026	0.016834	-122.368116	0.291422
43700.000020	-124.078201	0.388249	-120.423031	0.437813	-82.976814	0.311950	-115.955740	-0.369462
43800.000020	-125.400252	0.418540	-118.160783	0.203545	-97.595822	0.302602	-125.679460	0.008135
43900.000020	-120.461248	-0.136721	-121.856281	0.224197	-89.144657	0.060578	-110.830069	-0.432288
44000.000020	-128.614944	0.251437	-122.587189	0.438265	-93.128542	0.053638	-120.538062	-0.104040
44100.000020	-125.607844	-0.272558	-122.870489	0.171950	-87.614805	0.375449	-122.401053	0.473806
44200.000020	-126.089527	0.020417	-118.937676	-0.279872	-97.313361	0.466414	-120.955297	-0.057022
44300.000020	-120.084514	0.459264	-118.591308	0.138550	-91.585173	-0.327390	-123.383427	-0.175376
44400.000020	-122.793500	-0.124667	-120.576960	0.419307	-87.336994	0.486379	-117.235059	0.117985
44500.000021	-113.572628	0.365422	-112.823974	0.334912	-107.083763	0.116603	-128.042978	-0.487999
44600.000021	-136.577080	0.347704	-118.301881	0.284896	-92.869944	0.148389	-114.965892	0.471153
44700.000021	-118.368721	0.175451	-139.207385	0.365935	-92.873293	0.459227	-121.987995	-0.224506
44800.000021	-123.947237	-0.217164	-124.798393	-0.224320	-90.795039	-0.401201	-117.742921	-0.417609
44900.000021	-128.598489	0.044666	-135.480794	0.498758	-94.151185	-0.383576	-113.059201	0.225254
45000.000021	-131.460296	0.084249	-122.114765	0.418081	-94.729017	-0.472745	-124.178179	-0.405285
45100.000021	-131.914091	-0.175785	-116.448737	0.486153	-97.371806	0.040198	-113.529204	-0.433255
45200.000021	-120.111338	-0.307643	-118.459678	-0.081637	-92.420553	0.360318	-120.564904	-0.364823
45300.000021	-116.503679	-0.206985	-122.299361	-0.285474	-91.757344	-0.306702	-118.878322	0.354270
45400.000021	-117.863930	-0.149304	-117.061335	0.312119	-94.099803	-0.049309	-122.039852	-0.409349
45500.000021	-122.694772	-0.014906	-120.353094	0.270011	-89.400164	0.119784	-119.878436	0.459781
45600.000021	-121.370177	0.295345	-124.535874	-0.364309	-95.275176	0.489962	-118.504019	-0.419942
45700.000021	-114.899239	0.200138	-119.287422	0.016508	-89.748264	0.232006	-116.124986	0.141140
45800.000021	-136.019174	-0.416597	-118.584174	0.071616	-87.604923	-0.212048	-122.584289	-0.341066
45900.000021	-115.629186	-0.221126	-126.442152	0.483615	-91.869863	0.114481	-121.708894	0.278387
46000.000021	-120.668879	-0.402165	-125.385871	0.474195	-98.401077	0.305908	-116.706621	-0.195017
46100.000021	-124.668604	0.310222	-124.037564	-0.245337	-95.002231	-0.003604	-125.352290	0.207493
46200.000021	-127.069740	-0.143836	-121.442525	-0.361172	-86.593403	-0.169336	-110.326965	0.097622
46300.000021	-123.578731	0.105695	-127.369238	0.172106	-109.150498	0.473890	-120.502235	0.097757
46400.000021	-117.726018	-0.046547	-127.515621	-0.475679	-88.530356	0.397106	-115.459547	-0.116493
46500.000021	-118.999175	0.411174	-117.499963	-0.326461	-88.047052	0.403403	-127.965391	0.446555
46600.000021	-124.034395	0.300048	-122.299295	0.383158	-95.624187	0.032928	-114.583143	0.134915
46700.000022	-122.137851	0.411522	-119.808913	0.178675	-89.960569	-0.001204	-123.688531	0.386243
46800.000022	-126.403861	-0.377573	-128.695090	0.444693	-97.124338	0.204905	-116.348942	0.076383
46900.000022	-122.441156	-0.024007	-115.292516	-0.268853	-91.990109	-0.390912	-102.793208	-0.017516
47000.000022	-121.203858	0.457215	-123.007351	0.246490	-93.042729	0.389721	-124.361653	0.307015
47100.000022	-127.743823	0.062052	-118.985981	0.112765	-93.013912	-0.213594	-120.448282	-0.096474
47200.000022	-118.663940	0.345139	-123.928284	0.339640	-94.010189	-0.468285	-119.919822	-0.452616
47300.000022	-118.403388	-0.285275	-130.036150	-0.487131	-101.339604	0.384452	-122.394910	-0.226083
47400.000022	-117.386634	-0.006003	-120.495355	0.120988	-98.424365	0.396371	-123.051307	-0.402558
47500.000022	-120.808684	-0.386169	-120.779913	0.026775	-93.979868	0.286725	-126.077047	0.151493
47600.000022	-119.044806	-0.186793	-121.013317	0.441534	-84.552014	-0.375596	-127.208755	-0.079977
47700.000022	-124.509393	0.354488	-118.850953	0.025309	-97.408559	-0.488919	-134.123027	0.491780
47800.000022	-134.794390	-0.074543	-113.355745	-0.073415	-95.434853	-0.409058	-118.948735	-0.458328
47900.000022	-124.290971	-0.416203	-121.956594	0.190991	-99.475126	0.184011	-132.095479	-0.289178
48000.000022	-123.534377	0.243244	-125.255442	0.153741	-88.685595	-0.040482	-128.911550	-0.179343
48100.000022	-115.396848	0.406956	-117.530329	0.285307	-90.851818	0.450881	-134.898266	0.179942
48200.000022	-117.962978	0.220689	-119.270633	-0.356336	-88.826058	0.255192	-120.092297	0.135881
48300.000022	-128.598770	-0.412827	-122.100714	0.230754	-88.738763	0.459662	-123.513418	0.381447
48400.000022	-121.177216	0.228456	-123.951594	-0.230048	-94.790527	0.351215	-120.914030	0.059878
48500.000022	-122.001235	-0.485164	-127.866129	0.209512	-92.208166	0.392838	-117.443242	0.159239
48600.000022	-115.618006	0.153939	-124.253632	-0.488158	-89.845592	-0.123699	-132.129763	-0.318064
48700.000022	-116.202634	-0.232102	-124.998443	-0.186474	-97.017632	0.029391	-124.086166	-0.244698
48800.000022	-115.114971	-0.324886	-122.080564	0.012365	-93.136537	0.000672	-118.302262	0.163057
48900.000023	-128.006444	0.236555	-121.304847	0.347541	-93.314893	0.196053	-118.234321	-0.430253
49000.000023	-122.455007	0.367072	-130.245004	-0.177225	-88.513418	0.407071	-121.436266	-0.047446
49100.000023	-120.545635	0.479194	-122.202425	0.013360	-96.278618	-0.422605	-121.098945	0.128470
49200.000023	-120.405794	-0.258149	-119.143374	0.018450	-90.861465	0.281946	-123.414022	0.435623
49300.000023	-136.088535	0.104385	-118.361828	0.046078	-96.689288	-0.425952	-126.684790	-0.226945
49400.000023	-120.877360	-0.479651	-130.745202	-0.245757	-89.719565	-0.034472	-127.782782	0.440336
49500.000023	-125.280922	0.441334	-123.323067	-0.111678	-93.241209	0.344945	-121.836958	0.460595
49600.000023	-130.355558	0.201952	-126.861683	-0.142225	-91.675086	-0.412404	-114.338034	-0.041418
49700.000023	-118.728371	0.185768	-113.991952	-0.124598	-90.213551	0.270447	-117.535612	0.174206
49800.000023	-127.398670	0.078870	-129.452326	0.366398	-98.179902	-0.038303	-122.198284	-0.133421
49900.000023	-133.336688	-0.043845	-126.717068	-0.212492	-98.675606	-0.136406	-104.286887	-0.099890
50000.000023	-119.333410	0.113993	-120.573928	-0.106076	-88.318482	0.048082	-120.944166	0.080183
50100.000023	-117.884803	-0.452495	-114.713237	-0.461211	-95.737630	-0.319428	-130.101853	0.278333
50200.000023	-140.881197	-0.111063	-117.038841	0.227026	-106.564906	0.452489	-118.433683	0.419563
50300.000023	-121.007235	-0.479211	-126.048149	0.401721	-92.122948	-0.412243	-122.280965	0.160843
50400.000023	-127.609884	0.063193	-119.315376	-0.379174	-89.787520	-0.113359	-127.490211	0.157069
50500.000023	-122.510266	-0.348298	-116.954770	-0.228402	-93.207234	-0.035742	-127.001351	-0.147820
50600.000023	-129.224445	0.027686	-129.956933	-0.373307	-95.741742	-0.442447	-104.887351	-0.197143
50700.000023	-126.871951	0.308988	-117.447023	0.280498	-89.681134	-0.073393	-113.890819	0.206048
50800.000023	-123.780110	-0.011175	-135.400967	-0.416432	-95.811558	-0.223773	-118.323648	0.136125
50900.000023	-126.946635	-0.225154	-118.135832	-0.211891	-94.213012	0.104395	-123.609557	-0.456661
51000.000024	-122.094565	0.477052	-133.768411	-0.052296	-105.906741	-0.206975	-119.343272	0.138826
51100.000024	-121.286145	0.180248	-123.560931	-0.149633	-92.696465	-0.460226	-120.191693	0.102733
51200.000024	-114.140033	-0.151707	-132.193593	0.139068	-92.251209	0.069028	-119.687277	0.335684
51300.000024	-120.575163	-0.142428	-118.990917	-0.160085	-103.907692	0.350905	-131.724215	0.084993
51400.000024	-122.388833	0.434849	-129.740774	-0.368369	-93.156828	0.488605	-114.946325	0.322809
51500.000024	-118.253255	0.145048	-118.872353	-0.065607	-99.958701	0.182055	-118.590560	-0.426628
51600.000024	-115.883596	0.315845	-127.653148	0.303133	-102.190639	-0.037336	-121.191514	0.018453
51700.000024	-115.728683	0.132461	-123.924675	-0.432609	-95.115273	-0.263522	-117.380958	-0.360556
51800.000024	-122.951341	-0.384530	-130.865490	-0.158536	-93.047718	-0.096153	-113.569542	0.442818
51900.000024	-122.455630	0.205104	-118.927716	-0.048914	-98.439734	-0.266467	-127.537406	0.033574
52000.000024	-125.309498	0.285179	-126.878514	-0.067709	-95.742179	-0.304132	-117.833921	0.073387
52100.000024	-121.984672	0.432802	-121.759221	-0.330413	-95.328124	-0.004494	-118.850715	-0.014220
52200.000024	-120.236107	0.348617	-122.473949	0.066605	-99.160601	-0.073618	-127.205257	-0.255611
52300.000024	-125.029320	0.454187	-128.712222	-0.354544	-92.397703	-0.385206	-126.833043	0.454871
52400.000024	-118.909606	0.267471	-122.556920	0.349572	-91.043493	-0.189248	-130.123081	-0.052953
52500.000024	-119.521357	-0.126709	-124.238146	-0.250117	-94.987126	-0.004213	-121.900509	-0.317526
52600.000024	-123.157511	0.188482	-126.407285	0.437515	-96.414717	-0.037226	-115.675121	0.449514
52700.000024	-126.915908	0.192409	-124.467218	0.065119	-91.044561	0.405699	-126.074335	0.407164
52800.000024	-127.904574	0.498515	-124.399666	0.412552	-95.375486	-0.349120	-116.019636	-0.443567
52900.000024	-131.991062	-0.110627	-115.600564	-0.020726	-92.787281	0.446906	-113.137325	-0.193085
53000.000024	-126.706181	-0.277304	-121.106235	0.091330	-93.868369	-0.104967	-125.717777	0.439475
53100.000024	-130.782946	0.125331	-116.369770	-0.072015	-97.628834	-0.350085	-119.223581	-0.144024
53200.000025	-121.651659	-0.178446	-126.548190	0.277478	-100.594171	0.358467	-119.495690	0.237241
53300.000025	-139.081702	0.270304	-123.729925	0.222306	-97.708714	0.265884	-130.609960	0.490164
53400.000025	-120.870058	0.390656	-125.155085	0.358247	-95.632416	-0.414885	-118.591301	0.170035
53500.000025	-122.284789	-0.225914	-121.110727	-0.189888	-91.879859	0.073462	-119.902367	0.278911
53600.000025	-118.295140	-0.197973	-129.162328	0.292983	-94.637649	-0.486911	-97.121933	0.244700
53700.000025	-118.915741	-0.369603	-119.907672	0.060946	-91.725691	-0.024387	-124.958007	-0.024422
53800.000025	-112.172919	0.228007	-129.063031	-0.413948	-92.454989	-0.050854	-114.069904	-0.000788
53900.000025	-119.158811	-0.433342	-126.427798	0.360960	-87.927243	0.348814	-114.876186	-0.314630
54000.000025	-122.516334	0.344193	-119.531148	-0.375324	-90.960378	0.280235	-125.404260	0.486691
54100.000025	-124.608125	-0.248933	-129.580102	0.397487	-100.243110	-0.347288	-116.557947	0.076252
54200.000025	-124.376820	-0.089333	-119.346315	0.399722	-95.892503	-0.009691	-117.816268	0.443477
54300.000025	-117.544022	0.301791	-130.958769	-0.086260	-99.255051	-0.196336	-113.429460	-0.353284
54400.000025	-121.362103	0.299124	-119.556540	-0.216777	-90.278653	0.459973	-122.073050	-0.422283
54500.000025	-121.253793	0.024007	-124.956994	0.167203	-97.083951	-0.367325	-116.769974	-0.090269
54600.000025	-119.938447	0.442551	-121.446500	-0.254261	-94.816486	-0.162972	-125.555005	0.211439
54700.000025	-124.808056	-0.475226	-125.446702	-0.120804	-88.905114	0.331802	-124.935067	-0.059135
54800.000025	-123.026451	0.296103	-125.990064	-0.114533	-96.514468	0.320282	-118.956168	0.379096
54900.000025	-118.866418	-0.048430	-140.499702	0.008174	-92.584172	-0.353338	-128.563603	0.184806
55000.000025	-118.769246	-0.241626	-122.290635	0.095435	-98.736353	-0.366870	-111.637584	0.144626
55100.000025	-122.943330	0.273196	-119.554493	-0.233205	-93.139539	-0.044622	-133.481124	-0.090541
55200.000025	-117.666651	0.463168	-117.451855	0.445998	-98.689172	0.492066	-122.731710	0.455454
55300.000025	-120.184859	0.141100	-121.375709	0.284749	-88.579561	0.259278	-120.875573	0.176565
55400.000026	-118.980187	0.062948	-119.416597	0.323124	-94.413033	0.236236	-120.084798	-0.054389
55500.000026	-113.656422	-0.059728	-132.736325	0.432449	-89.468279	-0.244441	-120.317306	-0.036612
55600.000026	-124.845245	0.387480	-122.084600	0.449429	-93.907184	0.424109	-124.148319	0.391790
55700.000026	-114.129182	0.451320	-119.610077	-0.264111	-100.209840	-0.216934	-116.192558	-0.321313
55800.000026	-121.161591	-0.176473	-120.390535	0.146703	-97.596570	-0.476926	-126.342164	-0.299543
55900.000026	-120.948311	-0.029692	-119.879267	-0.137969	-95.457179	-0.203288	-131.656389	-0.039524
56000.000026	-126.956073	0.041452	-128.026115	-0.422076	-96.228830	0.378207	-124.909210	0.031220
56100.000026	-123.772285	-0.249211	-115.009197	-0.477067	-92.901236	0.231187	-114.865001	0.181110
56200.000026	-129.496560	-0.403619	-129.732483	0.208292	-89.977927	-0.481662	-131.423401	-0.167722
56300.000026	-126.488687	-0.336903	-143.851916	0.349437	-96.507525	-0.193948	-122.643537	-0.470281
56400.000026	-115.837351	-0.429278	-114.257061	-0.124790	-91.478687	0.034818	-119.768989	-0.207078
56500.000026	-116.517085	0.170369	-116.638690	-0.481334	-92.875518	-0.473145	-120.375130	0.366428
56600.000026	-115.346589	0.354703	-120.243751	-0.452237	-96.445765	-0.431939	-105.093640	0.172627
56700.000026	-132.449319	-0.211442	-123.135563	-0.198082	-95.476982	-0.116464	-120.537377	0.320422
56800.000026	-128.261915	0.184549	-131.459756	0.272704	-106.850668	0.326995	-115.401112	0.309121
56900.000026	-116.150778	0.001160	-125.825297	0.473449	-103.698997	0.180981	-116.506736	0.117180
57000.000026	-119.845856	0.216896	-130.404463	0.124967	-93.425605	-0.053261	-122.771841	0.069722
57100.000026	-119.187819	0.478072	-116.719807	-0.234539	-104.493781	-0.106596	-116.269692	0.450992
57200.000026	-116.854698	-0.137425	-117.131925	-0.339855	-95.178854	-0.341922	-120.052407	-0.194455
57300.000026	-112.840408	0.416109	-117.766775	-0.032067	-105.929896	-0.142482	-107.539602	-0.424947
57400.000026	-128.202746	0.178431	-124.808279	-0.499666	-86.452162	-0.178106	-120.105868	-0.453126
57500.000027	-125.258364	0.159909	-117.953619	-0.401190	-103.414695	-0.176260	-128.162697	0.464161
57600.000027	-118.041816	0.188221	-121.237093	0.009110	-90.794033	0.074872	-115.599527	0.249059
57700.000027	-119.218797	-0.196477	-120.079672	-0.216172	-93.651963	0.068572	-118.844157	0.387646
57800.000027	-120.924065	0.174211	-121.761353	0.364574	-89.781146	-0.011849	-127.936087	-0.072677
57900.000027	-122.557558	0.368307	-116.102180	-0.039711	-92.087322	0.082657	-121.083552	0.379911
58000.000027	-123.247511	0.079064	-117.367298	0.440680	-99.206991	0.451610	-112.168317	-0.369177
58100.000027	-115.809394	0.229118	-126.389195	0.366729	-109.974179	0.456839	-119.466180	0.417718
58200.000027	-126.124352	0.392070	-126.999117	-0.289563	-95.832779	-0.395927	-116.994898	0.467944
58300.000027	-121.717716	-0.480477	-117.530988	0.058808	-99.366561	-0.292987	-127.834488	-0.345717
58400.000027	-140.814835	0.492153	-115.814437	0.163052	-99.215384	-0.221186	-124.849807	0.377451
58500.000027	-118.945974	-0.207384	-115.977736	-0.489500	-106.751661	-0.160290	-123.402602	0.238357
58600.000027	-119.418239	0.494571	-123.811978	-0.092132	-95.576161	-0.101699	-115.996908	-0.113045
58700.000027	-118.828195	0.141974	-122.361781	-0.449917	-102.093226	-0.069761	-120.299080	0.380850
58800.000027	-122.516368	0.164738	-125.181796	0.146541	-95.351312	0.126677	-125.610666	-0.351750
58900.000027	-123.362069	0.089251	-121.041524	0.290718	-100.633814	-0.006135	-126.142083	0.048052
59000.000027	-118.015479	-0.466437	-122.276212	-0.356950	-91.477429	-0.080829	-126.025573	-0.262387
59100.000027	-124.428945	-0.153962	-127.283209	0.350899	-89.855499	0.360443	-120.784239	-0.271938
59200.000027	-134.050827	0.073508	-130.643137	-0.462681	-109.188010	0.463261	-121.541151	-0.493511
59300.000027	-124.967411	0.099457	-118.249395	0.001657	-101.310013	0.498338	-117.789671	0.302678
59400.000027	-117.376515	-0.367064	-121.126560	0.139214	-91.876827	-0.195981	-117.570768	-0.083173
59500.000027	-128.181918	-0.284249	-115.987131	0.023797	-88.619809	0.408403	-120.335909	0.484756
59600.000027	-121.215940	0.281644	-120.557069	0.007492	-109.752066	0.136963	-109.385854	0.108189
59700.000028	-119.019766	-0.008837	-123.347062	0.226527	-94.383972	-0.137817	-117.052169	-0.260974
59800.000028	-128.275754	0.342535	-133.294286	0.155337	-92.874668	0.194378	-115.903560	0.427411
59900.000028	-129.733649	-0.483103	-128.526665	0.126773	-92.722813	0.482812	-126.291032	-0.116561
60000.000028	-125.606127	0.404504	-123.419759	0.323309	-100.655431	0.284336	-121.823875	0.162790
60100.000028	-126.459383	-0.372972	-121.886449	0.455269	-91.655467	-0.176305	-127.345188	0.488252
60200.000028	-119.664374	-0.489829	-120.470445	-0.408120	-96.723162	-0.211610	-119.185540	0.430818
60300.000028	-114.771087	0.462624	-129.895787	0.090551	-105.495279	-0.416029	-96.708779	0.052522
60400.000028	-130.273992	-0.274855	-125.916553	0.403167	-97.050596	0.216414	-126.533470	0.013489
60500.000028	-121.204696	0.027061	-119.119351	0.292648	-91.154391	-0.036651	-127.520140	-0.221555
60600.000028	-123.305020	-0.489676	-122.546402	-0.474758	-95.529862	0.301936	-133.618995	0.437452
60700.000028	-116.352170	0.484350	-117.019570	-0.189858	-98.208275	0.098169	-129.855755	-0.321218
60800.000028	-116.421134	-0.031608	-118.889333	-0.417352	-89.847979	0.306482	-117.760731	0.299516
60900.000028	-116.117468	0.006079	-120.237101	0.092606	-104.051051	-0.257888	-122.718218	0.000258
61000.000028	-123.717477	-0.101684	-128.856721	0.219804	-97.986075	-0.226686	-121.345042	0.034035
61100.000028	-122.995529	0.300950	-129.399064	-0.212082	-94.660971	-0.482010	-117.776510	-0.427908
61200.000028	-119.842966	-0.306546	-130.009484	0.441047	-95.679895	0.496699	-121.793885	-0.216960
61300.000028	-119.406176	-0.353060	-133.969813	-0.477703	-101.363662	-0.298888	-119.781922	-0.381333
61400.000028	-118.007892	0.044069	-116.759837	0.048759	-89.418469	0.069411	-139.305499	-0.092894
61500.000028	-117.354545	0.400917	-121.254852	0.193397	-96.431255	-0.070941	-122.079696	0.042761
61600.000028	-121.219101	-0.071343	-126.691254	0.288494	-99.725565	-0.061759	-119.443892	0.425125
61700.000028	-126.367487	0.442087	-118.976498	0.485505	-101.171395	-0.249341	-115.884107	-0.195914
61800.000028	-121.220049	0.154240	-119.676680	0.494451	-94.989884	-0.229726	-114.784400	0.463913
61900.000029	-122.935386	-0.376207	-114.375722	0.187405	-95.547739	0.413340	-122.091928	-0.061818
62000.000029	-117.273850	-0.074660	-134.518613	-0.423004	-91.588022	0.336911	-120.965527	0.245100
62100.000029	-121.306675	0.188046	-117.815473	-0.165171	-94.277873	0.295286	-125.723042	-0.472732
62200.000029	-115.170191	-0.351203	-116.005064	0.315279	-94.798099	-0.371408	-126.498731	-0.238884
62300.000029	-119.670217	-0.332304	-125.026251	-0.435251	-111.834055	0.198663	-126.970071	-0.092557
62400.000029	-125.793840	0.331044	-127.068089	0.281455	-91.317727	-0.322936	-120.540369	0.297120
62500.000029	-121.364105	0.494180	-126.443507	-0.497338	-97.672711	-0.254176	-122.697134	0.155925
62600.000029	-120.828759	0.245117	-116.234965	-0.392359	-94.715957	0.033037	-118.048854	0.053177
62700.000029	-116.748873	-0.191182	-123.128208	0.299491	-94.031228	-0.330150	-123.301134	-0.220752
62800.000029	-121.735865	-0.013905	-123.562193	0.436061	-121.944118	-0.279221	-124.056199	-0.187748
62900.000029	-117.634772	0.183746	-127.412870	-0.326305	-92.620958	0.433436	-119.395788	0.328173
63000.000029	-122.691722	0.240093	-120.770348	-0.009813	-98.572240	-0.137493	-120.230908	0.309659
63100.000029	-131.104000	0.444458	-126.662260	0.032821	-91.342607	0.025151	-113.346398	0.314807
63200.000029	-132.570165	0.319969	-115.355858	0.432927	-100.023720	-0.414010	-113.877808	0.483222
63300.000029	-124.049748	-0.458725	-114.501683	0.416348	-106.459772	-0.238429	-125.724237	0.499494
63400.000029	-121.473599	-0.445765	-120.629117	0.020714	-99.345993	-0.289456	-125.281974	0.305962
63500.000029	-114.719442	-0.098350	-117.544229	-0.094562	-95.430623	-0.434661	-125.599613	0.109391
63600.000029	-126.345432	0.263399	-123.891397	0.457144	-98.207784	-0.140571	-125.093040	-0.386020
63700.000029	-125.108983	0.001519	-124.857136	-0.272383	-93.089396	-0.395929	-115.695755	0.342646
63800.000029	-123.526198	-0.044194	-120.295362	0.171364	-94.151280	0.111816	-124.821899	-0.134499
63900.000029	-126.942348	0.052311	-117.826952	0.154860	-96.753355	0.288493	-120.552270	0.207056
64000.000030	-117.712328	0.467292	-134.465423	0.227552	-90.445883	0.450232	-108.420169	0.355804
64100.000030	-131.082764	0.413550	-119.154754	0.261334	-95.819613	0.151179	-125.815991	0.213564
64200.000030	-117.954194	-0.279643	-118.007080	-0.424313	-91.540444	-0.454149	-122.541438	0.036726
64300.000030	-115.510719	0.135596	-117.717920	-0.107212	-98.163691	-0.454117	-118.930141	-0.149934
64400.000030	-122.187961	-0.441606	-117.163641	0.161450	-99.426380	0.161786	-119.677564	0.408191
64500.000030	-115.491011	-0.491471	-118.524424	-0.200054	-94.345044	-0.270523	-124.338555	0.096680
64600.000030	-119.315316	0.490043	-121.635639	0.125265	-100.230534	0.320821	-123.705893	-0.324036
64700.000030	-127.746886	-0.061608	-129.715238	0.342909	-92.967403	0.499416	-121.752646	-0.336545
64800.000030	-128.322780	0.349765	-125.454732	0.237724	-92.224471	-0.235065	-126.970183	-0.058851
64900.000030	-116.977327	0.078212	-126.601712	-0.198541	-96.226349	0.409787	-120.501731	-0.014165
65000.000030	-115.070358	-0.486706	-116.878478	-0.466004	-95.682721	-0.390873	-130.085909	-0.395494
65100.000030	-130.891820	-0.254051	-127.723942	0.050871	-94.448868	0.047702	-126.184636	0.282578
65200.000030	-124.564555	0.381638	-120.160827	0.389056	-93.961381	0.331920	-123.058684	0.006091
65300.000030	-116.511787	-0.274539	-122.633410	-0.160682	-94.545254	0.440839	-117.091990	-0.198102
65400.000030	-126.189563	0.369842	-125.558938	0.121458	-96.921568	0.071145	-131.708292	0.158959
65500.000030	-133.222111	-0.488939	-125.757260	0.018392	-96.636784	0.243910	-124.112145	0.131745
65600.000030	-119.339050	-0.000436	-133.394759	-0.299386	-97.727721	0.269164	-116.790555	-0.482988
65700.000030	-121.215233	-0.433209	-119.947862	0.402726	-99.169965	-0.126568	-116.192741	-0.040340
65800.000030	-120.220980	-0.316480	-118.043538	0.051273	-95.734476	0.260697	-120.067647	0.187814
65900.000030	-120.644264	0.335451	-125.245792	-0.297838	-93.965920	0.299459	-126.451213	0.210353
66000.000030	-118.208783	0.085733	-121.400358	-0.007769	-96.034243	0.103927	-117.797891	0.145621
66100.000030	-123.253776	-0.452929	-118.024932	0.028809	-91.039819	-0.285797	-121.662611	0.378581
66200.000031	-125.802766	-0.087032	-115.576816	-0.119521	-103.577147	-0.045764	-126.346781	-0.087847
66300.000031	-117.378224	0.188117	-123.407989	0.079581	-89.770747	-0.237441	-118.968764	-0.289540
66400.000031	-121.052978	0.068934	-123.904350	0.141044	-92.048694	0.416523	-120.738656	0.017693
66500.000031	-119.858071	-0.450420	-117.384167	-0.203417	-100.165376	0.352408	-126.250075	0.165860
66600.000031	-118.233536	-0.197164	-116.616202	-0.152491	-91.040449	-0.362207	-127.187873	0.250513
66700.000031	-128.303953	0.427631	-122.206825	-0.257250	-97.625229	-0.344644	-126.532471	0.321977
66800.000031	-121.294228	-0.291938	-118.168047	0.129431	-93.008110	-0.151240	-118.373039	-0.009524
66900.000031	-116.672285	-0.093527	-116.016410	-0.056787	-94.187869	0.051661	-116.218373	-0.092681
67000.000031	-113.674767	-0.306609	-117.094593	0.031522	-99.771402	-0.143971	-96.109847	0.303489
67100.000031	-117.237166	0.403034	-112.448973	0.020941	-97.061567	-0.475764	-129.332294	-0.091805
67200.000031	-121.668201	0.211169	-124.393726	0.184145	-95.755159	-0.129416	-118.798955	0.029135
67300.000031	-121.167204	-0.321453	-120.965512	0.105518	-102.583175	0.023233	-129.234555	0.231162
67400.000031	-128.697923	0.168590	-124.156681	0.458424	-91.489795	0.456416	-114.625631	0.183171
67500.000031	-111.888636	-0.237637	-120.673139	-0.264018	-104.175111	-0.447116	-116.894021	-0.332508
67600.000031	-119.200847	0.477679	-124.346526	0.365835	-107.234420	-0.140165	-116.615983	-0.471728
67700.000031	-121.778312	0.471166	-121.489184	-0.020292	-102.679547	0.106728	-113.776507	0.205005
67800.000031	-118.895877	0.223904	-121.835934	0.152183	-96.112989	0.472366	-114.799946	0.279688
67900.000031	-124.450499	0.024219	-119.205241	-0.469888	-93.653977	-0.064717	-121.159385	0.425980
68000.000031	-118.105301	-0.372212	-116.021908	-0.326661	-89.100730	0.204445	-120.950228	0.190871
68100.000031	-118.191598	0.129662	-123.544717	-0.491561	-98.841625	0.282753	-127.158973	-0.034040
68200.000031	-138.056263	0.386578	-120.527448	-0.307040	-93.687714	0.339084	-119.854698	0.128563
68300.000031	-112.037716	0.424083	-127.224306	-0.396672	-100.324266	-0.287116	-120.187882	-0.339883
68400.000032	-113.416719	-0.036358	-118.234681	0.340128	-98.892119	0.270390	-126.468042	-0.461821
68500.000032	-138.736211	-0.236381	-116.962597	0.332574	-97.579658	-0.408224	-117.265137	-0.296266
68600.000032	-123.282030	0.403365	-118.506197	-0.257762	-107.807715	0.158053	-117.254719	-0.056878
68700.000032	-122.150999	0.399022	-119.364175	0.145448	-95.242360	0.125434	-121.946704	0.011846
68800.000032	-121.605722	-0.496863	-131.764196	0.054525	-97.591383	-0.184128	-123.029811	0.418538
68900.000032	-122.155511	0.311713	-120.039578	-0.353659	-103.035888	0.321966	-124.503025	-0.346969
69000.000032	-117.556501	0.430047	-122.621439	0.403970	-98.200076	0.349221	-122.444922	-0.184961
69100.000032	-112.350850	-0.043474	-121.442847	-0.399538	-94.654543	0.387444	-123.490102	0.051753
69200.000032	-130.437533	0.218250	-146.491244	0.488000	-95.917666	0.049395	-124.008872	-0.187842
69300.000032	-118.103564	-0.456643	-119.773349	0.359412	-97.483233	-0.136994	-121.894395	0.416566
69400.000032	-127.992870	-0.432896	-118.216978	-0.251298	-111.925579	-0.170942	-118.338108	-0.328501
69500.000032	-115.366021	-0.196899	-138.563937	0.218104	-97.690126	-0.351871	-118.478831	0.176019
69600.000032	-119.638615	-0.339535	-123.575288	0.055221	-96.166221	0.498343	-125.548279	-0.421839
69700.000032	-127.997916	0.195731	-115.597684	-0.045240	-101.123508	0.023224	-123.840325	0.287903
69800.000032	-126.986270	-0.233200	-123.101402	0.307251	-95.849305	0.459992	-125.537940	0.192208
69900.000032	-146.058942	-0.304175	-119.091400	0.042097	-98.736854	-0.410980	-119.853160	0.019363
70000.000032	-119.853332	-0.087597	-120.720173	-0.362983	-111.464113	-0.133136	-110.890112	0.227124
70100.000032	-131.036555	0.422248	-138.314825	0.354804	-96.428722	0.286513	-117.646840	-0.216473
70200.000032	-121.550944	0.060842	-118.712423	-0.029655	-99.718368	-0.362131	-134.906543	-0.272595
70300.000032	-121.049971	-0.413967	-113.822023	0.432494	-95.671193	0.055238	-123.984531	-0.030421
70400.000032	-119.179096	-0.180827	-127.704724	-0.331990	-94.899990	0.379450	-124.195201	-0.212066
70500.000032	-115.652120	-0.489316	-119.449044	0.064555	-98.906556	-0.036619	-120.803423	0.013124
70600.000033	-117.323941	0.095201	-117.964766	-0.177471	-95.321885	-0.382192	-124.717451	0.022016
70700.000033	-124.543218	-0.160478	-121.543128	0.191999	-94.191398	-0.485766	-105.725872	-0.353494
70800.000033	-127.087029	-0.044185	-121.633798	-0.419866	-96.135248	0.203684	-115.124901	-0.479526
70900.000033	-119.770607	0.265972	-120.521210	-0.212023	-103.830032	0.449861	-121.156845	0.467472
71000.000033	-117.762228	-0.465528	-116.280829	-0.227847	-95.937319	0.257630	-117.894252	-0.399369
71100.000033	-118.142648	0.342691	-122.910343	-0.209721	-99.028625	-0.266795	-121.209768	-0.475514
71200.000033	-131.039585	0.007539	-118.013361	0.484139	-97.632889	-0.346383	-121.929177	0.406568
71300.000033	-129.486281	-0.490580	-120.124931	-0.108882	-97.388447	-0.194803	-115.345886	0.389080
71400.000033	-127.655714	-0.309662	-128.454167	-0.053008	-88.626915	-0.262535	-118.009904	0.185838
71500.000033	-116.747446	-0.106590	-119.437766	0.250711	-101.436583	-0.402378	-121.706939	0.063794
71600.000033	-122.407403	-0.053263	-120.171032	0.480090	-111.001724	0.055894	-121.984771	-0.444911
71700.000033	-119.407743	0.382442	-124.583085	-0.052208	-96.937326	-0.345230	-112.736257	-0.209760
71800.000033	-117.419468	-0.114773	-125.533906	0.234706	-94.012787	0.350987	-121.082219	0.324680
71900.000033	-121.419062	-0.053133	-118.916025	-0.270418	-105.358462	0.004665	-114.531861	0.192319
72000.000033	-120.155584	0.271221	-118.420141	0.099982	-102.663831	0.056792	-117.841492	0.423720
72100.000033	-119.989078	0.304391	-116.536015	0.114351	-97.030318	-0.395190	-113.720528	-0.007659
72200.000033	-119.297166	-0.274649	-118.972613	-0.283640	-106.775374	0.222728	-119.531563	-0.426239
72300.000033	-137.640054	-0.284524	-120.673839	0.432390	-100.357213	-0.094966	-117.909992	-0.331610
72400.000033	-128.437337	-0.469601	-135.363875	-0.378977	-95.645963	-0.211707	-122.688719	0.229694
72500.000033	-129.955977	-0.139712	-120.589025	0.360597	-98.125671	0.054017	-119.033294	-0.003151
72600.000033	-140.971832	-0.109459	-123.697027	0.239628	-95.724912	0.300946	-127.067082	0.174123
72700.000034	-121.804461	-0.430306	-120.912871	0.362092	-89.996625	0.128864	-120.266552	0.120191
72800.000034	-119.815365	-0.299586	-118.699643	0.375104	-93.250998	0.355930	-116.642361	-0.129627
72900.000034	-125.340175	-0.080159	-123.340724	0.111043	-108.726076	0.308880	-126.925989	-0.290933
73000.000034	-132.953201	-0.185102	-115.188881	-0.368604	-94.387961	0.061416	-121.466627	0.039768
73100.000034	-123.395534	-0.462852	-141.966466	0.181555	-99.667381	0.359947	-113.793716	0.214553
73200.000034	-124.152794	-0.336336	-128.749278	-0.280418	-104.950792	-0.306953	-119.226087	0.115120
73300.000034	-122.142879	0.373828	-117.405405	-0.219691	-108.367530	0.321070	-131.699667	-0.285949
73400.000034	-115.172155	0.090138	-126.909665	0.160433	-93.341623	-0.252585	-115.117359	-0.441756
73500.000034	-121.558109	0.254672	-123.931962	-0.047620	-102.191751	-0.329051	-121.816080	-0.037770
73600.000034	-121.644062	-0.118643	-112.964432	0.039952	-94.314564	0.471348	-117.896120	-0.275382
73700.000034	-130.168708	-0.417975	-120.649473	0.299509	-95.656054	0.096162	-107.976811	0.148299
73800.000034	-122.919832	0.489860	-124.579074	0.102457	-90.332016	0.224843	-124.471926	-0.098424
73900.000034	-119.988390	0.013661	-118.995459	0.194167	-94.243589	-0.015065	-115.924200	-0.168364
74000.000034	-124.777661	-0.174431	-118.244200	0.076585	-102.326485	0.419171	-149.992060	0.051777
74100.000034	-121.699305	0.148666	-118.264331	-0.241377	-98.678385	-0.135884	-120.946473	0.381549
74200.000034	-115.751121	-0.317488	-123.906622	-0.293720	-118.113868	-0.464932	-119.168437	-0.009217
74300.000034	-115.793136	-0.089973	-118.896893	-0.037644	-95.099250	0.447762	-118.517550	-0.434753
74400.000034	-124.402077	-0.439719	-117.054558	0.101505	-107.741995	0.168434	-127.953244	0.019191
74500.000034	-115.690411	-0.315634	-126.454592	-0.074122	-92.810473	0.003922	-120.351723	-0.498177
74600.000034	-124.865663	-0.402428	-127.648898	0.061658	-99.180677	-0.234093	-123.211715	-0.188336
74700.000034	-119.313587	-0.471426	-116.404389	-0.074078	-100.816909	-0.142774	-116.089957	0.301577
74800.000034	-120.902944	-0.099835	-131.262730	-0.236136	-116.199084	0.187180	-118.612129	-0.321564
74900.000035	-133.598636	-0.006438	-114.681810	0.386849	-93.583828	-0.197060	-119.504089	-0.308326
75000.000035	-116.436072	-0.318370	-129.860568	0.317234	-92.526043	0.148734	-128.559849	-0.003189
75100.000035	-116.079664	0.038230	-116.663080	-0.310250	-103.594156	-0.015113	-132.665234	-0.173096
75200.000035	-129.371914	0.061799	-123.892977	-0.245209	-100.060795	0.202377	-134.008763	-0.239474
75300.000035	-130.097113	-0.077755	-114.303327	-0.032224	-93.524873	-0.381522	-125.997767	-0.100046
75400.000035	-118.030520	-0.469482	-125.631505	0.333151	-93.289308	0.132650	-125.161891	0.256674
75500.000035	-132.979036	-0.004229	-120.797338	-0.465760	-99.888249	0.366272	-133.875442	-0.046161
75600.000035	-117.665280	-0.185946	-119.211054	0.148490	-97.055671	0.336362	-119.730841	0.332643
75700.000035	-119.884013	-0.161357	-117.669805	0.001183	-98.946927	-0.471373	-122.594199	0.143741
75800.000035	-122.648482	-0.210783	-115.655204	-0.122045	-98.795064	0.218493	-133.545222	-0.029246
75900.000035	-127.903513	0.386165	-127.110663	-0.131517	-98.416281	-0.304280	-117.766956	0.484935
76000.000035	-117.443063	-0.305453	-123.664865	-0.308928	-103.028743	0.413857	-117.532712	-0.371443
76100.000035	-119.957473	0.098150	-129.979587	-0.404281	-99.920155	-0.035435	-128.260083	0.225707
76200.000035	-119.317704	-0.045675	-119.926330	0.221196	-102.058226	0.480915	-117.366154	-0.001299
76300.000035	-114.379375	-0.142604	-126.844383	0.176652	-101.579531	0.448433	-116.778551	-0.066298
76400.000035	-121.704777	-0.459969	-116.580339	0.151424	-106.067573	0.484973	-117.662189	0.468089
76500.000035	-115.151026	0.421847	-114.586139	0.380610	-110.878376	-0.377658	-130.794164	-0.089353
76600.000035	-121.707388	0.131034	-121.357407	-0.328043	-91.110505	0.065478	-119.299252	0.474544
76700.000035	-120.695108	0.244922	-121.495656	0.454779	-93.134782	-0.181083	-111.300634	-0.361434
76800.000035	-134.107642	-0.112954	-117.734529	-0.224979	-109.946254	0.020186	-121.791969	0.251541
76900.000035	-121.094863	-0.487095	-135.019980	-0.373759	-96.977879	-0.104043	-114.376256	0.133249
77000.000035	-116.284954	0.014275	-115.207798	0.254289	-94.819375	-0.341431	-114.099740	-0.169785
77100.000036	-133.492439	-0.144502	-123.329235	0.038046	-99.816470	-0.412907	-130.250946	0.223795
77200.000036	-118.701606	0.235893	-116.831492	-0.320822	-97.188892	-0.411968	-120.905639	0.462770
77300.000036	-118.921120	0.110652	-125.903655	0.160161	-105.260330	-0.307300	-124.820964	0.224926
77400.000036	-123.216211	-0.096703	-111.724496	0.467185	-102.588854	-0.201108	-123.024985	-0.153964
77500.000036	-116.594963	0.199443	-127.458931	-0.080604	-94.046763	0.111892	-118.763184	0.454455
77600.000036	-125.574053	-0.061451	-126.316562	-0.430306	-102.016888	0.074614	-116.272137	0.392558
77700.000036	-124.239876	-0.300329	-120.687968	-0.330532	-99.301903	-0.070724	-121.304888	-0.099027
77800.000036	-120.953917	0.270595	-140.934069	0.451241	-101.667484	-0.202645	-115.589700	0.156106
77900.000036	-119.508104	-0.382646	-118.685119	0.458464	-99.350303	-0.141965	-122.000147	-0.205125
78000.000036	-114.471737	0.127148	-117.290198	0.401320	-97.817290	-0.317490	-124.184566	0.204729
78100.000036	-114.494005	-0.021763	-116.768460	-0.228360	-117.122474	-0.412130	-122.515681	-0.280037
78200.000036	-122.920144	0.027625	-113.753138	0.161228	-100.526178	-0.118595	-121.569065	0.056486
78300.000036	-120.113917	0.175629	-125.940893	0.188197	-100.927765	-0.294499	-116.190117	0.018108
78400.000036	-116.401112	0.021815	-119.177729	0.310976	-106.810021	0.122866	-121.936906	-0.067906
78500.000036	-119.561103	-0.347712	-117.978674	0.241384	-95.408214	0.323295	-125.405683	-0.036207
78600.000036	-124.560911	-0.169134	-121.960017	0.063467	-95.619983	0.376951	-124.144938	-0.450145
78700.000036	-128.612371	0.085522	-122.132634	0.436315	-95.486439	0.429620	-123.748653	0.288008
78800.000036	-116.484083	-0.300875	-119.210823	0.031199	-92.392227	-0.116658	-115.718623	-0.325069
78900.000036	-119.651489	0.374582	-115.145568	0.024906	-100.954845	0.050588	-120.662417	0.160736
79000.000036	-118.660946	-0.265542	-118.730280	0.211859	-96.333857	-0.237589	-122.777459	-0.204055
79100.000036	-114.521663	0.149557	-125.726511	0.285460	-98.863190	-0.330083	-121.515549	0.170278
79200.000037	-117.030634	-0.192461	-131.367767	0.342947	-99.773001	-0.427324	-119.896953	0.491396
79300.000037	-122.332255	-0.134589	-120.572635	0.082674	-99.162256	0.351773	-116.457892	0.117026
79400.000037	-123.340415	-0.133780	-126.065281	0.392429	-94.934830	-0.461738	-117.669195	-0.446740
79500.000037	-120.496432	0.212834	-115.225248	-0.457535	-94.186644	0.161719	-123.352041	-0.268668
79600.000037	-118.191251	-0.279018	-118.569696	0.379467	-100.363471	0.499318	-119.121458	-0.234087
79700.000037	-130.634363	-0.118625	-120.329166	0.087356	-97.490613	-0.033167	-119.793427	0.459198
79800.000037	-117.549399	0.243646	-123.753455	-0.386557	-108.325510	-0.141176	-117.707304	0.444317
79900.000037	-118.238227	0.406551	-120.947609	0.406990	-101.803528	-0.305290	-119.093067	-0.319750
80000.000037	-125.336519	0.396939	-120.250856	0.222122	-93.095127	0.049230	-123.074602	-0.494364
80100.000037	-115.037490	-0.003845	-122.244071	0.071649	-103.498334	-0.199686	-119.632279	0.366317
80200.000037	-129.335730	0.297975	-120.784198	0.052926	-116.472989	-0.074363	-117.187945	0.285566
80300.000037	-120.580560	0.479389	-125.793576	-0.144525	-100.460271	-0.145909	-126.479928	0.369680
80400.000037	-117.668077	0.368935	-113.289313	0.085802	-107.035794	-0.429590	-118.026502	0.243048
80500.000037	-127.628686	0.469256	-122.415867	0.345617	-107.721192	0.074705	-120.514642	0.216984
80600.000037	-119.360067	-0.079505	-124.387071	-0.475401	-97.276565	0.159119	-137.862168	0.008545
80700.000037	-121.079127	0.491480	-118.051729	-0.289296	-98.086443	-0.439487	-120.948359	-0.026710
80800.000037	-114.837309	-0.398835	-123.787188	-0.075852	-95.813553	0.494107	-118.673657	0.121976
80900.000037	-124.197525	0.360860	-120.265467	-0.377835	-91.036193	0.463234	-128.067749	-0.455289
81000.000037	-110.826606	0.181070	-119.573360	-0.075358	-108.922775	-0.208832	-120.939422	-0.424543
81100.000037	-115.841119	-0.081606	-111.154677	0.407222	-108.724478	-0.156239	-128.224339	-0.320500
81200.000037	-115.670014	0.444344	-125.777172	0.090819	-97.013741	-0.399218	-112.660418	0.211237
81300.000037	-113.357431	0.157043	-105.477827	-0.368533	-98.000403	-0.170337	-128.073124	-0.112319
81400.000038	-122.119370	-0.374465	-100.936866	0.194952	-100.100911	-0.334213	-116.940544	0.304820
81500.000038	-116.961850	-0.481246	-105.311478	0.295978	-107.038575	0.455574	-127.549406	-0.281447
81600.000038	-126.943638	0.456933	-110.383746	0.004031	-94.382500	0.134012	-114.015353	-0.300800
81700.000038	-115.337049	0.271007	-132.881140	-0.364785	-98.001735	-0.312548	-114.081044	-0.415396
81800.000038	-122.707258	0.082837	-122.036454	0.386808	-100.372724	-0.015938	-121.954871	0.459354
81900.000038	-124.056421	0.445975	-123.513088	-0.046892	-99.633659	-0.145409	-120.417562	0.234122
82000.000038	-114.409151	-0.241990	-119.990408	-0.258227	-94.946739	0.064555	-120.395499	-0.304731
82100.000038	-116.056784	-0.071120	-115.406475	0.151961	-96.060280	0.330404	-122.437086	0.279484
82200.000038	-121.647178	-0.006842	-123.078950	0.235235	-102.069548	-0.487767	-117.496714	0.083874
82300.000038	-128.717953	0.376922	-123.352673	-0.196510	-90.050456	0.111351	-118.517305	-0.016940
82400.000038	-140.955623	-0.078185	-116.165909	0.293105	-100.982720	-0.069148	-120.739452	0.002475
82500.000038	-125.019276	-0.376619	-120.472551	0.338545	-95.405169	0.096999	-125.687965	0.207979
82600.000038	-119.202236	-0.222811	-114.899315	0.085702	-103.996350	-0.233298	-117.366135	-0.449769
82700.000038	-118.806090	0.208486	-114.454669	-0.087726	-101.873236	0.434658	-120.149090	0.494375
82800.000038	-122.349084	-0.054622	-116.383916	-0.259285	-113.422727	0.278519	-120.245224	-0.435207
82900.000038	-124.251597	0.408610	-124.522529	0.253404	-99.719513	-0.067032	-127.286060	-0.132725
83000.000038	-118.226646	0.428114	-113.000053	0.155108	-102.954069	-0.077811	-118.099704	0.472178
83100.000038	-119.200440	-0.490124	-135.023552	-0.104621	-95.125184	0.358166	-114.123320	-0.212118
83200.000038	-119.675609	0.421253	-114.695049	-0.368997	-116.962258	0.079276	-118.045596	0.137532
83300.000038	-117.583364	0.332506	-124.635898	0.253169	-100.836679	-0.352034	-118.196034	0.299158
83400.000038	-116.269282	0.331920	-125.566569	0.026198	-94.218538	-0.390744	-111.526599	0.370944
83500.000038	-124.687450	-0.146831	-116.015284	0.131086	-97.188382	-0.119221	-118.004925	-0.370378
83600.000039	-116.248052	0.320185	-120.620759	0.362038	-98.393265	0.298748	-117.071963	-0.087237
83700.000039	-130.781023	-0.072245	-119.008432	-0.267397	-108.676729	0.193719	-120.534519	-0.040986
83800.000039	-134.002431	0.062594	-129.773518	-0.027341	-94.273465	0.374522	-128.553951	-0.440461
83900.000039	-112.583056	0.398964	-129.832287	0.189809	-103.307283	-0.441266	-119.473530	-0.348944
84000.000039	-118.136588	0.358108	-126.211578	-0.334307	-95.106951	0.031018	-120.693915	0.349335
84100.000039	-123.980166	-0.083167	-119.187575	-0.370144	-95.990925	-0.365870	-98.656973	0.215353
84200.000039	-119.813788	-0.397273	-116.196594	0.165941	-100.288846	-0.159091	-121.544414	-0.359821
84300.000039	-118.843844	-0.472294	-122.482066	0.356449	-106.547061	0.092704	-114.144276	-0.450283
84400.000039	-119.207766	-0.257085	-118.233635	0.153563	-101.150461	-0.121250	-119.210227	-0.193656
84500.000039	-113.513598	0.489179	-120.064057	0.323960	-118.050136	-0.265478	-118.335818	-0.418251
84600.000039	-118.915246	0.089790	-123.809825	-0.443249	-99.291894	0.417705	-121.502973	0.100857
84700.000039	-125.447545	0.126991	-115.103745	-0.224200	-99.385508	0.135823	-114.009633	0.108595
84800.000039	-115.658498	0.065994	-122.195541	0.091559	-98.781343	-0.285833	-111.279658	0.160156
84900.000039	-119.997909	-0.007604	-122.169216	0.077671	-92.383187	0.395983	-141.765035	-0.033324
85000.000039	-116.863880	0.340356	-115.413145	-0.146786	-98.554861	-0.052355	-126.854681	0.050789
85100.000039	-113.539320	-0.448532	-120.106072	0.454335	-94.089967	-0.402832	-126.257029	-0.420065
85200.000039	-121.206538	0.376760	-116.966160	-0.243753	-104.619521	0.300896	-123.429377	-0.079896
85300.000039	-124.105830	0.146445	-124.734996	-0.124244	-93.552482	0.208674	-121.841034	0.462734
85400.000039	-122.372371	0.489739	-122.008142	0.261896	-103.629671	0.490304	-113.866181	0.283298
85500.000039	-117.870666	0.015181	-121.673435	-0.160793	-98.241522	-0.317313	-115.680268	0.091288
85600.000039	-120.322731	0.472728	-113.720120	0.181833	-97.173257	-0.364416	-116.934078	-0.238497
85700.000040	-117.212710	-0.377022	-113.525292	-0.279407	-93.419802	0.048276	-121.759041	0.425624
85800.000040	-121.497288	0.415587	-125.619091	0.495819	-114.891758	0.058806	-127.774394	-0.210265
85900.000040	-117.090301	0.429229	-116.981102	0.283459	-106.397613	0.414348	-131.504757	0.052944
86000.000040	-137.762078	0.363619	-115.756994	0.353132	-96.453853	-0.466278	-119.367229	-0.137325
86100.000040	-116.075175	-0.179968	-119.616709	-0.035709	-102.598787	-0.126722	-124.897873	-0.088285
86200.000040	-127.802197	-0.011479	-114.396829	0.149923	-101.967776	0.128407	-117.851248	-0.395221
86300.000040	-120.255336	-0.483418	-114.904365	-0.113351	-102.338668	-0.325596	-124.516043	-0.086155
86400.000040	-125.635431	-0.347844	-113.898185	-0.065421	-108.533399	-0.339125	-114.403527	-0.377052
86500.000040	-115.882449	-0.278869	-117.848199	0.020551	-97.073534	-0.195899	-116.424333	0.187004
86600.000040	-118.777553	-0.189107	-120.789745	-0.085109	-101.530083	0.179653	-122.470369	-0.389569
86700.000040	-114.406937	0.126407	-137.001658	-0.487562	-106.366435	-0.262620	-117.685022	-0.037778
86800.000040	-119.726167	0.038333	-114.386562	0.185547	-104.344972	0.472808	-124.419589	0.377605
86900.000040	-117.094996	-0.310744	-134.890058	-0.207116	-100.466241	0.289331	-113.048514	-0.019025
87000.000040	-122.360077	-0.483912	-121.658372	-0.322963	-98.031204	0.457572	-119.001840	-0.364602
87100.000040	-121.037815	-0.417930	-120.783631	-0.160634	-98.300027	0.326532	-104.216878	0.136603
87200.000040	-116.731705	0.187121	-114.879911	-0.346016	-102.686322	-0.082146	-118.140087	0.031689
87300.000040	-124.034318	0.492824	-113.676713	-0.345792	-103.982945	0.161411	-121.918208	0.237003
87400.000040	-113.807267	-0.466810	-119.090618	0.414135	-97.421040	-0.467385	-114.997177	-0.113950
87500.000040	-120.382876	0.270192	-142.062791	-0.297776	-96.248467	0.450334	-116.295475	0.367390
87600.000040	-131.200412	0.019049	-127.229082	-0.396038	-110.722376	0.030116	-122.882595	0.135664
87700.000040	-121.195053	-0.084067	-121.018584	-0.229921	-112.292509	-0.367225	-123.273541	0.082764
87800.000040	-131.212645	-0.145942	-123.140666	-0.116265	-99.655019	0.496404	-108.900977	0.074883
87900.000041	-123.646008	-0.321558	-131.622896	0.050098	-113.458736	-0.444255	-120.140173	-0.198374
88000.000041	-112.127449	-0.435980	-129.146239	-0.137533	-98.696427	0.141449	-123.819987	0.274210
88100.000041	-130.601041	0.359999	-119.859319	0.258398	-108.670688	0.490154	-114.684084	0.037731
88200.000041	-125.267421	0.296516	-121.782509	-0.325656	-98.833343	-0.056147	-132.141696	0.228174
88300.000041	-133.419809	-0.459506	-135.888660	0.314689	-101.109259	-0.266985	-112.695891	-0.310498
88400.000041	-116.721758	-0.434955	-116.054575	-0.000236	-96.627927	-0.346051	-111.230163	0.191096
88500.000041	-120.993439	-0.472152	-113.986759	-0.422426	-95.185887	0.207129	-116.403784	0.270385
88600.000041	-117.611789	-0.260456	-117.901614	-0.143809	-99.164420	0.293979	-114.983464	-0.316597
88700.000041	-122.687468	-0.068414	-116.819046	-0.466614	-106.476917	-0.323199	-122.262589	0.024316
88800.000041	-118.743295	0.002729	-122.577982	-0.282549	-107.477778	-0.013530	-115.570764	-0.173245
88900.000041	-123.620669	-0.066730	-116.360551	0.117469	-98.930094	0.412099	-117.841718	0.371421
89000.000041	-114.078751	0.265339	-127.737291	0.128774	-105.628015	-0.019160	-123.957739	-0.181512
89100.000041	-125.201658	-0.246492	-114.784979	-0.196265	-100.114700	-0.125038	-119.066696	-0.372756
89200.000041	-114.806402	-0.361411	-116.192041	-0.203814	-98.018388	0.406461	-134.586011	-0.142267
89300.000041	-127.513827	-0.440896	-115.666229	-0.087654	-107.880567	-0.332860	-115.165952	0.240825
89400.000041	-118.532220	-0.228048	-120.134298	0.293565	-96.189747	0.488569	-112.890402	-0.474704
89500.000041	-125.324168	-0.283120	-118.242638	-0.060901	-92.529498	-0.459731	-119.494854	-0.163238
89600.000041	-127.543362	-0.384248	-124.893956	0.469522	-101.535795	-0.457720	-116.942881	0.441612
89700.000041	-118.741406	0.118055	-123.028133	0.036903	-111.801261	-0.115822	-129.119357	-0.099986
89800.000041	-114.451242	-0.320468	-118.766318	0.311354	-99.972607	-0.039497	-119.372016	-0.041196
89900.000041	-117.594971	-0.062671	-118.493935	0.198711	-98.626232	-0.014925	-115.518405	0.287814
90000.000041	-112.985855	-0.099558	-128.304294	0.078940	-100.080355	-0.001955	-129.022613	0.455627
90100.000042	-128.519519	-0.186670	-112.019336	-0.176276	-110.628830	-0.420668	-123.148118	0.125211
90200.000042	-121.175811	0.154417	-126.308229	0.486942	-98.183248	0.338990	-123.664515	0.278929
90300.000042	-119.639357	-0.263455	-119.952665	0.137518	-101.959479	-0.161027	-117.402536	-0.149590
90400.000042	-122.123275	-0.083556	-126.858262	-0.013421	-98.836089	-0.347900	-124.712059	0.312138
90500.000042	-124.763929	0.388618	-126.286466	-0.253165	-101.625678	-0.071925	-118.039749	-0.265937
90600.000042	-114.652178	-0.419663	-112.704250	0.436890	-94.309237	-0.294668	-127.972201	0.410084
90700.000042	-118.591412	0.206426	-115.539550	0.457538	-105.340133	0.020817	-114.917174	-0.342890
90800.000042	-121.006979	-0.137237	-116.988142	0.323302	-105.895807	0.425606	-107.729934	0.448306
90900.000042	-119.734783	-0.328375	-117.601258	-0.408347	-101.349535	0.297394	-114.026970	-0.096619
91000.000042	-119.868759	-0.232950	-115.047023	0.482704	-106.085877	-0.136777	-118.348373	-0.395072
91100.000042	-131.172804	0.353804	-122.112419	-0.415901	-95.772982	-0.117873	-117.860526	-0.220385
91200.000042	-119.312163	-0.062846	-110.731184	0.379533	-103.750258	0.115442	-111.726720	0.182803
91300.000042	-117.940311	0.074186	-115.986904	-0.325944	-95.317162	0.185372	-114.976889	0.183087
91400.000042	-121.882446	0.213679	-115.859728	-0.179379	-108.357330	-0.017793	-118.621569	0.027473
91500.000042	-117.579837	-0.401226	-118.412789	-0.130730	-94.574162	-0.388258	-108.129628	-0.034121
91600.000042	-111.127999	0.187248	-137.107050	0.113285	-98.125501	0.114657	-126.482937	-0.439079
91700.000042	-119.064062	-0.124587	-116.114513	-0.396921	-99.518089	0.025722	-115.466840	-0.322963
91800.000042	-117.771121	-0.324237	-118.192777	-0.380445	-97.376537	0.454313	-122.702367	-0.330546
91900.000042	-113.697480	0.293109	-136.578374	-0.342155	-99.482577	0.084524	-121.380769	-0.244449
92000.000042	-115.815008	-0.426539	-124.292938	0.187812	-98.252780	-0.049977	-117.946598	-0.081323
92100.000042	-122.389938	-0.446742	-127.267180	-0.345350	-97.520600	-0.152415	-121.071936	0.421117
92200.000043	-113.764318	0.238315	-127.278533	0.061365	-100.130497	0.260198	-117.883680	0.480342
92300.000043	-113.446265	-0.463509	-119.291187	0.260026	-99.425523	0.343291	-116.270640	0.109372
92400.000043	-116.178634	0.207979	-124.189343	-0.379427	-102.564299	0.442537	-120.124907	0.470582
92500.000043	-113.778429	0.342508	-115.991093	0.115799	-104.320485	-0.288307	-114.751017	0.401197
92600.000043	-116.129046	-0.357479	-122.626777	-0.432438	-106.514388	-0.112440	-118.180719	0.367791
92700.000043	-111.788617	0.378908	-116.930207	0.478947	-98.166148	0.185663	-111.567739	0.075955
92800.000043	-118.169615	-0.473655	-120.745565	-0.301654	-93.886857	-0.207636	-116.773663	0.181909
92900.000043	-115.713228	-0.462301	-114.113994	-0.090325	-104.084693	-0.495555	-116.286779	0.492350
93000.000043	-116.286700	0.194739	-113.241929	0.166826	-106.387922	0.340924	-114.989251	-0.263473
93100.000043	-136.034783	0.427839	-115.951467	-0.180884	-98.478900	-0.416682	-123.926911	-0.360699
93200.000043	-123.661086	0.132127	-114.202123	0.381568	-101.306778	-0.246412	-125.477419	-0.187278
93300.000043	-128.332225	-0.268217	-112.564936	0.020944	-97.849283	-0.452148	-119.375182	-0.033306
93400.000043	-125.275568	-0.275424	-121.060055	0.151005	-97.145756	0.152869	-122.653025	0.144029
93500.000043	-116.440676	0.172419	-116.694904	0.405095	-100.076952	-0.168204	-117.799521	0.484995
93600.000043	-111.464214	-0.387771	-112.297283	-0.001007	-105.042143	0.208612	-124.050781	-0.124411
93700.000043	-116.679818	-0.165828	-124.053670	0.173799	-98.232075	0.043066	-125.122093	0.091285
93800.000043	-121.145272	-0.209819	-118.665377	0.026227	-100.118704	-0.420985	-110.152370	-0.034480
93900.000043	-118.982002	-0.454402	-119.474024	-0.098576	-101.620394	-0.134540	-121.835520	-0.068073
94000.000043	-130.175785	0.285877	-119.312052	-0.002277	-104.008733	-0.094163	-126.568263	-0.464554
94100.000043	-117.857421	-0.450305	-121.427424	0.272057	-91.001671	0.172050	-116.460767	0.431298
94200.000043	-115.163685	0.090240	-114.561242	-0.056299	-100.951660	-0.284737	-122.463400	0.087329
94300.000043	-113.561592	0.328921	-110.074270	0.178945	-107.318103	0.330967	-122.263817	-0.080641
94400.000044	-119.099973	-0.313463	-117.634544	0.444331	-111.149441	-0.224487	-113.820178	0.278215
94500.000044	-110.767417	0.320898	-113.926486	0.415327	-100.033904	-0.012754	-114.313976	-0.208854
94600.000044	-115.872238	0.066859	-129.700060	-0.361769	-124.287527	-0.266573	-117.918992	-0.068850
94700.000044	-116.093837	-0.494716	-117.891422	0.350029	-97.715808	0.147120	-113.955799	0.092502
94800.000044	-112.898870	-0.304723	-120.601592	-0.145250	-98.315282	0.027273	-114.628055	-0.169265
94900.000044	-120.817328	-0.075639	-123.470557	0.300773	-94.273794	0.309621	-110.921866	-0.499003
95000.000044	-113.545099	0.399966	-115.141199	-0.303126	-95.215372	-0.411340	-118.314778	0.435975
95100.000044	-120.682624	-0.399927	-121.349001	-0.017623	-98.140811	0.098519	-118.496293	-0.006487
95200.000044	-112.958130	-0.462454	-118.570386	-0.081883	-92.235330	-0.222035	-112.933310	-0.410559
95300.000044	-118.096771	-0.400919	-117.825592	0.488927	-100.079614	-0.382410	-120.928627	-0.065116
95400.000044	-112.679442	-0.438630	-112.844351	-0.235189	-110.340702	-0.199762	-114.943914	-0.331530
95500.000044	-113.670804	-0.293090	-128.785256	0.495786	-101.603186	-0.024973	-112.257525	-0.181774
95600.000044	-117.605497	-0.051433	-114.270214	-0.093875	-101.730419	0.105963	-118.155949	-0.335494
95700.000044	-117.807733	-0.241645	-147.628977	-0.347835	-96.595856	-0.046201	-118.450429	0.171069
95800.000044	-111.974846	0.312154	-123.019165	-0.257971	-98.894016	-0.201747	-115.458421	0.050635
95900.000044	-117.144622	-0.448837	-115.416244	-0.408144	-102.435104	-0.023884	-113.393939	0.302983
96000.000044	-121.519308	0.058538	-112.582525	0.009735	-102.575470	0.353126	-125.939833	0.117302
96100.000044	-115.689922	0.059115	-125.291621	-0.464035	-97.344268	0.499635	-121.136076	-0.081323
96200.000044	-129.500568	-0.463971	-124.460528	-0.333479	-102.690073	-0.308044	-119.591508	-0.440959
96300.000044	-120.651257	0.037117	-112.410247	0.410963	-99.528234	-0.084992	-115.609088	-0.456235
96400.000044	-116.164315	0.489394	-113.032308	0.150557	-104.981787	0.445375	-114.316054	-0.367330
96500.000044	-114.006945	-0.074814	-115.768801	0.103401	-100.994823	0.052088	-116.806358	-0.180984
96600.000045	-112.211434	0.410046	-112.948530	-0.133786	-93.644557	0.432769	-108.780996	0.362026
96700.000045	-116.754303	0.372778	-118.538388	0.164906	-103.959398	0.064835	-118.206636	-0.301642
96800.000045	-119.863766	-0.440243	-121.861236	-0.458334	-118.025868	-0.067268	-105.213257	-0.176140
96900.000045	-111.944517	0.291291	-111.383731	0.330676	-102.055904	0.306912	-118.811135	0.404829
97000.000045	-117.712497	-0.375810	-117.122862	-0.076304	-100.490810	-0.155963	-124.804940	-0.256953
97100.000045	-118.939648	0.495857	-113.508343	-0.463930	-111.438358	-0.477508	-117.686865	0.362223
97200.000045	-121.434082	0.427297	-120.851630	-0.067313	-96.729327	-0.265213	-118.011797	-0.201131
97300.000045	-116.820852	-0.084676	-122.999211	0.389811	-97.509251	0.396066	-108.967530	-0.385737
97400.000045	-128.600730	0.325105	-117.053827	0.369930	-98.710637	0.394474	-116.481689	-0.113787
97500.000045	-116.899584	-0.259713	-114.189530	0.040500	-116.230850	0.139819	-113.726839	-0.100879
97600.000045	-128.312282	-0.288308	-111.944881	0.231091	-96.316770	-0.407872	-117.174406	-0.475526
97700.000045	-115.518314	-0.217862	-109.570596	-0.245403	-99.412170	-0.283359	-114.883732	-0.406305
97800.000045	-121.761318	-0.451647	-119.140590	-0.275483	-99.318805	0.099556	-115.951412	-0.246897
97900.000045	-119.325294	0.457203	-129.171477	0.385687	-100.231574	-0.134665	-113.435907	-0.184672
98000.000045	-115.584347	-0.041737	-113.568762	0.152943	-93.821672	0.127353	-118.222004	-0.241472
98100.000045	-128.529917	0.463667	-119.174545	0.403175	-103.962562	0.154643	-117.237407	-0.499326
98200.000045	-116.726402	0.431923	-120.747014	0.155818	-101.475434	-0.362237	-108.733059	0.365319
98300.000045	-115.801730	-0.046680	-123.251235	0.443436	-99.100745	0.126659	-122.994385	-0.328964
98400.000045	-114.816609	-0.350184	-113.459814	0.289668	-101.881988	-0.271203	-108.916273	0.327634
98500.000045	-113.076819	-0.029377	-119.558134	0.056847	-100.096880	-0.219230	-130.324347	-0.046945
98600.000045	-122.165755	-0.232351	-117.907629	-0.494363	-105.760900	-0.463962	-113.910686	0.302310
98700.000045	-115.905792	0.347886	-118.201147	0.107720	-101.041286	-0.438262	-114.677427	0.299999
98800.000046	-122.455045	-0.451314	-112.049049	0.052034	-95.593660	0.317669	-125.307233	0.151850
98900.000046	-117.374980	0.496219	-111.377026	0.285147	-93.868093	0.421993	-112.926029	0.267499
99000.000046	0.000000	0.000000	0.000000	0.000000	0.000000	0.000000	0.000000	0.000000
