% f45.txt
% Date Sat, Jun 26, 2021 5:13 PM
% Sine seq
% Response spectrum
% Stim level (V pk) 0.500, 0 dB filter gain, 120.0 dB attenuation
% Stim RMS (V) 0.000
% Freq [Hz]	Ch0 Mag [dB]	Ch0 Phase [cyc]	Ch1 Mag [dB]	Ch1 Phase [cyc]	Ch2 Mag [dB]	Ch2 Phase [cyc]	Ch3 Mag [dB]	Ch3 Phase [cyc]
%%end
100.000000	-115.797973	-0.078693	-113.495014	-0.232561	-64.381060	0.064866	-121.655583	0.032362
200.000000	-109.440800	-0.299598	-123.529934	-0.336722	-63.562247	0.032476	-127.184435	-0.177473
300.000000	-110.900156	0.317361	-105.016816	-0.260621	-64.620525	0.366046	-107.937939	0.145904
400.000000	-116.888378	0.129970	-115.709811	0.247643	-64.347487	0.278311	-119.283483	0.188857
500.000000	-114.657485	0.040009	-113.260482	0.190152	-75.137808	0.470121	-126.213044	-0.209114
600.000000	-117.319553	-0.365922	-115.544247	-0.011182	-78.655873	-0.049719	-113.371648	0.195229
700.000000	-125.773575	-0.227207	-127.810489	0.431953	-65.705323	-0.254524	-117.724525	0.034533
800.000000	-121.693788	-0.347482	-115.347849	0.267673	-66.296271	-0.335158	-119.269190	0.231213
900.000000	-132.602574	-0.365674	-114.846693	0.238341	-71.389200	-0.154095	-119.800840	-0.430175
1000.000000	-116.099411	-0.355991	-119.990757	0.060017	-96.855707	-0.012118	-118.998332	-0.483575
1100.000001	-118.322737	-0.431196	-134.102916	-0.210022	-61.615580	0.406313	-117.363257	-0.274986
1200.000001	-122.127636	0.118500	-120.577957	-0.431249	-69.285925	-0.138298	-121.286449	-0.269182
1300.000001	-120.151090	0.119832	-118.791358	-0.454283	-66.227338	0.178131	-132.276304	0.261501
1400.000001	-115.128903	-0.288888	-122.387541	-0.421823	-73.029922	-0.470785	-121.578502	-0.211525
1500.000001	-124.015950	0.214422	-115.594334	-0.328761	-72.008890	0.010735	-119.469516	-0.183537
1600.000001	-119.329169	-0.118428	-114.124939	-0.390333	-76.260225	-0.353042	-118.411110	0.175322
1700.000001	-112.401061	0.336713	-122.439485	0.411991	-73.385711	-0.151215	-117.457989	-0.382793
1800.000001	-116.099187	-0.013305	-122.647726	0.469585	-68.546627	0.223092	-122.247158	0.135631
1900.000001	-125.681482	0.042494	-123.143118	-0.234629	-79.428084	0.436747	-116.179167	0.201460
2000.000001	-112.150737	-0.471099	-118.560743	0.394328	-76.630028	0.220991	-119.973275	0.498281
2100.000001	-125.187259	0.012511	-113.179565	0.061498	-69.669479	-0.167049	-128.088876	0.409084
2200.000001	-115.360186	-0.233619	-125.493674	0.301585	-72.563188	-0.282968	-130.621822	-0.026407
2300.000001	-128.568076	-0.159884	-124.232584	-0.264336	-73.489551	-0.295612	-115.563054	-0.208632
2400.000001	-122.854755	-0.292847	-121.660468	0.347560	-76.200751	0.069692	-114.663008	-0.207286
2500.000001	-114.595671	-0.392712	-125.794150	0.415240	-78.344216	-0.388825	-125.008179	-0.268560
2600.000001	-115.706569	0.174362	-125.718099	-0.393167	-81.949133	-0.066063	-116.503589	-0.482566
2700.000001	-125.816263	-0.059576	-115.857345	-0.042842	-75.710151	0.263043	-114.360974	0.391696
2800.000001	-126.991913	-0.103946	-129.091357	-0.205732	-81.109675	0.386789	-122.053287	0.114648
2900.000001	-123.993860	0.122984	-121.045252	0.497368	-72.423592	0.480897	-122.833155	0.281097
3000.000001	-126.447740	-0.252950	-117.493320	-0.450979	-79.633375	-0.195402	-117.619651	0.198942
3100.000001	-115.927887	0.219726	-113.699367	0.147911	-72.066966	-0.215404	-114.264600	0.456214
3200.000001	-142.106059	-0.432827	-138.484019	0.351637	-79.159121	0.376106	-118.778646	-0.040803
3300.000002	-115.408744	0.044998	-118.153989	0.060635	-77.677843	-0.122271	-122.763624	-0.244715
3400.000002	-131.695527	0.007283	-125.291959	0.236838	-82.077709	-0.231565	-119.187641	-0.402602
3500.000002	-120.024084	0.324933	-115.630613	0.344740	-78.910712	-0.436773	-115.910145	0.260397
3600.000002	-122.587575	-0.366479	-120.989571	0.268075	-82.367925	-0.201567	-119.547770	-0.116608
3700.000002	-123.595276	0.296682	-121.077735	0.267283	-98.896990	-0.182123	-123.236841	0.260897
3800.000002	-121.226014	0.091448	-113.181012	0.190601	-81.449289	0.164753	-115.299204	0.247719
3900.000002	-117.014053	-0.309982	-118.507930	0.177642	-79.192128	0.367155	-117.638785	-0.346438
4000.000002	-125.278985	-0.366539	-120.038475	0.339385	-82.136767	0.255471	-101.704268	-0.042966
4100.000002	-119.057759	-0.254658	-115.828880	0.075189	-73.334306	-0.096342	-121.355957	-0.282201
4200.000002	-113.766810	0.122439	-130.278516	0.352457	-87.446752	-0.313744	-119.599104	0.158732
4300.000002	-127.913295	0.200040	-120.943208	-0.156386	-73.369562	0.418977	-117.063589	0.494149
4400.000002	-116.772514	-0.248436	-132.863347	0.456949	-76.411231	0.119888	-117.491952	0.265565
4500.000002	-115.579147	-0.423104	-118.234143	0.105671	-80.245058	-0.493619	-114.734372	-0.338501
4600.000002	-128.008983	0.177819	-127.095376	0.074007	-77.821507	0.386707	-126.751067	-0.056620
4700.000002	-117.987227	0.334857	-119.274207	0.087742	-77.735176	-0.290928	-115.584974	0.221083
4800.000002	-115.963088	-0.396274	-118.483426	-0.320052	-88.429518	0.022391	-122.280920	-0.288854
4900.000002	-123.471744	-0.089187	-116.341673	0.110521	-85.232826	-0.118109	-119.859704	-0.047747
5000.000002	-117.655996	0.466057	-117.111083	0.425396	-76.104237	-0.209901	-120.706071	-0.305166
5100.000002	-119.265973	-0.400175	-122.681959	0.093673	-81.796401	0.462765	-118.634966	-0.420124
5200.000002	-117.808751	0.106188	-114.656462	-0.365367	-80.100455	-0.105502	-120.962798	0.081974
5300.000002	-120.610777	-0.027377	-114.240569	0.090248	-76.231040	0.236647	-123.929411	-0.237633
5400.000002	-115.465904	0.140720	-118.651952	0.094285	-79.959940	0.273359	-113.937821	0.178338
5500.000003	-117.808912	-0.419966	-119.253890	0.148752	-78.618505	-0.082580	-135.985074	0.133859
5600.000003	-129.924926	-0.234803	-117.575952	-0.408511	-77.582706	-0.122127	-126.281353	0.195085
5700.000003	-113.675244	-0.131016	-122.039364	0.303486	-84.785490	-0.421146	-115.808423	0.070824
5800.000003	-120.695031	0.336819	-125.008524	-0.089490	-87.512915	0.161375	-124.157149	0.076719
5900.000003	-120.968905	-0.324733	-114.454295	-0.115598	-75.465812	0.333820	-125.175724	-0.374792
6000.000003	-116.084636	-0.180755	-119.569656	-0.247852	-82.741692	-0.056637	-96.487791	-0.108039
6100.000003	-124.862192	-0.117500	-116.764516	0.151198	-76.579351	-0.324648	-115.233642	-0.018178
6200.000003	-135.520865	-0.230057	-119.246581	0.293226	-71.379895	0.082053	-118.741487	0.011333
6300.000003	-128.598804	0.047205	-119.935671	0.000248	-74.380349	0.245103	-121.572392	-0.345687
6400.000003	-119.210781	0.068915	-125.540266	0.273771	-77.823694	-0.318275	-121.843952	0.431198
6500.000003	-117.011967	-0.390772	-132.791636	-0.408170	-75.265120	0.472500	-122.328668	-0.118395
6600.000003	-119.030813	0.416244	-113.386490	-0.247890	-74.569818	0.262028	-122.120572	-0.455618
6700.000003	-119.014895	0.468506	-123.229346	0.212416	-80.334766	0.451400	-114.999237	0.253074
6800.000003	-115.760916	0.169944	-117.432169	0.110392	-81.704390	0.185626	-115.612252	-0.485618
6900.000003	-113.694203	-0.415279	-120.558104	-0.437639	-86.656683	-0.376437	-121.098302	0.371830
7000.000003	-112.793987	-0.289746	-117.027562	-0.179250	-76.096065	0.462485	-115.321501	0.102498
7100.000003	-118.340463	-0.019074	-121.529116	0.183179	-81.604738	0.229268	-117.336546	0.015134
7200.000003	-125.785608	-0.375950	-116.217055	-0.365097	-89.873775	-0.163734	-120.770426	0.237609
7300.000003	-117.251476	0.236940	-118.198834	0.140902	-78.341045	0.180185	-116.762611	-0.075890
7400.000003	-125.438789	-0.287932	-118.442726	-0.228396	-76.078110	0.077665	-120.426323	-0.188135
7500.000003	-119.527371	0.038388	-119.277716	0.069960	-93.345179	0.375396	-121.353111	-0.125197
7600.000004	-123.336162	0.179021	-119.802668	-0.000245	-84.438875	-0.461616	-117.545367	-0.164462
7700.000004	-125.519648	0.061193	-121.213158	-0.493134	-82.907275	-0.442509	-118.332905	-0.180833
7800.000004	-122.368565	0.204792	-119.672140	0.115387	-74.781687	-0.232369	-119.350051	-0.247994
7900.000004	-115.086909	-0.082256	-119.688691	-0.070951	-80.162218	0.255875	-120.999040	0.109226
8000.000004	-123.070711	-0.407780	-122.027067	0.385865	-75.804251	-0.383307	-112.730153	0.177320
8100.000004	-125.938360	0.207831	-118.059237	-0.017171	-74.418910	0.407783	-139.092818	-0.123280
8200.000004	-122.271886	-0.294238	-119.597773	-0.082689	-73.432526	-0.305563	-124.275090	-0.187392
8300.000004	-120.742348	0.480721	-125.987510	0.327722	-79.655649	-0.094144	-131.827011	0.153793
8400.000004	-116.265907	0.129339	-124.613112	0.139384	-80.629271	0.098870	-121.440136	0.012501
8500.000004	-119.815509	0.448933	-117.658010	0.414348	-81.533298	-0.242356	-111.200602	0.463814
8600.000004	-116.495374	-0.040025	-119.324195	0.364806	-72.954523	0.463363	-118.146254	-0.218576
8700.000004	-117.676801	-0.488571	-118.966540	0.359084	-78.852677	-0.064765	-122.271409	-0.040917
8800.000004	-129.658566	-0.279639	-119.155828	-0.081437	-87.917777	-0.245217	-122.931797	-0.249364
8900.000004	-121.365927	-0.475199	-120.152217	0.210308	-90.750558	0.172429	-122.949909	-0.460117
9000.000004	-121.715873	0.159702	-128.428735	-0.458907	-75.989164	0.066569	-118.699628	0.180253
9100.000004	-118.190771	-0.195144	-123.891863	0.418679	-74.482597	0.356907	-120.256191	-0.198810
9200.000004	-116.646081	0.170070	-121.162626	0.070003	-77.216399	-0.432376	-118.344359	0.343262
9300.000004	-123.195963	0.319647	-125.615625	0.190252	-79.434562	0.330023	-128.208762	0.130729
9400.000004	-133.993039	-0.432499	-120.545871	0.487710	-78.504758	-0.419986	-114.081953	0.313992
9500.000004	-120.081304	-0.292132	-120.196490	0.223726	-84.470608	0.326518	-122.470614	0.201674
9600.000004	-123.766563	0.175219	-129.473730	-0.116822	-75.217298	0.397831	-112.674590	-0.052626
9700.000004	-119.451739	0.264473	-115.694260	0.237495	-81.615910	-0.300563	-115.570232	0.121229
9800.000005	-118.205948	-0.406209	-131.644460	0.240991	-80.926231	0.276752	-116.241388	0.463915
9900.000005	-122.015221	-0.236583	-138.136331	-0.348464	-79.443158	0.466815	-126.017653	0.144664
10000.000005	-123.478688	-0.108687	-120.191175	-0.458622	-88.017028	0.043703	-101.334984	-0.151471
10100.000005	-119.071056	0.251092	-127.474210	-0.037793	-80.929257	-0.202780	-114.466038	0.107896
10200.000005	-133.847510	0.472350	-125.645560	-0.270923	-74.404966	-0.348644	-119.692449	0.381761
10300.000005	-119.123685	-0.159187	-120.438399	-0.413485	-83.467840	-0.171859	-112.575226	0.311189
10400.000005	-117.759951	-0.147270	-119.894257	-0.078885	-79.643233	0.225720	-117.098261	-0.150445
10500.000005	-119.487066	0.272392	-115.383772	0.323552	-76.580761	-0.266942	-133.175658	-0.336954
10600.000005	-117.692045	0.305485	-114.784757	0.178898	-82.145391	0.436136	-122.403734	0.474572
10700.000005	-114.586135	0.394036	-118.703114	-0.304226	-97.042489	0.179926	-132.688029	-0.194930
10800.000005	-119.246480	0.042729	-121.834577	0.290075	-83.538649	-0.477374	-124.232526	0.076075
10900.000005	-131.543706	0.292288	-113.363185	0.309860	-79.515686	0.121884	-118.965738	0.278548
11000.000005	-121.236011	0.452733	-123.541412	-0.354277	-76.183850	0.091095	-116.702938	0.076271
11100.000005	-126.601079	-0.174600	-133.554853	0.259545	-78.739412	0.292692	-132.763769	-0.210403
11200.000005	-117.351263	-0.116431	-117.501363	0.483095	-82.942868	0.241563	-128.897133	-0.411844
11300.000005	-121.624064	-0.219807	-131.188357	-0.340661	-86.419895	-0.467399	-119.469684	-0.331964
11400.000005	-113.515089	-0.408831	-126.651864	-0.099409	-82.227017	-0.159694	-136.963603	0.250657
11500.000005	-121.065425	0.133418	-112.889046	0.418320	-88.057234	0.344308	-132.927981	0.327250
11600.000005	-119.413180	0.213510	-125.353353	-0.243888	-83.477963	0.189884	-117.958897	-0.061386
11700.000005	-120.946686	0.363015	-120.608269	-0.186008	-81.905616	-0.372627	-118.192639	0.016024
11800.000005	-126.076342	0.005272	-118.603431	0.173150	-92.787109	0.091924	-125.276071	-0.378982
11900.000005	-121.060355	-0.197654	-119.878013	0.060857	-80.641495	-0.362003	-123.310586	-0.350687
12000.000006	-126.493477	0.332805	-120.527405	0.395183	-75.671787	0.011689	-135.931655	0.179991
12100.000006	-118.868762	-0.229330	-130.414959	-0.485917	-97.390430	-0.312479	-119.579581	-0.422000
12200.000006	-115.295302	-0.459692	-132.406810	-0.498437	-95.035706	-0.394479	-125.261598	-0.279215
12300.000006	-119.253324	0.399398	-125.178573	0.251250	-82.880826	-0.228501	-119.996890	-0.360965
12400.000006	-121.364364	0.270996	-124.413254	0.221603	-82.245817	0.361371	-123.307940	-0.014569
12500.000006	-116.168015	0.359577	-120.289243	-0.418130	-83.380794	-0.052324	-114.121210	0.418112
12600.000006	-115.382521	0.270941	-122.033074	0.451674	-79.399959	0.029577	-139.400052	0.397538
12700.000006	-130.906728	-0.089541	-119.960203	0.443164	-79.455264	-0.434411	-127.451428	0.039460
12800.000006	-118.724795	0.220930	-126.702520	0.394010	-90.197366	-0.410782	-118.320966	0.373590
12900.000006	-118.726369	0.198705	-119.879952	0.087639	-93.106152	0.422333	-134.279558	-0.026996
13000.000006	-124.825473	0.017505	-133.083815	0.247548	-87.126408	-0.420364	-131.922696	0.269521
13100.000006	-114.898187	0.048392	-132.009546	0.067474	-79.910800	-0.135720	-122.188921	-0.337027
13200.000006	-117.466301	0.412011	-116.915941	0.404217	-77.090806	-0.413841	-117.986778	0.383498
13300.000006	-124.944620	0.063020	-117.423749	-0.097548	-85.541803	-0.000345	-127.474907	-0.241351
13400.000006	-125.022291	0.480031	-119.583357	-0.249453	-82.233671	0.011274	-124.760097	-0.243298
13500.000006	-115.552976	0.331200	-123.941908	0.012382	-82.815318	0.020323	-132.479040	0.248928
13600.000006	-113.270506	-0.048654	-122.976970	-0.371770	-84.464707	-0.189831	-116.391343	0.293202
13700.000006	-119.798451	-0.271203	-113.101201	0.117900	-76.603918	0.106370	-115.071576	0.410949
13800.000006	-132.715051	-0.310855	-116.266519	-0.056750	-83.095165	0.155733	-142.270372	0.162077
13900.000006	-121.338042	0.367439	-134.662344	0.455748	-88.479759	-0.365371	-123.267204	0.228203
14000.000006	-116.188647	-0.269215	-117.262697	-0.454842	-79.883019	0.211208	-111.509714	-0.140717
14100.000006	-122.188937	0.213650	-121.331499	0.001823	-84.113151	0.459960	-121.492802	0.328040
14200.000007	-128.722308	-0.004081	-126.313622	-0.238150	-85.922019	0.262546	-118.770955	-0.286999
14300.000007	-117.407568	-0.054143	-120.350301	-0.265757	-86.948326	-0.038659	-119.855405	0.481098
14400.000007	-127.749577	-0.311951	-113.029773	-0.381068	-84.765336	-0.494317	-117.833077	-0.326465
14500.000007	-115.628308	-0.024117	-114.100315	-0.051947	-80.405678	-0.318110	-113.148977	0.131497
14600.000007	-123.748662	-0.430102	-126.016159	-0.022687	-82.447337	-0.129130	-118.733210	0.091597
14700.000007	-123.862801	-0.210544	-129.717188	-0.197847	-83.124056	-0.413675	-122.021103	-0.435726
14800.000007	-131.220120	-0.210581	-122.198619	-0.325575	-84.178805	-0.433955	-116.270547	-0.144866
14900.000007	-115.237629	-0.420453	-119.705969	-0.389972	-77.659486	-0.057736	-121.599735	-0.317357
15000.000007	-116.714112	0.044289	-121.581527	0.255498	-78.401119	-0.081792	-127.319986	0.185903
15100.000007	-119.156323	0.114372	-115.394305	0.155387	-79.776351	-0.227009	-110.610741	0.187581
15200.000007	-114.747222	-0.473886	-111.720738	0.406919	-91.987310	-0.315722	-119.935792	0.392997
15300.000007	-118.891066	-0.366760	-123.952645	0.079197	-88.075171	-0.201382	-116.472066	-0.215864
15400.000007	-124.593870	0.456228	-114.099835	0.410188	-80.456640	0.299831	-116.201655	0.460654
15500.000007	-116.841150	0.117215	-131.680841	-0.061566	-89.504526	-0.174906	-125.655752	-0.475040
15600.000007	-112.141948	-0.402197	-112.159516	-0.397763	-82.128947	-0.287260	-115.585879	-0.475901
15700.000007	-123.642905	-0.200412	-118.849106	-0.079741	-85.080230	0.011241	-118.324771	-0.126370
15800.000007	-116.088455	-0.091240	-113.350745	0.095274	-85.215037	-0.138381	-112.463162	0.125909
15900.000007	-122.480921	-0.265586	-120.835245	-0.111245	-80.438935	0.395124	-118.155731	-0.299076
16000.000007	-116.113897	-0.167635	-114.479302	-0.467751	-15.831380	0.155364	-20.121406	-0.241135
16100.000007	-127.023196	0.447476	-126.869031	-0.406534	-85.942915	0.027747	-112.256976	0.344828
16200.000007	-121.035147	0.003377	-124.361437	0.445943	-80.076740	-0.223180	-122.055235	-0.335237
16300.000008	-118.229417	0.181425	-119.862826	0.477314	-81.781165	0.242275	-125.330626	-0.474568
16400.000008	-124.738053	-0.333096	-122.021235	-0.035487	-84.235665	-0.313384	-113.901198	0.114037
16500.000008	-120.164060	-0.349851	-123.167937	-0.233543	-85.996734	0.196415	-122.318866	-0.466321
16600.000008	-129.296363	-0.349265	-133.562195	-0.241607	-80.862361	0.300249	-113.451540	0.404778
16700.000008	-113.597378	-0.343878	-113.799779	-0.450222	-80.841426	-0.244163	-112.747600	-0.407255
16800.000008	-121.684088	0.307206	-115.811753	-0.206137	-81.291560	-0.033857	-121.598005	-0.365698
16900.000008	-111.668939	-0.009289	-117.718848	-0.049036	-90.890718	0.069134	-115.075878	-0.066445
17000.000008	-117.407822	-0.060080	-111.635771	-0.176637	-85.014768	-0.468600	-111.168796	-0.181746
17100.000008	-120.214326	0.118129	-118.369319	-0.140982	-84.931375	0.174652	-137.268472	-0.136227
17200.000008	-119.164295	0.484830	-121.285384	0.078533	-102.029650	-0.460375	-128.212943	-0.049675
17300.000008	-127.652094	-0.365120	-118.563847	0.151047	-95.313720	0.445609	-122.530549	0.350488
17400.000008	-122.589695	0.349070	-115.641152	0.470253	-79.214699	0.173125	-120.144293	0.382150
17500.000008	-126.417567	0.395185	-115.124980	0.378296	-78.843557	0.232859	-115.169139	0.206583
17600.000008	-115.351462	-0.132148	-124.036529	-0.145579	-79.476121	0.090151	-115.417253	-0.072205
17700.000008	-116.619072	0.093958	-119.652266	-0.007192	-87.646357	-0.298664	-117.206460	0.372135
17800.000008	-117.238189	-0.016036	-127.373048	-0.407578	-86.519745	0.213592	-123.595694	-0.040953
17900.000008	-117.015891	-0.060497	-134.383469	-0.005585	-82.523318	0.153896	-124.236312	0.333720
18000.000008	-121.670009	0.293640	-137.607321	-0.269398	-92.118009	-0.270248	-105.246352	0.279463
18100.000008	-120.944110	0.142092	-131.023578	-0.168073	-75.625471	-0.161392	-127.534749	-0.484994
18200.000008	-114.153735	-0.203643	-125.425616	-0.038325	-82.646140	0.236457	-114.887814	-0.151077
18300.000008	-118.950364	-0.366010	-125.884214	-0.401807	-78.701226	0.025885	-114.593981	0.193259
18400.000008	-121.037060	-0.179922	-121.565272	-0.235771	-101.829351	0.016734	-126.841758	-0.117060
18500.000009	-121.284857	0.494119	-124.786509	-0.430118	-90.850767	0.432862	-124.402580	-0.472898
18600.000009	-134.903352	-0.095451	-119.314269	0.374923	-78.174661	0.011435	-117.951324	-0.236258
18700.000009	-117.776289	0.142801	-118.916419	0.228910	-88.477477	0.486373	-128.643594	0.118997
18800.000009	-119.866044	0.252929	-118.675554	0.487745	-87.337297	0.461192	-123.333397	-0.161999
18900.000009	-112.421641	-0.120352	-138.241724	-0.065798	-84.040074	0.214303	-122.229321	-0.004890
19000.000009	-121.625974	0.437053	-117.906745	-0.192488	-84.610626	0.338958	-121.306938	0.424636
19100.000009	-126.158129	0.043542	-124.834599	0.013109	-85.761957	0.181743	-123.782348	-0.030050
19200.000009	-115.492278	-0.020815	-117.961671	0.446732	-81.189109	0.014472	-129.221562	0.153819
19300.000009	-127.923752	-0.060004	-117.460936	0.119503	-78.786132	-0.365580	-119.273153	0.328270
19400.000009	-118.708370	-0.387145	-122.680167	0.363048	-84.546518	0.233736	-122.404243	0.451177
19500.000009	-118.435677	-0.378151	-119.290220	0.062048	-88.217228	-0.352135	-120.767795	0.330137
19600.000009	-125.949763	-0.196201	-130.509676	0.348358	-83.793346	-0.466369	-121.891861	-0.033625
19700.000009	-115.927496	0.122810	-122.230544	0.318410	-73.215328	-0.100247	-118.556082	0.145794
19800.000009	-132.393978	-0.287423	-124.866261	-0.128053	-84.163475	-0.247406	-119.858707	0.327774
19900.000009	-120.838558	0.154462	-145.214606	0.225363	-86.759190	0.106597	-129.554357	0.021311
20000.000009	-120.011336	0.158129	-119.772969	0.171331	-82.170573	-0.213108	-141.056243	0.160410
20100.000009	-120.797401	0.114838	-120.651591	-0.381919	-77.375776	-0.058181	-125.622406	0.035920
20200.000009	-114.402576	0.012085	-118.990898	0.057263	-87.119270	0.087977	-118.503985	-0.152042
20300.000009	-121.904517	-0.446443	-119.033685	-0.015649	-84.615760	-0.180133	-123.450585	-0.011444
20400.000009	-116.820063	-0.029941	-119.531113	-0.176678	-92.176804	0.224126	-116.339552	-0.300747
20500.000009	-115.470025	-0.228965	-118.570495	-0.411703	-80.053593	0.194195	-118.044271	0.377889
20600.000009	-118.413318	-0.468744	-115.590889	-0.327717	-82.122120	-0.250530	-115.768344	-0.323048
20700.000010	-117.862859	-0.038435	-121.455689	0.205692	-85.827179	-0.171879	-118.820395	-0.275942
20800.000010	-122.583317	-0.459062	-116.817843	-0.228692	-88.917230	-0.175701	-114.278850	-0.196699
20900.000010	-132.208279	0.308610	-118.358949	0.419481	-83.591673	-0.333685	-120.712581	0.146996
21000.000010	-117.822181	-0.195162	-113.419854	-0.313594	-91.091529	-0.284840	-120.986315	-0.234967
21100.000010	-115.699687	-0.250804	-124.205551	-0.292590	-92.209666	0.121518	-120.532696	-0.340704
21200.000010	-110.671016	0.293232	-121.756080	-0.482803	-92.894805	-0.373460	-118.480358	0.320179
21300.000010	-122.657422	0.138275	-114.417258	0.337736	-91.299683	0.416092	-118.267788	-0.456715
21400.000010	-114.535407	0.141770	-116.870183	0.160262	-80.475330	-0.199542	-124.840421	0.032508
21500.000010	-120.727542	0.044094	-118.617303	-0.122290	-82.631067	0.232427	-117.523407	-0.012727
21600.000010	-117.141607	-0.282323	-123.452306	0.256314	-87.230799	0.010788	-123.359712	-0.153632
21700.000010	-115.067637	-0.325973	-110.669827	-0.293556	-79.455842	0.304700	-112.968930	-0.278408
21800.000010	-117.619455	0.126030	-127.824215	0.196093	-81.302169	0.476877	-120.488923	0.139277
21900.000010	-118.972228	-0.437810	-115.246889	-0.484871	-83.947123	-0.163402	-123.775267	-0.358576
22000.000010	-112.785527	0.054980	-116.581294	-0.422989	-89.182178	0.453775	-98.010792	0.163653
22100.000010	-126.951688	-0.180908	-122.753640	-0.448441	-83.440075	0.393170	-116.259676	-0.170864
22200.000010	-124.775360	0.173757	-121.974421	-0.165651	-89.504275	-0.439744	-117.112419	-0.151543
22300.000010	-109.188391	-0.290433	-124.934817	-0.217182	-89.485860	0.252235	-121.105693	-0.009569
22400.000010	-117.340855	-0.254787	-128.501604	-0.023455	-84.927060	-0.404404	-117.355470	-0.163101
22500.000010	-124.624191	-0.132776	-119.508575	-0.185821	-88.624562	0.450537	-118.269098	-0.294336
22600.000010	-121.266436	-0.115042	-115.281525	-0.387277	-83.716383	0.406457	-119.352498	-0.418698
22700.000010	-127.918906	-0.440781	-118.544873	-0.194403	-85.647816	0.446421	-119.179146	-0.413891
22800.000011	-114.332981	-0.076964	-113.085995	-0.117858	-81.950744	-0.045907	-116.489012	-0.234404
22900.000011	-114.933864	0.111682	-120.277450	0.089279	-85.832217	-0.272450	-120.612528	0.291336
23000.000011	-125.031000	-0.035546	-119.627660	-0.079763	-78.284256	0.029350	-120.285643	-0.094424
23100.000011	-117.745191	0.045864	-123.402389	0.107877	-84.442765	-0.161289	-126.430618	-0.022281
23200.000011	-122.994808	0.389541	-129.071953	-0.426101	-88.631600	0.302295	-114.270750	-0.127799
23300.000011	-117.653939	-0.195523	-117.332108	-0.110652	-97.589381	-0.160376	-119.308673	-0.025759
23400.000011	-115.894868	0.460830	-122.206008	0.421451	-96.190940	-0.384547	-121.455559	0.297956
23500.000011	-118.232269	0.186615	-122.249334	0.447836	-88.194373	0.498085	-114.488379	0.214901
23600.000011	-116.011212	0.304445	-130.025328	-0.351257	-88.839188	-0.409133	-121.591183	0.436786
23700.000011	-122.072970	-0.402454	-127.509825	-0.118393	-86.374230	-0.102539	-118.110288	-0.305086
23800.000011	-111.914446	0.443006	-113.411151	0.438434	-78.768598	0.368686	-116.181989	0.373951
23900.000011	-114.784624	0.082867	-117.479010	0.209135	-92.089261	0.036661	-124.170163	0.117147
24000.000011	-123.139816	0.296998	-129.301619	0.498965	-87.049137	-0.435318	-110.452241	-0.373590
24100.000011	-125.341838	-0.244454	-120.905296	0.198938	-81.163858	0.164191	-118.231277	-0.330354
24200.000011	-124.002011	0.350634	-120.781728	0.371537	-88.752247	-0.330907	-121.675379	0.429646
24300.000011	-121.221658	0.437535	-117.799552	-0.438276	-91.412947	0.368042	-115.852644	0.319718
24400.000011	-121.972306	0.311990	-120.220809	-0.348866	-82.908372	-0.071725	-117.410569	0.082948
24500.000011	-121.527236	0.396106	-115.460872	0.455063	-109.732082	-0.315036	-115.204707	-0.474338
24600.000011	-125.586181	0.226012	-125.611902	-0.491830	-88.005219	0.421159	-120.776167	-0.466849
24700.000011	-123.354494	-0.177395	-134.330428	-0.122150	-84.283310	0.364642	-120.753984	-0.249970
24800.000011	-116.630627	0.051095	-120.030728	-0.041135	-80.417339	0.329369	-116.476539	-0.301917
24900.000011	-122.722548	0.193284	-115.350746	0.268411	-80.460919	0.145386	-131.746293	-0.251609
25000.000012	-128.888841	-0.450050	-135.306843	0.407421	-88.083075	0.371981	-122.863197	0.232650
25100.000012	-115.119730	0.311221	-131.240906	0.264668	-80.540349	-0.095773	-119.693950	-0.099845
25200.000012	-125.176243	-0.396627	-120.246897	0.334481	-83.160213	-0.151243	-120.770634	-0.000545
25300.000012	-120.205640	-0.136804	-122.165970	0.437630	-82.597348	-0.456729	-114.905276	-0.126102
25400.000012	-134.817430	-0.196212	-123.449379	0.414882	-81.425464	0.012216	-119.064961	0.238936
25500.000012	-123.383957	-0.134476	-114.660819	-0.429393	-86.783689	-0.122585	-111.022000	-0.257151
25600.000012	-126.764130	0.008304	-123.166849	0.192113	-85.266437	-0.243894	-125.816991	0.465647
25700.000012	-119.051488	0.032568	-131.877615	0.054675	-84.340782	0.343686	-121.555773	-0.111608
25800.000012	-125.667287	-0.344061	-117.264007	0.186675	-82.896319	-0.384497	-122.381507	-0.344754
25900.000012	-125.723823	0.382130	-121.529190	-0.266888	-88.763074	0.364562	-119.580249	-0.324455
26000.000012	-125.165410	-0.044411	-125.032950	-0.187821	-85.796314	-0.265592	-102.141451	0.063886
26100.000012	-126.952881	0.344937	-139.843518	0.330547	-87.878966	-0.160288	-127.805219	0.455824
26200.000012	-118.179642	-0.282707	-117.251276	0.465790	-87.559696	0.149759	-117.473926	-0.452055
26300.000012	-117.614264	0.342838	-116.303164	0.364765	-81.756891	0.161913	-144.920039	-0.456833
26400.000012	-128.198619	0.137034	-120.515073	0.246687	-95.278538	-0.112920	-116.542558	0.003978
26500.000012	-122.641967	0.274743	-126.572889	-0.096176	-95.324123	0.124827	-124.693552	0.293048
26600.000012	-127.480770	-0.098255	-127.490528	-0.418643	-86.043824	-0.001793	-122.174699	0.011690
26700.000012	-117.431736	-0.372171	-120.187448	0.010981	-86.817161	-0.414152	-133.193628	0.277329
26800.000012	-116.104084	0.357219	-121.945747	0.219343	-101.937526	0.327162	-117.434389	0.288823
26900.000012	-133.505008	0.265996	-121.073419	0.177881	-81.622990	0.298906	-124.810574	-0.357742
27000.000012	-120.932184	-0.343930	-118.975563	-0.153968	-86.922213	-0.216655	-118.203759	-0.298493
27100.000012	-123.110517	-0.208785	-116.802849	-0.239189	-95.393560	-0.136925	-119.965562	-0.295547
27200.000013	-119.383707	-0.454568	-117.910142	-0.460674	-86.631974	-0.148393	-120.029827	-0.037145
27300.000013	-122.706512	0.103952	-124.157345	0.372862	-90.449485	0.408336	-119.910024	-0.461026
27400.000013	-119.441486	-0.300706	-116.022246	0.280180	-82.031906	-0.122181	-123.008216	-0.226459
27500.000013	-120.847717	-0.095668	-127.706869	-0.441042	-81.632881	-0.415428	-119.908431	0.445765
27600.000013	-124.669811	-0.345958	-125.772509	-0.310030	-94.693546	0.493202	-119.606166	0.404214
27700.000013	-124.538311	0.482946	-112.605299	0.186888	-84.135827	-0.273074	-119.505402	0.202427
27800.000013	-115.666115	-0.023596	-118.471404	-0.125797	-82.126620	0.345043	-123.821306	0.030128
27900.000013	-114.915619	-0.202772	-119.446181	-0.392713	-90.499386	0.004774	-121.414663	-0.069411
28000.000013	-116.982831	-0.006742	-124.657621	-0.336068	-93.080606	-0.120205	-113.329202	0.420464
28100.000013	-116.194045	-0.183562	-122.578223	0.118598	-87.431106	-0.257888	-119.026264	-0.452340
28200.000013	-119.315627	0.068313	-120.640223	-0.201345	-84.128294	0.436388	-122.408528	-0.224836
28300.000013	-125.482532	-0.131006	-129.687980	-0.133054	-103.813118	0.031362	-120.221763	0.032682
28400.000013	-123.545968	0.072692	-120.462560	-0.446132	-86.865440	-0.156284	-122.929943	-0.467100
28500.000013	-120.747411	0.082689	-125.357938	-0.157383	-86.325495	-0.299354	-125.557269	0.153468
28600.000013	-115.608815	0.005237	-127.527558	0.460532	-93.076405	0.335958	-122.564083	0.337106
28700.000013	-128.304405	-0.489607	-117.860417	0.321928	-84.237860	-0.454106	-116.579893	-0.398705
28800.000013	-124.791776	-0.468389	-116.607261	-0.044287	-86.365294	0.193648	-120.714847	-0.241021
28900.000013	-113.202858	-0.126674	-121.717654	-0.086986	-83.606433	-0.273918	-118.699835	0.460511
29000.000013	-120.408143	0.327682	-118.543244	0.408075	-86.369104	-0.403963	-116.477144	-0.256264
29100.000013	-124.019387	-0.165935	-123.788331	0.057705	-82.095852	-0.203275	-124.189021	-0.107554
29200.000013	-125.251303	-0.226388	-122.989615	0.292408	-91.321582	-0.231893	-119.247845	0.473682
29300.000014	-119.184799	-0.018676	-113.635170	0.305096	-84.039791	-0.456134	-123.457088	-0.086025
29400.000014	-123.018927	-0.218410	-116.381237	0.154825	-84.199215	-0.475262	-122.360543	-0.256388
29500.000014	-120.889447	0.174695	-116.356689	-0.453858	-87.281359	-0.480781	-118.912497	0.120370
29600.000014	-117.866001	-0.195640	-122.252789	0.344317	-95.407919	0.185061	-120.645335	0.403381
29700.000014	-131.006673	-0.361193	-127.471035	-0.110952	-89.238839	-0.203948	-120.332090	0.312417
29800.000014	-119.371157	-0.096593	-114.632377	-0.446166	-89.615680	-0.410730	-122.067147	0.178041
29900.000014	-124.594146	-0.050200	-118.783850	0.335177	-82.823650	-0.327600	-113.402399	0.339643
30000.000014	-123.388967	-0.155131	-120.591209	-0.225838	-85.220262	-0.347390	-114.149698	0.201608
30100.000014	-131.706011	-0.021832	-136.258196	-0.340883	-87.163601	-0.148746	-122.818977	0.007305
30200.000014	-121.576157	-0.231778	-121.967695	-0.495533	-86.917005	-0.357281	-124.990237	0.333582
30300.000014	-126.830256	0.394780	-131.951936	-0.031430	-101.742907	0.339123	-124.831400	-0.482066
30400.000014	-116.918151	0.183133	-119.010893	-0.270914	-90.286127	0.450864	-125.242765	0.459230
30500.000014	-119.972598	0.249241	-116.198196	-0.270710	-84.395740	0.289915	-121.691782	-0.414256
30600.000014	-116.910938	0.200525	-121.792459	-0.188645	-82.888420	0.256479	-123.035984	-0.283783
30700.000014	-121.509536	-0.448698	-122.076313	0.244215	-81.218456	0.183885	-126.447364	-0.372334
30800.000014	-128.746789	0.104447	-114.646741	-0.428064	-89.519642	0.104640	-117.265178	-0.209127
30900.000014	-118.324410	-0.402471	-139.539371	0.048729	-85.192834	0.014250	-118.195250	-0.487438
31000.000014	-127.111645	0.201693	-119.732214	-0.066951	-86.979065	0.233721	-122.111773	0.448107
31100.000014	-113.549447	0.380923	-126.127243	0.265452	-86.008646	0.041507	-118.642405	0.258017
31200.000014	-119.030376	-0.209132	-124.693911	-0.404211	-93.550057	-0.498195	-130.136567	-0.103117
31300.000014	-124.083026	-0.442599	-115.100331	0.390865	-94.021546	0.260733	-130.206641	-0.398899
31400.000014	-118.816489	-0.090403	-126.470638	0.231195	-95.578426	-0.217389	-121.154348	-0.100075
31500.000015	-115.932713	0.089267	-124.912705	0.063151	-87.911817	0.258359	-126.322335	0.164093
31600.000015	-121.186424	-0.306948	-125.054518	-0.391230	-98.984278	0.246224	-117.632814	0.163752
31700.000015	-131.089984	0.093477	-124.491905	-0.196284	-94.764938	0.324274	-115.840780	-0.329766
31800.000015	-129.278362	0.152631	-123.763430	-0.142696	-83.126702	0.140057	-130.130021	0.096223
31900.000015	-119.211746	-0.433903	-119.675351	-0.181365	-95.992763	-0.480368	-119.236178	0.281006
32000.000015	-124.424400	-0.465529	-118.390708	0.400211	-83.990759	-0.201218	-98.911983	-0.003003
32100.000015	-124.450905	-0.434152	-118.001885	-0.440235	-99.798062	-0.245251	-127.184756	0.187324
32200.000015	-123.158188	0.447166	-124.916770	0.250602	-92.894910	0.077482	-118.778639	-0.194841
32300.000015	-137.506547	0.207301	-121.390412	0.205367	-93.142145	-0.455651	-127.376000	-0.010500
32400.000015	-115.780706	-0.171028	-128.497183	0.477311	-88.242007	-0.304450	-132.488994	0.255784
32500.000015	-127.816997	0.498530	-120.882845	-0.054700	-94.581811	-0.229457	-121.655804	-0.433063
32600.000015	-121.122639	-0.409415	-119.376927	0.312557	-81.867671	-0.137309	-135.924677	-0.399007
32700.000015	-116.386577	0.335454	-136.479638	0.124366	-85.349692	-0.091897	-121.661813	0.119973
32800.000015	-118.183565	0.228706	-121.610980	0.256903	-86.401111	-0.250300	-118.112755	-0.146268
32900.000015	-128.304156	0.218783	-116.850445	-0.479831	-87.766507	-0.365147	-120.600404	0.046938
33000.000015	-119.656999	0.338533	-118.816434	0.016283	-84.853909	0.151635	-128.855924	-0.059686
33100.000015	-122.051968	0.271934	-127.578424	-0.491488	-83.767373	0.399895	-122.290904	-0.425713
33200.000015	-125.526502	-0.291652	-116.899103	0.440682	-86.091980	-0.447993	-116.680405	0.125213
33300.000015	-126.966690	-0.281686	-123.440735	-0.245027	-84.296473	0.340365	-117.258495	0.474988
33400.000015	-128.405417	0.347824	-130.857368	0.296772	-85.714785	0.316436	-118.145200	0.076791
33500.000015	-122.091986	0.496193	-128.596271	-0.419892	-84.804913	-0.453303	-121.448093	0.464908
33600.000015	-116.224738	0.478904	-122.357922	-0.226528	-94.652080	0.341486	-127.190117	-0.301793
33700.000016	-128.459777	0.013553	-121.592006	0.337523	-87.913210	-0.157227	-120.895506	0.458363
33800.000016	-126.030773	-0.130943	-130.799169	0.276993	-86.926978	-0.463701	-120.924422	-0.020745
33900.000016	-128.463492	-0.413548	-116.994061	0.420025	-93.712952	0.110568	-124.112624	0.163019
34000.000016	-120.096690	0.235408	-120.091740	-0.268946	-87.664307	-0.069726	-106.173050	0.391519
34100.000016	-122.090726	-0.317303	-122.968285	0.472058	-83.552122	-0.193076	-127.072480	0.471203
34200.000016	-117.247947	0.432262	-115.972933	0.250022	-85.798523	0.433085	-114.793821	-0.350756
34300.000016	-121.123096	-0.274600	-126.648968	-0.407340	-90.054963	0.420817	-118.519517	-0.430040
34400.000016	-116.374695	0.099428	-119.543921	0.258920	-85.360722	0.203763	-129.119461	0.174165
34500.000016	-120.430899	-0.050072	-119.381588	-0.117679	-91.006773	0.302407	-119.226423	-0.351474
34600.000016	-118.402731	0.029172	-123.425868	-0.194414	-82.201566	-0.063928	-117.785256	-0.242057
34700.000016	-141.009738	-0.419343	-128.580234	0.133523	-90.480862	-0.022659	-117.384591	0.398913
34800.000016	-116.917906	-0.288810	-119.059785	0.191216	-84.440870	-0.377106	-126.776470	0.036749
34900.000016	-115.490214	-0.405695	-119.127321	-0.315545	-92.600572	0.414410	-121.061353	0.127487
35000.000016	-125.304620	0.361945	-120.805536	0.155547	-85.777978	-0.432405	-122.564674	0.303759
35100.000016	-122.338661	0.464706	-113.127664	0.116072	-84.010565	0.228866	-123.665501	0.079637
35200.000016	-118.936127	-0.431816	-124.226574	-0.201998	-86.611548	-0.053732	-122.712428	0.010815
35300.000016	-121.891268	0.280059	-120.525004	0.258680	-97.409427	-0.073798	-119.023922	0.383489
35400.000016	-120.902273	0.321419	-114.948316	-0.352585	-89.184731	0.030164	-130.245170	-0.403466
35500.000016	-117.175409	0.443598	-117.172481	0.170994	-104.022214	-0.150267	-120.112095	-0.458816
35600.000016	-125.274927	-0.085928	-119.037749	0.110173	-86.264997	0.247957	-124.538640	0.024630
35700.000016	-115.071008	-0.430376	-116.603070	-0.132871	-92.480253	0.068775	-121.730230	0.411356
35800.000017	-128.357838	0.285194	-124.018853	-0.397783	-94.186648	0.463628	-133.184081	-0.471170
35900.000017	-119.619998	0.031736	-119.205601	0.078823	-79.052098	0.317451	-124.639365	-0.336115
36000.000017	-131.535859	-0.408875	-135.704040	-0.130007	-85.150230	0.022242	-108.672768	-0.050844
36100.000017	-119.977668	0.225887	-126.872373	-0.277458	-97.772137	0.278127	-126.228959	0.020601
36200.000017	-126.645591	0.443698	-118.542885	0.198602	-99.993472	0.022986	-128.920918	-0.440015
36300.000017	-115.538811	-0.488981	-120.036217	0.208514	-84.544621	-0.393614	-124.737692	-0.332455
36400.000017	-133.309576	0.380426	-121.905042	-0.122164	-91.208097	0.478722	-123.057498	0.277742
36500.000017	-121.173303	0.402896	-119.055571	-0.455778	-95.736974	0.007358	-121.108754	-0.355144
36600.000017	-120.897282	-0.126553	-120.761175	0.248492	-92.036307	-0.024110	-126.037411	-0.494325
36700.000017	-124.829715	-0.189182	-128.743031	0.476905	-96.454586	-0.073088	-132.892858	0.076385
36800.000017	-119.699385	-0.214459	-115.882322	0.056506	-93.567239	-0.433054	-117.105219	0.203586
36900.000017	-137.025746	0.069731	-121.325729	0.213770	-90.232690	-0.253844	-118.110839	0.380912
37000.000017	-116.949660	-0.239794	-123.169693	-0.366464	-90.428753	0.060348	-120.846876	0.133140
37100.000017	-125.655633	0.441542	-121.268234	-0.431522	-91.957217	0.192133	-113.558933	0.118411
37200.000017	-116.972389	0.057723	-120.966404	0.004920	-89.967074	-0.032177	-137.485240	-0.233036
37300.000017	-124.142371	0.101522	-118.346896	-0.148298	-93.245571	0.040191	-118.304089	0.008765
37400.000017	-124.112453	-0.250995	-118.628838	-0.404955	-105.308320	0.391890	-115.737736	0.473837
37500.000017	-126.413423	0.392972	-117.863064	-0.018199	-90.525946	0.377017	-126.353599	0.450433
37600.000017	-119.857352	0.339247	-118.326882	0.253887	-85.117540	-0.175010	-120.435590	0.165391
37700.000017	-123.592487	0.321661	-135.504571	-0.003250	-94.223157	-0.386539	-129.589375	-0.415229
37800.000017	-126.196931	0.051276	-126.897031	-0.422616	-96.285815	-0.442736	-138.072121	-0.118181
37900.000017	-120.210713	0.086767	-122.243292	0.252728	-90.441908	0.313514	-129.039575	-0.472683
38000.000018	-116.227298	0.448116	-121.956089	0.382075	-93.920509	0.154291	-100.013553	-0.104277
38100.000018	-123.607591	0.346819	-120.144031	-0.239554	-90.351862	-0.275179	-117.605511	-0.404535
38200.000018	-119.042733	-0.207175	-126.975720	-0.475032	-86.487345	-0.241626	-118.139889	-0.453389
38300.000018	-117.742064	-0.040500	-118.667925	0.437967	-81.976473	0.123661	-119.300712	0.049115
38400.000018	-125.868098	-0.168332	-123.886162	-0.192663	-90.055619	-0.443802	-121.087586	-0.197856
38500.000018	-130.941905	-0.263411	-124.413113	0.074874	-88.344634	0.328319	-114.463370	-0.124811
38600.000018	-125.606224	0.419480	-119.525365	-0.116474	-92.149293	0.056855	-116.308889	-0.138937
38700.000018	-125.362149	-0.437926	-116.248812	-0.382460	-91.971680	-0.080367	-117.199383	0.116254
38800.000018	-114.902281	0.368731	-132.633249	-0.375376	-85.490515	0.286437	-112.018069	0.421100
38900.000018	-113.418873	-0.440064	-118.600248	0.152142	-90.994527	0.308876	-115.613539	0.037494
39000.000018	-114.152662	0.212458	-124.148688	0.144333	-99.311395	-0.165831	-126.222193	-0.272203
39100.000018	-116.707534	-0.169203	-122.518126	-0.171918	-87.234504	0.466414	-119.454081	0.296953
39200.000018	-120.045606	0.005509	-121.456967	-0.435986	-100.527451	0.074239	-120.741908	-0.411335
39300.000018	-125.409478	-0.113890	-124.078122	-0.009355	-100.653721	0.392332	-128.815440	-0.231241
39400.000018	-128.879340	0.280883	-117.234097	0.158624	-97.498708	0.012784	-131.487213	-0.189337
39500.000018	-123.391938	-0.226217	-117.439518	-0.436234	-89.624434	0.318291	-128.166346	0.446139
39600.000018	-124.486481	-0.043128	-128.281221	0.095123	-93.288015	0.356233	-117.850294	0.454696
39700.000018	-118.678307	0.350680	-121.021937	0.406330	-89.031690	0.317906	-122.669755	-0.479042
39800.000018	-117.072320	0.463866	-123.711138	0.154483	-90.296682	-0.414859	-117.538151	-0.122953
39900.000018	-125.717039	-0.286889	-124.187013	0.214871	-95.630723	-0.022977	-123.496454	-0.331132
40000.000018	-113.378729	0.173157	-128.818267	0.354787	-95.715216	-0.061251	-111.637415	-0.082594
40100.000018	-125.577012	-0.447516	-124.709868	0.461819	-89.486180	-0.209626	-119.551991	0.166344
40200.000019	-121.928250	0.160397	-118.122154	-0.404484	-91.742197	0.234338	-120.047061	-0.359505
40300.000019	-120.892083	0.286948	-128.873670	-0.049041	-93.172584	0.372405	-118.632105	0.218810
40400.000019	-120.541827	0.333342	-120.873021	-0.171965	-86.724526	-0.487155	-121.473316	-0.113925
40500.000019	-122.707722	0.032177	-117.254189	0.037743	-100.195259	-0.197004	-118.502507	-0.047202
40600.000019	-122.349344	-0.387433	-116.634648	-0.008857	-104.017189	0.202718	-119.834178	-0.429105
40700.000019	-122.016767	-0.244497	-116.323441	0.353215	-87.696484	-0.049763	-126.581003	-0.076465
40800.000019	-125.180385	-0.092133	-120.561857	-0.356118	-90.522957	-0.100551	-123.093715	-0.361042
40900.000019	-128.215354	-0.060936	-119.707961	0.236590	-85.803776	-0.281747	-125.038121	-0.231446
41000.000019	-123.012781	-0.475360	-116.415322	0.236183	-95.931531	0.322530	-117.889252	0.013982
41100.000019	-118.381350	-0.497287	-125.583173	-0.296943	-108.818862	0.323028	-129.674218	-0.165031
41200.000019	-113.748396	-0.413551	-115.190566	-0.461708	-84.965418	0.488488	-124.292702	-0.366410
41300.000019	-115.305549	0.264972	-116.042554	-0.323850	-95.373849	0.439549	-122.565575	-0.169904
41400.000019	-119.286338	-0.045572	-126.664141	0.133841	-100.041361	0.102383	-128.995188	0.339584
41500.000019	-117.083517	0.422780	-114.167697	0.388917	-86.702562	-0.362677	-159.399477	-0.266601
41600.000019	-123.697643	0.093974	-121.786514	0.151246	-88.206721	-0.417055	-124.075042	-0.395651
41700.000019	-122.388094	-0.358774	-124.707966	-0.373826	-93.366951	-0.462009	-126.342952	0.297591
41800.000019	-120.608608	0.334602	-121.121947	0.283267	-92.221067	0.150114	-121.290010	0.430861
41900.000019	-132.435071	0.495852	-128.826485	0.248103	-89.684648	-0.105517	-126.740887	-0.221013
42000.000019	-134.012279	0.148483	-118.951694	-0.075974	-85.387108	-0.198116	-113.820204	-0.356893
42100.000019	-132.226671	-0.479401	-116.628008	-0.297161	-98.765879	-0.186078	-121.662300	0.200446
42200.000019	-130.852507	-0.232377	-125.855680	-0.069218	-87.761065	0.320937	-118.529660	-0.364253
42300.000019	-121.765002	-0.163399	-123.244269	0.375110	-129.312939	-0.017690	-133.255498	-0.477225
42400.000020	-118.848133	-0.367372	-117.346167	-0.491410	-101.512626	0.183381	-115.342338	-0.430495
42500.000020	-116.713865	-0.294449	-132.643668	0.207356	-90.483525	0.159746	-121.766766	0.180027
42600.000020	-116.359188	0.058601	-116.941661	0.140809	-97.198079	0.324744	-115.484275	-0.421164
42700.000020	-121.075515	0.101360	-114.893095	0.333325	-86.380620	0.245755	-111.805088	0.008585
42800.000020	-113.382131	0.243654	-119.701434	0.204608	-91.994353	0.329433	-132.165644	0.096227
42900.000020	-135.315511	-0.441542	-119.835136	-0.219725	-110.041309	0.075061	-131.716166	0.209863
43000.000020	-118.123403	-0.162604	-118.252144	-0.122506	-89.097450	0.120714	-123.841545	-0.277141
43100.000020	-126.575333	0.114018	-127.815311	0.007270	-88.967333	-0.194374	-122.703039	0.399265
43200.000020	-120.840049	0.247175	-122.319523	0.438708	-85.715416	-0.047552	-123.050491	-0.435779
43300.000020	-115.547247	-0.375212	-128.215963	0.200992	-90.841360	-0.065176	-124.619575	-0.198996
43400.000020	-120.781842	-0.495722	-127.198253	-0.288658	-93.047911	-0.215711	-121.164470	0.487720
43500.000020	-118.838512	-0.417686	-122.980179	-0.381349	-102.052997	0.091671	-126.141379	-0.130323
43600.000020	-120.299403	-0.364330	-125.677391	0.000619	-91.230363	-0.296606	-123.686659	0.284489
43700.000020	-117.474825	-0.135487	-113.867491	0.391436	-87.985739	-0.366249	-113.269068	-0.469295
43800.000020	-118.622298	0.121782	-125.016858	0.092563	-94.427932	0.442778	-117.021828	-0.231430
43900.000020	-118.642237	0.030230	-118.962501	0.229873	-88.244309	-0.167004	-123.312762	0.399132
44000.000020	-129.727422	-0.117255	-128.701964	0.407502	-99.439265	-0.103469	-109.602017	0.464153
44100.000020	-120.021312	-0.238086	-126.818811	-0.054002	-86.042350	0.371689	-118.290812	0.398897
44200.000020	-114.952078	0.271883	-127.829792	-0.134830	-93.107456	-0.180941	-135.365710	-0.108390
44300.000020	-132.024867	-0.086614	-116.641539	-0.061269	-95.449860	-0.217040	-121.160901	-0.162772
44400.000020	-118.147508	0.081172	-118.923441	0.154181	-85.786003	-0.225541	-120.119762	-0.489049
44500.000021	-116.923436	0.166124	-117.137921	0.121809	-93.695714	0.285815	-123.879676	0.023288
44600.000021	-122.261020	0.089522	-114.575369	0.436687	-93.441837	0.400245	-123.090360	-0.240248
44700.000021	-117.014150	0.244958	-121.687176	-0.130542	-84.523607	-0.326715	-115.980011	0.483088
44800.000021	-127.292100	-0.171705	-131.950773	0.284411	-92.080413	-0.265840	-126.621750	0.452420
44900.000021	-118.300472	0.371473	-118.958505	0.146864	-87.659702	-0.430326	-130.577351	-0.171926
45000.000021	-124.191173	-0.297313	-115.150524	0.157842	-91.870369	-0.083302	-129.147393	0.088953
45100.000021	-116.932132	0.326781	-123.765046	0.217770	-91.084260	0.113147	-112.620436	0.007349
45200.000021	-121.270175	0.250527	-123.163614	0.370166	-90.906631	-0.036262	-125.405513	-0.063607
45300.000021	-123.956639	0.135485	-120.081561	0.155026	-95.481881	-0.420825	-127.653851	-0.035838
45400.000021	-117.526427	0.164330	-116.529968	0.431692	-92.771549	0.378592	-121.149824	0.495407
45500.000021	-133.644083	-0.078111	-120.643810	0.314873	-96.331007	0.193765	-116.811227	-0.485767
45600.000021	-123.658257	-0.131443	-127.211850	0.031830	-84.371371	-0.469615	-123.060752	-0.159407
45700.000021	-120.237199	-0.133284	-127.805784	0.298187	-99.648860	0.051576	-117.256522	0.339898
45800.000021	-125.418611	0.078867	-115.388763	-0.148627	-93.994231	0.326804	-125.755830	-0.102196
45900.000021	-123.994044	-0.045251	-121.791779	0.136167	-82.886309	-0.480477	-120.386996	-0.067267
46000.000021	-117.922058	0.422982	-118.609513	-0.115890	-91.804542	0.369655	-112.521243	0.448311
46100.000021	-121.748321	0.192421	-121.243885	0.441483	-96.119028	0.139330	-123.606658	0.206932
46200.000021	-117.392656	-0.305333	-121.678434	-0.064391	-100.956617	0.257784	-124.750470	-0.242247
46300.000021	-126.922503	0.102480	-123.195918	-0.289970	-104.357353	0.322230	-119.873150	0.003103
46400.000021	-120.248066	0.455993	-129.095967	0.358694	-94.282961	-0.275183	-121.084418	-0.198092
46500.000021	-135.386286	-0.041181	-121.585609	0.137066	-87.201638	0.445488	-118.411706	0.401725
46600.000021	-124.905414	-0.453863	-126.288179	0.189030	-88.546363	0.499554	-117.704679	0.393277
46700.000022	-123.807089	0.362939	-119.236624	-0.125328	-114.100025	0.035568	-116.278511	-0.193931
46800.000022	-115.761548	0.323440	-133.795723	-0.170724	-95.304900	-0.299257	-115.645133	0.169829
46900.000022	-119.284942	-0.363627	-133.211515	0.356062	-93.184812	-0.130393	-116.262806	-0.475108
47000.000022	-116.338367	0.375033	-114.495781	-0.162497	-89.355774	0.007505	-119.518059	0.014869
47100.000022	-123.531989	0.341679	-125.768371	0.149310	-84.921701	-0.288312	-125.348453	0.427630
47200.000022	-119.992428	-0.405954	-114.299111	-0.242928	-92.952832	-0.129745	-121.865600	-0.309608
47300.000022	-136.551404	-0.217162	-121.806208	-0.123509	-110.782907	0.426014	-120.338155	0.254954
47400.000022	-122.389733	0.251172	-113.233060	0.232968	-90.515437	-0.265020	-119.050204	-0.035935
47500.000022	-113.052770	0.097196	-121.527805	0.274330	-87.315804	0.264121	-115.699293	-0.178143
47600.000022	-119.883236	0.073751	-121.216747	0.326439	-89.821983	-0.014997	-124.298632	-0.428492
47700.000022	-122.548461	-0.302550	-114.643166	-0.144672	-97.081263	0.446595	-127.300107	-0.257895
47800.000022	-129.006017	0.243094	-118.885365	-0.035936	-89.666301	0.306177	-125.432637	-0.053276
47900.000022	-118.001021	-0.185028	-122.136316	0.090079	-87.654184	-0.190802	-130.919844	0.188002
48000.000022	-124.500563	-0.055545	-113.721627	-0.319079	-92.094063	0.431524	-91.793302	0.143740
48100.000022	-125.101548	-0.118573	-117.146178	0.028044	-96.639558	-0.382379	-118.722051	0.354136
48200.000022	-127.305792	-0.466004	-130.526313	0.286851	-93.836269	-0.279611	-118.082959	0.001390
48300.000022	-124.253971	0.051471	-124.798080	-0.283414	-99.972674	-0.065281	-120.586568	0.004825
48400.000022	-115.580906	-0.311133	-132.482378	-0.036061	-94.387874	0.218464	-114.904947	0.037062
48500.000022	-120.606406	0.267267	-136.385949	-0.175711	-94.791554	0.258085	-116.107163	-0.245540
48600.000022	-136.727158	-0.091727	-116.787613	-0.030532	-92.062514	0.366787	-118.611723	-0.254779
48700.000022	-116.373464	0.281422	-127.007776	0.100710	-86.057410	0.011336	-114.589357	0.259743
48800.000022	-132.229046	0.237485	-124.752394	0.419478	-91.016493	0.414655	-122.789022	-0.402223
48900.000023	-122.203830	-0.137464	-119.915557	0.431813	-103.767573	0.215623	-117.028917	0.173313
49000.000023	-115.692204	0.262350	-131.926531	-0.316212	-90.856946	-0.243153	-122.364832	-0.237295
49100.000023	-133.113902	-0.364604	-130.809840	-0.083954	-89.717002	0.404028	-121.925771	-0.007273
49200.000023	-117.845389	0.002707	-124.853462	0.281816	-90.338483	-0.476873	-119.488592	0.412922
49300.000023	-126.104068	0.431263	-116.148552	0.064344	-95.891079	0.331676	-126.852279	0.397924
49400.000023	-116.306873	-0.307375	-121.571765	0.142278	-99.860901	-0.425928	-119.007679	0.051962
49500.000023	-134.242010	-0.291591	-115.950673	-0.048180	-94.652589	0.350812	-111.546329	0.217530
49600.000023	-118.527087	-0.192816	-120.314665	0.487107	-92.054985	-0.197065	-119.833024	-0.478150
49700.000023	-122.979118	-0.126390	-120.991545	-0.184962	-108.007798	0.166653	-119.372299	-0.203828
49800.000023	-119.170229	0.014229	-112.395142	0.012786	-92.787910	-0.345911	-152.168743	-0.300881
49900.000023	-122.012726	0.180082	-113.964581	0.023996	-97.603602	0.402915	-120.225828	0.010092
50000.000023	-122.390214	-0.222685	-129.035095	-0.097252	-102.185037	-0.484608	-110.156337	0.366286
50100.000023	-120.933526	-0.462169	-118.753278	0.261929	-92.471377	-0.455060	-115.900635	0.190827
50200.000023	-119.015122	-0.107671	-114.497008	0.380912	-89.771551	-0.082553	-122.274951	-0.343203
50300.000023	-123.550257	-0.392473	-118.008062	0.098286	-91.562260	-0.370786	-135.863152	-0.171192
50400.000023	-125.955901	-0.236101	-119.003381	0.063974	-110.970510	-0.356750	-115.690627	-0.151107
50500.000023	-120.965240	0.153520	-117.354754	0.075927	-93.491666	-0.159544	-120.831980	0.318958
50600.000023	-118.651490	0.365842	-119.032236	0.089728	-90.922336	-0.374932	-125.481944	0.049268
50700.000023	-122.413755	0.202580	-122.367714	0.063344	-90.278913	0.132548	-125.945381	0.091135
50800.000023	-124.450906	0.265373	-119.146626	0.262589	-92.294517	-0.166131	-120.106518	-0.135562
50900.000023	-126.800160	0.333490	-129.468548	0.353297	-104.937972	0.340379	-138.574839	0.026130
51000.000024	-116.759229	0.220350	-125.878860	-0.194363	-90.855746	-0.118610	-129.046755	0.108171
51100.000024	-125.588939	0.399245	-124.818113	0.368404	-100.023767	0.310517	-125.398033	-0.117843
51200.000024	-118.070789	-0.341917	-124.811525	-0.061379	-95.208127	0.408196	-129.156265	-0.389338
51300.000024	-119.315129	-0.253583	-126.966805	0.387868	-91.875424	0.195242	-118.085764	-0.487496
51400.000024	-130.276226	0.384316	-123.837511	0.110770	-95.366490	-0.204241	-126.813701	0.103395
51500.000024	-128.701548	0.133606	-123.475573	0.100423	-90.781931	0.211976	-127.751461	0.406924
51600.000024	-131.818170	0.354655	-115.829987	-0.436535	-87.125544	-0.498645	-114.021292	0.408630
51700.000024	-118.068771	0.252076	-115.120437	-0.318860	-90.701471	-0.374277	-128.023237	-0.483710
51800.000024	-128.123044	0.412806	-116.867279	0.362134	-87.422413	0.141499	-134.977228	0.464229
51900.000024	-117.545534	-0.096321	-122.856892	0.152583	-92.682324	0.165014	-115.243204	0.022794
52000.000024	-120.723257	0.430904	-122.598691	-0.084312	-90.102230	-0.293951	-115.227748	-0.289041
52100.000024	-113.338320	-0.421400	-130.500440	-0.440936	-98.293733	0.104863	-123.156479	0.477355
52200.000024	-116.161535	0.147715	-120.524854	0.048195	-92.825543	-0.356989	-121.300994	0.484199
52300.000024	-115.457232	0.238528	-124.905161	0.064104	-93.560958	-0.446525	-119.392424	0.135878
52400.000024	-123.917165	-0.013054	-113.616381	-0.073976	-87.633700	-0.169539	-123.569488	-0.242467
52500.000024	-120.644749	0.047937	-120.395979	0.439361	-94.915413	0.215312	-120.709534	-0.196158
52600.000024	-129.646366	0.499827	-132.050647	0.417165	-92.136799	0.136167	-129.030215	0.276374
52700.000024	-123.828165	0.383655	-122.881663	0.355831	-103.568810	-0.210562	-114.655898	0.285125
52800.000024	-115.985818	0.249713	-120.701684	-0.049786	-87.813123	-0.260259	-117.246519	0.074227
52900.000024	-126.313575	0.135693	-123.995079	-0.056493	-91.959408	0.251701	-121.268116	0.151618
53000.000024	-124.550703	0.398162	-121.339244	0.150633	-113.853435	-0.352552	-119.998013	0.435214
53100.000024	-129.167853	0.172484	-118.601495	0.326532	-97.532951	0.014318	-122.682867	0.005858
53200.000025	-126.157934	0.145501	-123.570144	-0.486594	-93.329491	0.076833	-127.750073	-0.430738
53300.000025	-113.941161	0.476466	-121.005366	0.352427	-94.529339	0.004861	-114.305001	0.446776
53400.000025	-119.549055	0.140861	-126.126825	-0.113349	-95.080659	0.136514	-118.927252	-0.364771
53500.000025	-122.188910	0.306704	-121.141787	-0.219088	-90.245975	0.308427	-130.400900	-0.037495
53600.000025	-118.610307	0.174499	-116.516970	-0.315457	-96.774692	-0.338613	-115.719621	0.061340
53700.000025	-132.700019	-0.144392	-118.720849	-0.223759	-103.148564	-0.367474	-121.945034	0.166146
53800.000025	-130.459362	0.380858	-130.697799	0.402395	-94.809780	-0.181263	-119.846072	-0.239839
53900.000025	-125.462868	-0.204684	-119.979938	-0.406174	-89.643649	-0.073289	-125.897266	0.025477
54000.000025	-134.966166	-0.247495	-120.701380	-0.188791	-92.832987	0.486851	-99.028940	0.175761
54100.000025	-116.217339	-0.458913	-115.067708	-0.277003	-92.522669	0.017139	-115.878467	-0.344284
54200.000025	-127.407140	-0.291729	-118.115172	0.346941	-96.563349	-0.420643	-122.920531	0.070964
54300.000025	-120.700497	-0.276355	-116.868688	0.005600	-94.003029	0.431248	-123.381747	-0.144481
54400.000025	-117.398784	-0.490659	-127.766696	-0.259971	-94.070535	0.452800	-126.939164	0.231295
54500.000025	-125.348642	-0.299879	-118.881145	-0.266365	-96.153477	0.408444	-127.173003	-0.093426
54600.000025	-119.355382	0.276185	-118.533902	-0.234503	-88.872578	-0.193879	-116.417990	0.039726
54700.000025	-117.238085	0.378193	-125.986286	-0.280321	-90.624839	0.311646	-117.778810	-0.378530
54800.000025	-120.671499	0.047424	-123.215764	0.453891	-95.339673	-0.498873	-116.205359	-0.387772
54900.000025	-119.437853	0.304653	-123.170980	-0.184474	-97.513980	0.295434	-125.163652	0.349429
55000.000025	-117.629452	-0.384572	-125.847865	0.118092	-100.701740	0.313539	-118.822344	-0.483882
55100.000025	-131.613141	0.062690	-123.107711	0.449127	-109.134265	-0.125320	-121.891522	-0.124050
55200.000025	-117.474910	-0.202289	-120.582549	0.293326	-95.040616	-0.077414	-124.755482	0.490804
55300.000025	-121.848826	-0.157478	-114.582776	-0.304596	-91.498095	-0.032536	-117.670733	-0.213064
55400.000026	-125.607286	0.362326	-126.584542	-0.062587	-97.212027	-0.461266	-120.432111	-0.185996
55500.000026	-117.306816	0.323961	-114.437927	0.305106	-110.657650	0.080067	-120.406977	0.378070
55600.000026	-129.084925	0.332852	-123.593500	0.124666	-94.460659	-0.373835	-117.599530	0.343241
55700.000026	-123.226828	0.465937	-117.448635	-0.141348	-97.331604	0.472400	-130.143601	0.096123
55800.000026	-121.019398	0.135234	-118.873999	-0.222001	-96.765798	-0.372037	-118.543686	-0.359831
55900.000026	-121.583164	-0.105746	-124.962305	0.421395	-98.655967	-0.395003	-119.710863	0.210187
56000.000026	-121.089889	0.078650	-123.334034	-0.099493	-95.674579	-0.492920	-109.496416	-0.428567
56100.000026	-118.191918	-0.399382	-117.738097	-0.359823	-95.358103	0.119007	-118.480745	0.491834
56200.000026	-135.223914	0.066628	-118.418678	0.399691	-91.845409	0.242991	-119.942707	0.048314
56300.000026	-133.095207	0.176672	-116.642148	0.445550	-90.339069	-0.114021	-120.304686	0.253650
56400.000026	-120.053539	-0.221780	-125.557892	0.492458	-89.953574	0.324332	-131.271676	0.404221
56500.000026	-131.107883	-0.382707	-133.364327	0.414988	-92.835817	-0.255612	-128.446581	0.095364
56600.000026	-124.682375	0.367226	-120.881746	0.239328	-89.977493	-0.064387	-118.520067	0.034639
56700.000026	-111.064069	-0.415422	-122.116536	-0.396222	-97.558050	0.495138	-120.576024	0.250701
56800.000026	-119.292371	-0.298823	-122.059121	-0.117954	-102.027439	-0.146239	-118.390193	0.174685
56900.000026	-115.803815	-0.467733	-123.740201	-0.343090	-93.386062	0.348092	-120.164453	0.246752
57000.000026	-123.867382	-0.105258	-126.337425	0.185064	-97.992697	0.078825	-119.576130	-0.019452
57100.000026	-121.009616	-0.488007	-121.797506	-0.260590	-90.234628	-0.496483	-113.426314	0.311481
57200.000026	-118.677554	-0.108095	-119.802717	0.474823	-90.388632	0.094551	-127.471283	-0.156594
57300.000026	-127.012905	-0.001557	-126.912493	-0.451814	-90.379402	-0.203114	-113.323428	-0.364301
57400.000026	-115.393334	-0.101576	-118.389770	0.172941	-90.928754	0.026713	-131.836758	-0.192108
57500.000027	-121.220184	0.375125	-118.552359	0.198059	-100.148088	-0.052339	-117.841612	-0.412293
57600.000027	-117.288351	-0.365910	-117.820795	-0.476236	-95.220560	-0.248036	-124.125060	0.453321
57700.000027	-127.230911	-0.355159	-123.821209	-0.264969	-97.812588	-0.395920	-138.181884	0.223720
57800.000027	-131.156869	-0.355631	-122.789939	0.287833	-97.171738	-0.492847	-127.118106	0.248433
57900.000027	-114.579424	-0.480617	-115.376198	0.161857	-93.786601	-0.022035	-119.081470	0.057514
58000.000027	-122.222415	-0.461758	-116.953488	-0.306041	-99.106746	-0.380734	-102.938307	-0.356065
58100.000027	-116.659165	-0.302730	-121.875461	-0.293846	-97.634442	0.012609	-121.421404	-0.053552
58200.000027	-120.875273	0.041716	-130.643303	0.335431	-88.915936	-0.421380	-123.523229	-0.051521
58300.000027	-119.044095	0.020362	-138.070006	-0.429416	-102.166778	-0.140704	-118.297120	-0.015156
58400.000027	-122.249539	0.433612	-122.238995	0.034156	-98.473579	-0.141224	-121.640827	-0.157175
58500.000027	-122.130689	-0.139647	-119.667680	0.124029	-90.262215	0.021781	-122.664911	0.269366
58600.000027	-123.500204	-0.248880	-116.598493	0.405721	-97.844283	0.363119	-117.201491	-0.496578
58700.000027	-119.782190	0.404079	-118.091046	-0.309775	-104.603919	-0.064422	-124.208134	-0.174188
58800.000027	-122.324542	-0.232891	-122.063300	-0.496817	-95.056595	-0.453636	-121.737061	-0.039239
58900.000027	-136.255426	-0.346348	-118.162100	0.121762	-92.250620	0.416024	-120.106911	0.241436
59000.000027	-117.701669	-0.337996	-137.208462	-0.105158	-97.238823	-0.278040	-122.524561	-0.064318
59100.000027	-123.983679	0.385515	-119.152003	-0.408872	-96.381140	0.046086	-114.395673	-0.356114
59200.000027	-117.307729	0.377999	-126.691046	-0.086460	-98.619370	-0.398338	-119.819347	-0.073551
59300.000027	-130.534842	-0.295074	-129.950709	-0.207116	-92.098816	-0.453917	-119.473948	0.357853
59400.000027	-127.005757	-0.005761	-138.237204	-0.323901	-95.463687	-0.329588	-120.842515	0.017315
59500.000027	-121.378375	0.242403	-116.383934	0.144042	-90.560531	0.026589	-119.855812	0.253874
59600.000027	-117.651745	0.003997	-125.635459	0.433565	-95.643716	0.312002	-123.161863	-0.454463
59700.000028	-130.406068	0.308645	-118.897670	0.471375	-97.628357	0.420255	-116.597698	-0.029120
59800.000028	-113.523902	-0.431584	-120.911059	0.262450	-92.826481	0.107946	-125.525479	0.430754
59900.000028	-121.781774	-0.067089	-141.926677	0.159854	-106.689890	-0.299181	-128.508222	0.282338
60000.000028	-121.499442	-0.364745	-122.755094	-0.176642	-94.199465	-0.225844	-101.921424	-0.431677
60100.000028	-119.692815	-0.071724	-117.285509	-0.079181	-90.557500	-0.352493	-154.108608	0.342785
60200.000028	-120.085591	0.112413	-117.754462	0.259461	-92.514139	0.090678	-131.007664	-0.194616
60300.000028	-118.134618	0.297138	-123.314375	0.451254	-93.378550	0.309497	-118.386414	0.317057
60400.000028	-114.477575	-0.368725	-120.015362	0.423013	-93.750258	-0.228887	-126.124964	0.061440
60500.000028	-115.922451	0.274223	-117.136500	0.434200	-89.940886	0.212201	-115.497970	0.187366
60600.000028	-119.086667	0.023088	-125.047349	0.057785	-99.205707	-0.325653	-119.183253	-0.219057
60700.000028	-118.460802	-0.336222	-117.249444	-0.343258	-94.179333	0.475698	-114.223591	0.148095
60800.000028	-120.902549	0.116505	-116.270188	0.000445	-94.383165	-0.164315	-121.694113	-0.247078
60900.000028	-127.926607	-0.245641	-122.948700	0.259118	-101.159054	0.221374	-119.752365	-0.065589
61000.000028	-126.289929	0.481515	-120.705605	0.318460	-91.608964	0.074670	-121.261239	-0.093261
61100.000028	-115.180372	-0.417782	-118.187958	-0.062492	-91.366293	0.342015	-120.089049	0.179363
61200.000028	-131.456676	0.253772	-115.351028	-0.263002	-113.736945	0.261056	-126.267589	-0.149700
61300.000028	-124.963110	0.275179	-135.309418	0.451439	-95.048025	-0.481183	-117.847236	-0.447336
61400.000028	-120.078568	-0.276212	-121.194182	-0.167074	-89.528691	0.365624	-113.863567	0.246931
61500.000028	-124.166349	-0.296488	-114.888311	-0.471566	-107.320193	0.339668	-116.068405	0.283951
61600.000028	-115.628040	0.250754	-125.002117	-0.388778	-95.433408	-0.275071	-118.656298	0.133678
61700.000028	-132.298965	-0.049773	-133.129805	-0.473465	-90.360903	0.059746	-114.151747	0.243040
61800.000028	-122.627806	0.438156	-135.051948	-0.200470	-92.328291	-0.374967	-120.193551	0.233556
61900.000029	-120.470046	0.151853	-125.521831	0.473647	-97.716586	-0.408298	-116.915258	-0.331342
62000.000029	-116.602526	0.221294	-116.295939	-0.375192	-96.737804	-0.175835	-106.005542	0.035727
62100.000029	-120.222314	0.177155	-130.377819	0.381930	-103.273389	0.145961	-124.626328	0.211315
62200.000029	-131.470856	0.429248	-120.662076	0.200523	-91.613751	0.352224	-116.819773	0.451121
62300.000029	-124.899980	0.088359	-128.086375	-0.262054	-92.364988	0.439945	-119.231106	0.418179
62400.000029	-119.348425	0.065320	-127.372623	0.031963	-113.044240	0.260139	-124.927871	0.100541
62500.000029	-132.043096	0.135667	-120.576829	0.490433	-104.439734	0.245923	-129.113347	-0.083656
62600.000029	-129.695475	-0.214710	-114.580100	0.091813	-91.878555	0.368694	-117.344970	0.444045
62700.000029	-114.580685	0.056587	-116.947131	-0.450453	-97.630754	-0.097834	-117.926443	0.008942
62800.000029	-127.131541	0.415271	-118.024474	-0.121527	-94.971847	-0.429024	-115.805639	0.132288
62900.000029	-125.296822	-0.361024	-116.600046	-0.226284	-104.604126	0.029768	-120.759060	-0.352105
63000.000029	-121.418274	-0.225541	-119.216683	-0.183296	-93.618983	-0.363678	-138.443709	-0.043787
63100.000029	-120.723034	-0.406277	-120.100312	-0.107349	-92.778520	-0.194765	-129.089795	-0.220413
63200.000029	-120.949728	0.371631	-123.792216	-0.424800	-99.660786	-0.456666	-118.270387	0.464237
63300.000029	-118.553423	-0.091345	-122.101579	-0.009271	-104.362962	-0.485543	-116.655620	-0.297229
63400.000029	-124.535938	0.336891	-115.901809	0.427399	-99.090354	-0.458453	-125.222021	0.025518
63500.000029	-121.939433	0.031242	-117.535533	0.336752	-96.770826	-0.343810	-122.782184	-0.379744
63600.000029	-124.286163	-0.242556	-117.818541	0.156808	-105.507780	0.336727	-115.698395	-0.363114
63700.000029	-119.603861	-0.086051	-115.860549	-0.134887	-93.442180	-0.083599	-117.977100	0.291017
63800.000029	-117.852816	-0.330035	-124.600678	0.123777	-101.848132	0.260550	-121.355189	-0.406638
63900.000029	-116.942276	0.497943	-130.821231	-0.009266	-101.542927	-0.349435	-119.640390	0.035253
64000.000030	-125.111298	-0.276595	-115.106432	-0.228041	-101.116319	0.463281	-91.186880	-0.467615
64100.000030	-123.423401	0.249413	-129.235449	-0.090349	-94.498058	0.059524	-117.849005	-0.419477
64200.000030	-123.051041	-0.227478	-119.773575	-0.023769	-105.746856	-0.376884	-118.183020	-0.242758
64300.000030	-117.445027	0.380017	-125.487158	0.078343	-90.391696	-0.208200	-140.352479	-0.403678
64400.000030	-126.224003	0.469325	-125.725473	-0.104315	-91.228185	-0.172073	-128.003390	0.065426
64500.000030	-118.560027	0.057778	-125.574369	0.457317	-93.890717	0.175165	-123.534103	-0.197639
64600.000030	-130.037442	-0.142936	-118.290801	-0.393513	-92.027564	-0.417916	-133.179253	0.316526
64700.000030	-119.602699	0.363913	-123.966382	0.349723	-101.082111	-0.063751	-117.110421	-0.386431
64800.000030	-117.002482	0.209900	-120.569572	0.121690	-95.320377	0.023155	-122.287242	0.232948
64900.000030	-118.842345	-0.378271	-132.783244	0.453519	-91.633786	0.249731	-124.476504	-0.286900
65000.000030	-119.908141	0.433914	-127.945875	0.157541	-99.479779	0.285293	-117.303334	0.143989
65100.000030	-116.113278	-0.016303	-114.889516	0.290437	-94.354384	0.161322	-118.494947	0.050695
65200.000030	-114.930778	0.299744	-119.741291	0.239104	-94.089154	-0.019755	-116.531261	0.396981
65300.000030	-118.061205	0.258111	-121.666429	-0.464581	-98.121708	0.491639	-123.186224	0.104743
65400.000030	-123.284409	0.110999	-120.248270	0.267787	-99.230128	-0.265730	-115.682320	0.371537
65500.000030	-128.382004	0.370370	-132.132167	0.293668	-98.530760	-0.373785	-121.896227	0.129259
65600.000030	-121.893097	0.286099	-133.806184	-0.297082	-92.290648	-0.319740	-120.994902	0.166036
65700.000030	-116.083886	-0.346571	-119.370835	-0.433681	-113.187516	0.182980	-123.953317	-0.296722
65800.000030	-126.609048	-0.385378	-118.530157	0.169866	-105.355051	0.150503	-123.251714	-0.302620
65900.000030	-116.067754	-0.282448	-142.618224	-0.199284	-106.219725	-0.270950	-116.845984	0.078850
66000.000030	-122.277798	0.360013	-116.296703	0.173730	-95.808275	0.190527	-110.862307	0.448314
66100.000030	-117.704333	0.105687	-120.554518	-0.261715	-97.318030	0.467688	-114.208208	-0.148650
66200.000031	-120.248989	-0.487763	-119.178203	-0.449609	-101.896111	0.116648	-125.113634	0.007024
66300.000031	-130.123310	0.375282	-120.690898	0.268586	-98.977912	0.321140	-128.312206	-0.316962
66400.000031	-130.403134	0.392319	-134.938231	-0.036764	-103.521065	0.438500	-118.839856	0.232526
66500.000031	-118.005530	0.210743	-119.805903	-0.038654	-101.302895	-0.286763	-111.198627	0.025599
66600.000031	-120.651594	-0.314085	-126.047222	0.439472	-101.901977	0.372783	-122.137690	0.008585
66700.000031	-119.514930	-0.156778	-127.423058	-0.055041	-109.050506	-0.291915	-124.132159	-0.125976
66800.000031	-123.062092	0.346302	-123.866956	-0.097189	-94.478290	0.391199	-118.908414	0.198022
66900.000031	-119.378085	0.373108	-119.904665	0.323386	-100.178646	-0.144829	-117.311001	-0.162875
67000.000031	-117.774232	-0.236851	-129.151997	-0.172210	-93.078265	-0.195544	-122.383976	0.404171
67100.000031	-117.084379	0.113328	-123.222577	0.444036	-103.498337	-0.135109	-121.431899	-0.154213
67200.000031	-130.795984	-0.162701	-117.133708	-0.423512	-98.193968	-0.126398	-131.463915	-0.446219
67300.000031	-128.587984	-0.441607	-117.916092	0.332460	-93.573580	-0.366188	-123.153348	0.448034
67400.000031	-124.300272	0.491160	-115.157535	-0.220496	-100.947897	0.436202	-119.410776	0.118393
67500.000031	-117.636725	0.224407	-126.721259	0.150919	-96.642266	-0.235975	-114.326474	-0.277671
67600.000031	-122.123492	0.190350	-119.136876	-0.108372	-109.894941	-0.493802	-136.230181	-0.191199
67700.000031	-120.188439	0.059779	-123.575558	0.102903	-101.669056	-0.453920	-127.080349	-0.071353
67800.000031	-118.079610	-0.047709	-128.456749	0.104491	-121.608081	-0.298033	-116.221117	-0.041352
67900.000031	-120.364555	-0.398788	-123.514232	-0.295523	-113.312630	0.004856	-113.555485	0.476738
68000.000031	-128.187877	-0.002798	-131.373850	-0.396582	-104.228685	0.354259	-118.690794	-0.430446
68100.000031	-120.276291	0.047152	-122.105163	-0.366730	-95.182226	0.272709	-115.646117	0.239469
68200.000031	-117.207341	-0.198187	-127.112076	0.171918	-113.262290	-0.243568	-124.647620	-0.255852
68300.000031	-120.150765	0.399699	-121.135897	-0.252934	-92.291936	-0.368527	-120.815862	-0.341140
68400.000032	-127.923388	0.329347	-120.104990	-0.497064	-106.416132	-0.497272	-119.077743	-0.262080
68500.000032	-116.816002	-0.028896	-114.059968	0.072507	-97.742971	0.328967	-123.213791	-0.081581
68600.000032	-126.997373	-0.044280	-127.365707	-0.053776	-99.132218	0.011434	-122.967805	-0.388781
68700.000032	-119.728819	-0.078470	-118.604981	0.175956	-98.629284	-0.266329	-122.502034	-0.487551
68800.000032	-121.735205	-0.101174	-121.451499	0.128704	-97.836866	0.312725	-113.686561	0.098869
68900.000032	-115.947360	-0.373201	-119.162085	0.431059	-99.341024	0.210618	-117.489417	-0.157980
69000.000032	-127.401148	0.023560	-127.333854	0.496588	-96.286112	0.395108	-122.431425	-0.007583
69100.000032	-121.582846	0.164458	-123.907070	0.221048	-102.495136	0.083277	-115.876792	0.001167
69200.000032	-122.058036	0.239967	-118.184439	-0.265007	-100.694405	-0.350337	-119.524196	-0.247051
69300.000032	-118.210687	0.441799	-119.711123	0.155221	-106.745320	-0.159425	-119.867814	-0.314245
69400.000032	-113.026654	0.256735	-122.514552	0.258444	-93.364839	0.289739	-115.952039	0.194370
69500.000032	-116.755423	0.232302	-139.431161	0.252817	-96.693131	0.089366	-118.836386	0.253065
69600.000032	-117.591918	-0.229211	-116.647119	-0.360573	-101.880322	-0.107385	-117.996836	-0.185617
69700.000032	-131.470607	0.234552	-124.720361	-0.335163	-93.777335	-0.185396	-120.699668	-0.368950
69800.000032	-126.648178	-0.056415	-121.647961	-0.427959	-95.342066	0.328968	-122.249118	0.117141
69900.000032	-115.254160	0.342197	-116.788025	0.037354	-101.545003	0.490872	-119.952784	-0.325091
70000.000032	-120.853750	0.199582	-122.865777	-0.492691	-90.189087	0.296291	-122.534234	-0.232969
70100.000032	-126.881039	-0.058779	-114.351647	-0.260982	-114.609538	0.456446	-120.497963	-0.137980
70200.000032	-122.152228	-0.259178	-125.702446	0.154833	-96.552609	-0.329060	-115.399388	-0.431510
70300.000032	-120.475629	-0.425247	-121.033338	-0.471561	-104.362110	0.284248	-121.812772	-0.275276
70400.000032	-121.002272	-0.221884	-127.599154	0.257944	-113.981116	-0.220735	-117.120860	0.334743
70500.000032	-132.332867	0.141239	-129.383521	0.449738	-92.227285	-0.155847	-120.218420	0.333352
70600.000033	-123.710715	-0.017569	-124.744585	-0.338180	-118.205887	0.345402	-126.760939	0.369045
70700.000033	-119.744760	-0.388122	-122.785421	-0.337262	-102.233581	0.136149	-127.940610	-0.149358
70800.000033	-115.489283	-0.172655	-127.989784	-0.485382	-119.312723	0.205089	-139.975105	0.347243
70900.000033	-112.709475	0.037410	-125.429607	0.021734	-96.532130	-0.055992	-125.779948	0.056911
71000.000033	-122.263760	-0.256329	-121.406114	-0.229409	-102.846847	-0.027423	-123.963042	-0.279131
71100.000033	-118.322444	0.446597	-120.661582	0.413893	-97.538897	-0.064112	-114.568942	-0.462181
71200.000033	-128.932144	-0.030859	-118.243082	0.385485	-95.029513	-0.098739	-119.315529	0.088548
71300.000033	-124.131351	-0.321318	-126.004655	-0.159583	-93.361436	0.234569	-119.152356	-0.098306
71400.000033	-119.016076	-0.297686	-118.555229	0.042036	-102.329568	-0.122157	-116.401827	-0.010390
71500.000033	-121.137477	-0.255116	-126.597297	0.410508	-94.280706	-0.392054	-125.120209	0.473496
71600.000033	-114.901104	0.157958	-122.792166	0.489639	-98.059743	-0.051472	-125.585127	0.132356
71700.000033	-121.176793	0.209416	-121.354216	-0.308669	-100.993310	0.495148	-129.082413	0.372684
71800.000033	-125.734369	-0.072020	-121.054901	0.428691	-95.166757	0.072333	-117.256475	0.433232
71900.000033	-124.231320	0.270543	-134.189280	-0.050254	-108.730567	0.393186	-120.079735	-0.135731
72000.000033	-117.929881	0.257432	-120.255289	0.176890	-103.894512	-0.459257	-105.737589	-0.072490
72100.000033	-124.166464	-0.098052	-119.817796	-0.392284	-99.916892	0.344729	-117.805417	0.127185
72200.000033	-117.812436	0.085752	-115.769901	0.158380	-104.846415	-0.309327	-119.156719	-0.132718
72300.000033	-116.577979	0.153147	-118.986877	0.442951	-103.287831	-0.364202	-126.536867	0.415428
72400.000033	-115.644198	-0.026392	-114.666764	-0.327488	-96.985073	-0.417715	-115.925641	-0.172319
72500.000033	-124.306190	0.256712	-133.066103	0.414300	-98.007936	0.035369	-118.141488	-0.478668
72600.000033	-123.754413	-0.278999	-113.446321	-0.130236	-99.676048	0.272202	-135.697348	0.472027
72700.000034	-127.130671	-0.007108	-123.973342	0.383221	-91.586228	0.458408	-125.409220	-0.156646
72800.000034	-123.103880	0.438920	-116.575138	0.496421	-94.700329	0.127845	-122.061410	0.460817
72900.000034	-125.915075	-0.415770	-127.088978	-0.325903	-92.328429	0.426256	-117.608976	0.401050
73000.000034	-122.921831	-0.145287	-125.306001	0.399657	-98.687828	-0.293605	-124.625332	0.062314
73100.000034	-123.578848	-0.426859	-114.904607	-0.440596	-94.800224	0.303723	-113.700268	-0.321451
73200.000034	-124.286207	-0.119189	-126.077602	-0.281206	-101.434514	0.148094	-118.167637	-0.423259
73300.000034	-123.605771	-0.371039	-117.081907	-0.319990	-96.016129	-0.488062	-118.329583	-0.148602
73400.000034	-139.420276	0.277392	-118.176886	0.352002	-97.806934	-0.170884	-117.213855	0.261097
73500.000034	-118.337215	0.366061	-115.600306	0.145478	-99.489131	0.404029	-118.203448	-0.439257
73600.000034	-115.220255	-0.120743	-124.514916	0.105488	-104.413440	0.007398	-123.820539	0.354966
73700.000034	-115.860274	-0.255415	-126.705052	0.241811	-105.684342	-0.208772	-115.619475	0.168071
73800.000034	-120.668213	0.239305	-121.785501	-0.181534	-95.713373	-0.452371	-123.302146	-0.455960
73900.000034	-135.481068	0.062613	-114.013823	0.358702	-98.829329	0.170879	-130.449740	-0.073969
74000.000034	-116.184870	0.263794	-124.669564	-0.089221	-110.372296	0.275716	-116.012897	-0.133121
74100.000034	-124.328507	-0.457337	-131.654151	0.481788	-97.135443	0.297523	-128.748814	-0.217624
74200.000034	-130.641944	0.423193	-122.217048	-0.226484	-88.964518	-0.109286	-115.548575	-0.204383
74300.000034	-124.414403	-0.084551	-122.482189	0.469074	-104.982427	-0.459138	-129.821265	-0.321634
74400.000034	-118.234894	0.218509	-122.345171	0.454808	-102.201091	0.275786	-113.310464	0.075757
74500.000034	-124.307670	0.155639	-134.359328	-0.042926	-106.452809	-0.126609	-120.380866	-0.362590
74600.000034	-122.791178	-0.273017	-118.035012	-0.177350	-94.215636	0.186647	-121.119966	-0.139640
74700.000034	-118.545139	0.325523	-124.157855	0.306131	-111.142083	-0.446226	-114.624817	-0.343926
74800.000034	-115.493980	-0.276451	-113.308411	-0.191293	-93.779277	0.294239	-130.231806	0.461399
74900.000035	-116.467271	0.129007	-126.244693	0.414515	-95.686126	0.314981	-116.851398	0.434419
75000.000035	-118.248066	0.300900	-132.507640	-0.067210	-98.344691	0.438475	-113.716533	-0.317782
75100.000035	-119.452549	-0.127665	-128.829348	-0.345625	-102.578146	0.253019	-123.597486	-0.377804
75200.000035	-121.915656	0.334452	-120.750883	0.027701	-104.603615	0.369206	-123.997848	0.061720
75300.000035	-122.238722	-0.177929	-120.630512	-0.133949	-98.172476	0.096959	-128.837384	-0.363832
75400.000035	-122.498268	-0.304317	-120.355826	-0.088375	-94.441670	0.062320	-121.734242	0.080148
75500.000035	-114.872607	-0.405313	-114.951499	0.318161	-98.830890	-0.375060	-123.992013	-0.196059
75600.000035	-117.593638	-0.161976	-119.878317	0.304092	-97.978774	-0.456690	-118.312742	0.085054
75700.000035	-120.347507	-0.162528	-116.658381	0.275648	-106.255790	-0.449436	-115.941212	-0.445039
75800.000035	-121.369758	-0.307173	-114.584443	0.075393	-105.060074	-0.323658	-116.896018	-0.204429
75900.000035	-116.968625	0.056118	-118.024282	-0.247522	-98.120854	-0.123574	-117.636707	-0.432955
76000.000035	-116.133229	0.214845	-119.802999	0.272175	-101.038191	0.122545	-109.349035	-0.256490
76100.000035	-117.281968	0.489114	-115.744226	-0.087488	-96.355026	0.157870	-120.259574	-0.344287
76200.000035	-120.445297	-0.263521	-116.840523	-0.437813	-91.689851	-0.437222	-120.307392	-0.440537
76300.000035	-121.375575	-0.413981	-127.247017	0.425739	-99.647836	-0.247385	-120.854599	0.252348
76400.000035	-120.786789	-0.069678	-120.100651	0.302951	-100.660220	0.421901	-124.863363	-0.380341
76500.000035	-129.542632	-0.056202	-120.365663	-0.027080	-102.177963	-0.264232	-124.689507	-0.124326
76600.000035	-124.053187	-0.045908	-118.123643	0.152150	-101.046529	0.383906	-120.483873	0.396982
76700.000035	-118.541110	-0.402961	-113.335712	0.159356	-95.575372	0.495166	-122.912089	-0.427041
76800.000035	-124.633197	0.295976	-125.933005	0.036924	-109.585708	0.380402	-119.303244	0.297969
76900.000035	-127.318806	-0.420806	-115.830226	-0.291237	-97.211111	0.010714	-122.385397	0.266513
77000.000035	-121.341467	0.247348	-117.203519	0.212713	-121.722788	-0.291222	-117.710226	-0.038070
77100.000036	-115.450276	0.227842	-117.547449	0.241471	-92.251546	-0.092735	-119.411264	0.204772
77200.000036	-121.073921	0.298179	-128.673621	0.347433	-97.428201	0.377148	-122.299181	0.333905
77300.000036	-121.520529	-0.092200	-111.033093	0.309060	-94.305811	-0.226883	-123.548145	-0.382257
77400.000036	-119.569958	0.327926	-119.137985	-0.412858	-96.880086	0.400420	-126.668441	-0.318934
77500.000036	-122.010343	0.428503	-123.168844	0.200429	-102.137726	-0.052570	-119.943642	0.338743
77600.000036	-122.056248	-0.148085	-118.125129	0.144125	-98.988793	0.246423	-116.498250	-0.356826
77700.000036	-117.356329	0.454882	-123.905711	0.090562	-106.096742	0.477346	-119.949578	0.181254
77800.000036	-127.773419	-0.069150	-124.613259	0.054903	-98.831221	-0.003462	-131.347607	-0.475603
77900.000036	-119.454743	0.108542	-120.772015	0.426629	-95.268013	-0.290066	-122.333068	0.143128
78000.000036	-118.422348	0.082045	-137.995800	-0.095896	-105.378549	-0.025251	-113.598257	0.328581
78100.000036	-126.482509	0.397024	-129.283008	-0.347469	-94.415579	-0.402698	-128.157047	0.035220
78200.000036	-114.442951	-0.321081	-124.058901	0.410408	-111.437061	-0.210681	-122.801438	0.442398
78300.000036	-123.975078	-0.330459	-123.729115	0.010223	-101.365016	0.330701	-116.711947	0.098061
78400.000036	-116.252476	0.184747	-126.198681	0.287176	-105.777259	0.139718	-126.286758	0.060311
78500.000036	-127.151624	-0.138237	-123.712740	-0.284918	-98.796384	-0.283344	-117.805822	0.144456
78600.000036	-121.710892	0.021314	-121.196433	-0.144847	-97.679189	0.284803	-122.229722	-0.394748
78700.000036	-122.677855	0.161182	-127.203685	-0.064968	-96.329907	-0.045846	-120.479295	0.164556
78800.000036	-119.593990	0.402591	-115.028041	0.384967	-112.846435	-0.092090	-116.154757	-0.473822
78900.000036	-118.155117	-0.364746	-114.595778	0.268054	-104.381627	0.489776	-116.493441	-0.142432
79000.000036	-118.312919	-0.451896	-116.501388	0.282466	-99.925486	-0.468663	-117.575355	0.460553
79100.000036	-120.503942	0.492801	-117.768819	0.465424	-101.127227	-0.385717	-118.904184	0.050506
79200.000037	-119.787925	0.232602	-117.897262	-0.484509	-110.484663	0.319357	-120.788305	-0.230594
79300.000037	-115.138581	-0.435482	-126.245452	0.358164	-102.478033	-0.201921	-127.777441	-0.225894
79400.000037	-117.551700	0.136620	-122.524676	-0.170842	-99.076815	-0.489178	-118.926980	0.479854
79500.000037	-124.475814	-0.085313	-125.409737	-0.034132	-94.501623	0.032668	-127.373703	-0.323988
79600.000037	-130.316466	-0.137115	-117.792006	-0.054106	-118.589698	-0.437575	-129.084619	0.451333
79700.000037	-123.358869	0.243139	-118.463608	-0.306031	-97.054025	0.434014	-118.794088	-0.126547
79800.000037	-114.592528	-0.382794	-116.056174	0.122942	-95.699217	0.157284	-116.977365	0.451253
79900.000037	-117.431121	-0.153917	-126.839705	0.020907	-94.576924	-0.054775	-120.026135	-0.246530
80000.000037	-118.540978	-0.433464	-115.464125	-0.308986	-98.336529	0.386366	-103.701876	0.275488
80100.000037	-116.908120	-0.148633	-115.865743	0.047845	-97.444820	0.460591	-138.856681	-0.451601
80200.000037	-129.241864	0.440247	-115.569500	-0.010363	-101.157584	0.022136	-128.674218	-0.499784
80300.000037	-136.038570	0.039433	-121.086205	0.215457	-99.569856	0.271199	-121.866138	0.394086
80400.000037	-113.144587	0.271569	-120.972744	-0.027261	-106.998979	-0.231897	-117.267756	0.429950
80500.000037	-124.617327	0.410588	-118.865306	0.001467	-101.092977	0.241169	-117.367392	0.213731
80600.000037	-118.802090	-0.131130	-125.225661	0.364722	-106.362885	-0.018799	-127.305966	-0.355827
80700.000037	-117.028798	-0.364938	-119.560921	-0.251572	-91.666270	0.017734	-117.459690	0.018269
80800.000037	-126.795897	0.191451	-119.500358	-0.006467	-105.758133	-0.075822	-125.061987	0.218575
80900.000037	-125.637482	0.027250	-112.924894	0.286333	-92.838161	-0.072204	-116.839056	0.059558
81000.000037	-123.549231	-0.004295	-121.522332	-0.185148	-111.429202	-0.001646	-116.383333	-0.265322
81100.000037	-122.409645	0.133357	-129.439304	0.295323	-97.986907	-0.101920	-123.831629	0.499370
81200.000037	-116.682884	0.048454	-121.207677	0.176533	-98.915239	0.248476	-126.216022	0.443950
81300.000037	-122.572313	0.284611	-104.050750	-0.237366	-101.641677	0.095412	-119.373285	-0.293635
81400.000038	-121.678049	-0.485161	-102.553410	-0.116960	-102.959657	-0.101437	-126.827222	0.379528
81500.000038	-117.012035	-0.002208	-102.658530	-0.068435	-96.208027	-0.315926	-112.841991	0.373251
81600.000038	-118.144894	-0.406914	-114.389846	0.116191	-94.925738	0.248000	-123.361843	0.083104
81700.000038	-119.359367	0.335203	-127.880949	-0.334256	-93.328620	-0.123633	-122.190941	-0.289910
81800.000038	-113.181435	0.439243	-111.543002	0.030455	-101.586559	-0.379954	-117.541282	-0.440193
81900.000038	-119.070654	-0.326433	-124.392172	-0.281985	-111.813843	0.386802	-131.917826	-0.482858
82000.000038	-117.981277	0.348128	-119.808977	-0.392955	-104.315376	0.323335	-102.226946	-0.202083
82100.000038	-133.766091	0.343424	-130.715185	0.345183	-100.272670	0.377552	-118.279416	-0.229692
82200.000038	-133.336652	-0.025708	-117.770345	-0.059102	-99.323870	0.331088	-124.081289	0.087184
82300.000038	-120.221891	0.087163	-122.756739	-0.090866	-100.145549	-0.400676	-123.196969	-0.242458
82400.000038	-121.078618	0.079687	-123.937963	0.395996	-96.083774	-0.274489	-120.919826	0.259783
82500.000038	-118.633379	0.030256	-123.344011	0.257080	-100.977204	-0.161905	-123.751766	-0.260455
82600.000038	-119.146919	-0.127993	-118.569414	-0.242145	-102.263374	-0.359449	-121.986452	0.292401
82700.000038	-131.481763	0.432884	-120.916367	0.487261	-100.534434	0.308068	-122.468049	-0.025177
82800.000038	-121.066584	-0.482085	-116.580198	-0.245564	-97.696369	0.351553	-115.888745	0.056301
82900.000038	-112.061989	-0.488881	-117.293783	-0.306946	-103.232292	-0.380314	-126.957543	-0.313665
83000.000038	-135.106063	-0.198736	-136.797358	-0.122230	-95.180084	-0.415697	-123.150763	-0.338712
83100.000038	-118.705433	-0.033428	-121.419496	-0.289693	-99.325293	0.339031	-126.765144	-0.000689
83200.000038	-124.622459	0.496140	-116.181743	-0.491679	-111.959944	0.409564	-117.959327	0.201542
83300.000038	-123.300765	0.346873	-120.893867	-0.420297	-99.319599	-0.206492	-121.334282	0.452918
83400.000038	-118.152363	0.007231	-125.836911	-0.487968	-96.612176	0.454845	-112.279103	-0.023873
83500.000038	-130.863227	0.211044	-113.813863	-0.431739	-97.092902	0.416072	-124.442637	0.138302
83600.000039	-118.232226	-0.404529	-119.737600	0.013205	-93.930620	0.242207	-119.850822	0.422596
83700.000039	-132.035506	0.301884	-129.479352	0.440513	-100.443034	0.012369	-120.948839	-0.187012
83800.000039	-116.416312	-0.445635	-119.633782	-0.187564	-94.953746	-0.092199	-117.551365	0.215449
83900.000039	-117.511795	0.151693	-118.919902	-0.081232	-99.018754	-0.093436	-118.611893	0.097783
84000.000039	-119.416387	0.176322	-113.957053	0.306955	-100.882898	-0.032800	-105.286615	0.184762
84100.000039	-115.877315	-0.007996	-116.686112	-0.120497	-108.374551	0.428066	-122.162183	-0.154522
84200.000039	-117.882569	-0.393140	-116.742307	-0.355093	-99.597809	-0.035452	-119.788216	-0.347022
84300.000039	-118.069125	-0.247838	-126.394905	0.223042	-95.548422	-0.398793	-127.756056	-0.497703
84400.000039	-118.105630	0.231408	-115.295916	-0.334772	-95.742630	-0.444472	-123.774380	-0.311914
84500.000039	-120.197327	-0.086848	-124.371860	-0.300421	-97.179403	0.368069	-118.275823	0.171206
84600.000039	-119.973987	0.128056	-118.091457	0.082274	-102.373227	-0.135738	-120.219701	0.051573
84700.000039	-121.110801	0.446873	-116.172220	0.276524	-105.582659	0.463031	-130.848753	-0.278332
84800.000039	-117.107530	-0.190703	-113.258120	0.354699	-99.012407	-0.455666	-119.119116	-0.239041
84900.000039	-133.104225	0.170917	-114.430935	0.396741	-101.315956	0.493965	-122.553642	-0.084064
85000.000039	-115.470774	0.172179	-116.289043	-0.061292	-107.074742	0.335143	-119.131348	0.255552
85100.000039	-117.847934	0.220708	-113.685268	-0.203860	-102.195885	0.392071	-113.891552	-0.207826
85200.000039	-132.760278	0.036135	-119.160557	-0.337292	-101.085178	-0.478635	-133.587524	-0.481311
85300.000039	-115.855128	0.322679	-114.252577	0.115530	-97.143351	0.061838	-115.860721	-0.038013
85400.000039	-115.244605	-0.486335	-121.060703	0.361010	-102.930506	-0.001289	-115.935884	0.248183
85500.000039	-127.442283	-0.363432	-111.596592	0.457841	-104.758768	0.231486	-115.303635	0.177516
85600.000039	-118.660102	0.478434	-117.347473	0.465027	-93.385360	0.003476	-120.287700	0.226395
85700.000040	-133.489811	0.294278	-116.986206	-0.299686	-100.039505	0.445020	-126.202716	-0.173615
85800.000040	-119.312542	-0.440255	-122.916762	0.321799	-103.636194	-0.484792	-114.798417	0.155948
85900.000040	-119.791558	-0.094950	-116.366823	0.046961	-98.304005	0.327264	-116.027055	-0.204182
86000.000040	-120.728063	-0.187860	-119.868806	0.013397	-97.515908	-0.028273	-113.438828	0.362383
86100.000040	-117.839923	0.043792	-117.767610	-0.374436	-101.077857	0.196718	-125.411964	0.136980
86200.000040	-119.455046	-0.481947	-118.522229	-0.256540	-104.397905	0.174712	-124.194225	-0.176941
86300.000040	-120.824189	0.018733	-118.532432	0.215611	-97.141975	-0.283600	-120.309443	-0.089237
86400.000040	-121.040075	0.387941	-123.311339	0.164592	-104.099566	-0.200134	-122.575154	0.408286
86500.000040	-124.201925	-0.191638	-120.672398	-0.085408	-97.933311	0.306517	-117.388234	0.063094
86600.000040	-114.693896	0.024871	-117.803920	0.341995	-114.140698	0.295765	-128.040940	0.496465
86700.000040	-125.035126	0.081745	-113.907381	-0.378164	-99.504480	0.323745	-118.227917	-0.418127
86800.000040	-112.136502	0.240254	-115.507169	0.166708	-97.246181	0.219808	-111.803770	0.490723
86900.000040	-115.650022	-0.040497	-119.457769	-0.335577	-96.592747	0.271387	-115.015244	-0.409961
87000.000040	-115.162639	-0.246678	-121.488135	-0.315640	-115.032485	-0.331631	-121.423769	0.335531
87100.000040	-111.504678	0.226419	-119.924971	-0.410360	-98.528739	0.132502	-115.175065	-0.436791
87200.000040	-118.393545	0.301643	-122.563850	-0.496623	-98.391547	-0.190244	-110.935332	0.343451
87300.000040	-125.288728	0.445753	-123.001997	-0.359853	-97.832599	0.414817	-122.635948	-0.373459
87400.000040	-134.914250	0.224625	-121.508190	-0.205046	-102.454219	0.207725	-135.593310	-0.118991
87500.000040	-117.206124	-0.026997	-121.137103	0.212970	-95.539061	0.477510	-113.365827	-0.244046
87600.000040	-117.530475	0.249250	-124.654620	-0.416615	-97.528414	0.338276	-114.469742	-0.142486
87700.000040	-115.469580	-0.345537	-118.181457	0.413521	-105.630587	0.140535	-117.032629	-0.244329
87800.000040	-119.763454	-0.057914	-124.726262	-0.457604	-104.334089	-0.202459	-125.899245	-0.279274
87900.000041	-121.011977	-0.136142	-132.827627	0.366825	-93.708954	-0.274523	-114.327524	-0.281312
88000.000041	-125.395311	0.386494	-125.995305	0.260194	-96.382777	0.113258	-115.578589	-0.157854
88100.000041	-114.575345	0.329022	-118.006065	-0.247537	-98.206924	-0.279109	-122.410084	0.047497
88200.000041	-122.076475	0.103344	-118.175987	0.283667	-96.809968	-0.122140	-124.809533	0.194747
88300.000041	-121.204423	-0.010181	-114.341972	-0.421511	-103.448978	-0.244687	-120.387400	-0.292567
88400.000041	-116.864051	-0.154152	-129.955227	-0.062415	-105.092283	0.474258	-137.394318	0.447554
88500.000041	-118.471300	0.302275	-131.893086	-0.098814	-95.313607	-0.218331	-112.184958	0.004665
88600.000041	-120.499000	0.475180	-122.849260	0.373516	-106.570383	-0.368473	-113.211139	-0.251278
88700.000041	-124.925148	-0.260663	-120.795035	0.305078	-100.584492	-0.172860	-117.070399	-0.013518
88800.000041	-114.546922	-0.071674	-119.007646	0.408536	-99.723328	-0.418932	-122.157159	0.066963
88900.000041	-118.452014	0.033350	-118.758849	-0.134840	-96.081813	0.380244	-113.300554	-0.029372
89000.000041	-126.397797	-0.459007	-115.125161	0.242254	-98.956815	-0.038026	-114.774697	-0.245856
89100.000041	-122.964734	0.175621	-120.287793	0.096250	-114.632864	0.334141	-121.742479	-0.252244
89200.000041	-116.497858	0.190780	-121.091083	-0.484555	-96.857387	0.011519	-131.722125	0.211346
89300.000041	-122.997589	-0.424131	-119.507392	0.131854	-96.855309	-0.478966	-119.395158	0.171695
89400.000041	-111.774852	0.226513	-118.849324	-0.431743	-106.485763	-0.219548	-115.294001	0.078420
89500.000041	-118.320166	-0.190965	-119.024258	-0.384590	-97.302381	-0.205600	-116.666760	0.243073
89600.000041	-119.871646	0.043744	-127.588808	0.415204	-102.556031	-0.454326	-119.765141	0.068720
89700.000041	-124.238901	0.165227	-123.154000	0.398910	-100.786202	0.365086	-123.287485	-0.352429
89800.000041	-118.286440	-0.191008	-124.671487	0.105714	-100.957605	0.040377	-113.273205	-0.028342
89900.000041	-113.548794	-0.224297	-121.534785	0.339457	-98.644034	-0.331310	-126.801368	-0.296331
90000.000041	-118.145858	-0.344561	-114.236696	-0.315618	-99.876319	0.437108	-109.827621	0.221260
90100.000042	-119.082563	-0.070688	-119.222272	0.414484	-103.526401	-0.023562	-113.937443	-0.261906
90200.000042	-120.855614	0.056507	-118.196792	0.199831	-104.594135	-0.173453	-117.348839	-0.055168
90300.000042	-112.174566	0.315890	-121.149249	0.086263	-98.671389	0.112164	-118.719676	0.445658
90400.000042	-120.976408	-0.364945	-129.791942	0.248309	-104.609618	-0.012958	-119.250218	-0.262756
90500.000042	-127.936845	0.021825	-118.431314	0.085639	-103.231159	0.097511	-122.617590	0.223413
90600.000042	-112.077589	0.057936	-110.894550	0.004656	-99.703878	-0.065443	-117.691956	0.166163
90700.000042	-112.058340	-0.361986	-116.034887	-0.143784	-105.412910	-0.057777	-125.053433	-0.213861
90800.000042	-115.441087	-0.282236	-115.497991	-0.091599	-99.154874	-0.499295	-132.677343	0.320814
90900.000042	-116.829962	0.161104	-120.049335	0.311357	-98.139921	-0.474818	-115.046971	0.072148
91000.000042	-110.787503	-0.487558	-120.609479	0.480475	-95.774541	-0.494789	-118.441577	-0.015334
91100.000042	-126.160688	-0.017582	-126.398265	0.294611	-99.931223	0.317402	-114.722943	0.400564
91200.000042	-119.568260	0.240970	-124.477887	-0.351389	-97.065185	0.028633	-112.523480	-0.458541
91300.000042	-130.533067	0.054594	-120.502857	-0.119274	-95.241222	-0.382738	-121.337209	0.254640
91400.000042	-116.433967	-0.327069	-122.545782	0.408678	-113.316564	0.295550	-118.598481	0.492018
91500.000042	-120.130584	-0.483660	-118.318589	-0.244418	-105.389464	0.483013	-126.456407	-0.138323
91600.000042	-113.773110	0.115056	-118.370788	0.312688	-100.611516	-0.057574	-115.230687	0.475896
91700.000042	-113.729897	0.159107	-112.194436	0.099735	-97.636348	-0.070294	-121.328866	0.466273
91800.000042	-113.964729	0.237242	-115.211353	0.085064	-93.918750	0.283101	-119.921768	-0.097176
91900.000042	-112.073397	-0.072811	-120.798942	0.248806	-98.943913	-0.055641	-116.528191	0.384439
92000.000042	-122.562607	0.270555	-122.841612	0.071322	-105.032826	0.264935	-114.344072	-0.294355
92100.000042	-114.459873	-0.037138	-141.376162	0.141879	-103.372306	0.080919	-115.549339	0.451110
92200.000043	-112.799997	-0.287856	-114.351500	0.485638	-111.726780	-0.363959	-118.859223	0.448319
92300.000043	-117.427297	-0.301169	-121.055808	-0.230762	-95.837273	0.352608	-113.187037	0.037690
92400.000043	-111.574770	-0.027241	-120.576885	-0.410898	-105.109551	0.182955	-119.132042	0.253997
92500.000043	-117.953503	-0.101465	-126.945604	-0.096129	-96.687496	0.406997	-125.982671	-0.071614
92600.000043	-122.092498	0.289526	-116.967576	-0.029193	-98.563554	-0.245059	-115.402171	0.128224
92700.000043	-123.978247	0.264346	-116.154569	-0.352947	-100.576562	0.432932	-127.919110	0.104061
92800.000043	-110.518897	-0.196424	-113.556041	-0.360637	-110.174032	0.225441	-120.312886	0.383660
92900.000043	-113.151390	-0.086669	-121.724495	-0.434936	-95.776264	-0.121115	-113.319746	-0.130006
93000.000043	-119.004855	0.256304	-111.902345	0.187375	-107.168151	0.469937	-112.964917	0.003433
93100.000043	-112.928100	0.266624	-115.246141	-0.101353	-117.551092	0.224717	-113.949385	-0.096441
93200.000043	-111.601030	-0.332224	-116.143162	0.096382	-106.043397	-0.185923	-121.773159	-0.169944
93300.000043	-117.548505	0.391483	-119.669159	0.154472	-100.086395	-0.093510	-125.587438	-0.217221
93400.000043	-121.769749	-0.231702	-121.192736	-0.055367	-100.226112	0.393119	-124.899262	-0.126245
93500.000043	-120.389056	-0.033042	-114.709239	-0.344314	-97.238533	0.456152	-117.938961	-0.023024
93600.000043	-135.819365	0.122183	-122.473687	0.349150	-95.509281	-0.076587	-119.454178	0.004073
93700.000043	-116.081032	-0.141404	-119.352503	0.413345	-98.859226	0.109203	-113.517739	0.337905
93800.000043	-125.252983	0.406166	-123.202683	-0.099518	-102.711029	0.215665	-131.162338	0.209067
93900.000043	-131.734690	-0.160961	-115.235692	-0.032645	-94.521941	-0.299431	-124.573073	0.233224
94000.000043	-126.076048	-0.264040	-115.012315	-0.076671	-104.032221	-0.022453	-103.389719	0.020688
94100.000043	-117.379827	-0.332183	-114.278890	0.121029	-97.676088	-0.158695	-126.299445	0.286215
94200.000043	-112.155668	0.106518	-119.406803	0.427179	-99.950330	0.359336	-116.083683	0.243322
94300.000043	-113.153042	-0.078529	-113.224022	0.158307	-97.450089	0.234201	-129.304264	0.181809
94400.000044	-113.220025	-0.311535	-109.661781	-0.263543	-95.749892	0.390182	-128.708263	0.276169
94500.000044	-115.725230	0.257814	-111.013248	0.479971	-103.503332	-0.207232	-120.242886	-0.382419
94600.000044	-118.130532	-0.474847	-120.116394	-0.232213	-98.486187	-0.282865	-123.606788	-0.091626
94700.000044	-121.678823	-0.243367	-123.173396	-0.369903	-102.559613	-0.271943	-115.529453	0.092226
94800.000044	-120.228844	0.097219	-121.058509	-0.253119	-94.662353	-0.182816	-111.622738	-0.421297
94900.000044	-110.137076	-0.320364	-121.122682	-0.157645	-95.892175	0.262018	-115.377067	-0.054308
95000.000044	-119.991199	-0.358876	-116.084360	-0.480889	-105.298972	0.457291	-114.691295	0.156144
95100.000044	-123.774442	-0.036124	-131.299777	0.056341	-105.538874	-0.016983	-116.079622	0.100683
95200.000044	-112.826071	0.424462	-124.756446	-0.359183	-101.607785	0.051253	-111.675704	0.320347
95300.000044	-118.192040	-0.314575	-120.828614	-0.473772	-132.146792	0.076235	-114.189434	-0.226558
95400.000044	-114.624305	0.236444	-113.308241	-0.042409	-97.020659	0.210226	-119.206904	-0.489199
95500.000044	-125.628230	0.083359	-132.410682	-0.112933	-98.914230	0.480759	-124.941923	0.062316
95600.000044	-114.117175	-0.350607	-118.063452	-0.060183	-95.722053	0.264883	-118.890507	-0.209290
95700.000044	-115.933406	-0.331634	-113.679647	-0.170071	-107.928613	-0.240966	-123.687789	-0.070640
95800.000044	-121.252698	-0.231991	-112.246862	0.477097	-97.373142	-0.480785	-129.091070	-0.011976
95900.000044	-117.760018	0.115717	-110.392980	0.392237	-107.150832	-0.386821	-119.242272	0.370647
96000.000044	-135.188663	0.234034	-137.161859	0.383829	-98.298437	0.019103	-97.799894	-0.436298
96100.000044	-119.003463	-0.091906	-112.718208	0.179929	-101.637654	0.063559	-129.897738	0.087591
96200.000044	-114.924752	-0.000387	-115.358952	0.313444	-105.799775	0.263139	-117.606437	-0.109452
96300.000044	-113.249882	0.229380	-119.233345	-0.485698	-100.379393	-0.133931	-118.427214	0.313145
96400.000044	-117.188975	0.112440	-123.596899	0.478271	-100.884521	0.061348	-115.482218	0.124187
96500.000044	-117.448741	0.117436	-120.078729	-0.442714	-101.656750	-0.202087	-120.368004	0.351600
96600.000045	-120.594925	0.313769	-115.932569	-0.458054	-96.242386	0.486438	-126.439503	-0.166570
96700.000045	-115.049258	-0.361171	-121.038192	-0.380667	-93.862074	0.051135	-114.454599	-0.309682
96800.000045	-117.000584	0.111481	-116.142765	0.044431	-111.139462	0.003134	-118.087993	-0.075489
96900.000045	-115.519044	0.154901	-111.041408	-0.023005	-103.484404	0.305747	-110.948907	0.082455
97000.000045	-117.760088	-0.029327	-113.559821	-0.023065	-97.010093	0.024272	-121.288747	0.475203
97100.000045	-113.846185	-0.353418	-119.562139	0.495821	-101.855319	0.250063	-130.187487	-0.322863
97200.000045	-113.770460	0.015174	-114.460741	0.204096	-104.094315	-0.448199	-115.236194	0.374984
97300.000045	-120.681490	0.389718	-119.085809	-0.470146	-103.162852	0.070552	-128.649918	-0.002671
97400.000045	-115.505791	-0.026432	-111.266150	0.255437	-104.359883	0.031527	-126.331777	0.026279
97500.000045	-113.997787	0.209657	-119.953438	0.226699	-97.601664	-0.205375	-132.796076	-0.246625
97600.000045	-114.976367	-0.496388	-123.076853	-0.266206	-97.872103	0.491616	-126.892009	-0.493955
97700.000045	-114.641221	0.095192	-114.333709	0.039734	-108.778813	-0.081826	-116.196969	0.262378
97800.000045	-118.938173	-0.046614	-133.286755	-0.046195	-97.884848	0.088488	-117.857703	-0.497150
97900.000045	-122.521287	0.482458	-122.569211	-0.072564	-111.519605	-0.131260	-123.364975	0.352576
98000.000045	-117.504674	-0.466908	-113.527263	0.329033	-99.425879	-0.096603	-114.404654	0.325782
98100.000045	-119.371513	0.498416	-122.467217	-0.385349	-98.216218	-0.038980	-115.226514	-0.267329
98200.000045	-117.236891	-0.258605	-116.513136	0.097959	-104.093402	0.106961	-115.679084	0.470686
98300.000045	-129.505277	0.020279	-116.418140	-0.056711	-96.197833	-0.325604	-112.114395	0.234920
98400.000045	-114.861464	0.053489	-117.246708	0.192752	-96.382505	-0.481796	-128.548875	0.308277
98500.000045	-117.309354	0.411074	-113.839428	-0.277510	-95.817551	0.332380	-112.744425	0.462131
98600.000045	-127.659929	0.469991	-110.777442	0.060045	-101.610670	0.330012	-111.554013	-0.118873
98700.000045	-113.035854	-0.445030	-119.310299	-0.389466	-104.013147	0.172555	-116.765612	-0.306732
98800.000046	-120.120505	-0.438918	-118.312042	-0.039054	-104.831630	0.114535	-114.360665	0.155733
98900.000046	-123.348834	0.167623	-111.980601	-0.289088	-102.581896	-0.006151	-109.151855	-0.486100
99000.000046	0.000000	0.000000	0.000000	0.000000	0.000000	0.000000	0.000000	0.000000
