% f56.txt
% Date Sat, Jun 26, 2021 5:13 PM
% Sine seq
% Response spectrum
% Stim level (V pk) 0.500, 0 dB filter gain, 120.0 dB attenuation
% Stim RMS (V) 0.000
% Freq [Hz]	Ch0 Mag [dB]	Ch0 Phase [cyc]	Ch1 Mag [dB]	Ch1 Phase [cyc]	Ch2 Mag [dB]	Ch2 Phase [cyc]	Ch3 Mag [dB]	Ch3 Phase [cyc]
%%end
100.000000	-112.961785	-0.120411	-132.099671	0.234483	-67.060977	0.474711	-124.610559	-0.425173
200.000000	-107.941483	-0.186074	-116.079425	-0.149029	-61.484503	-0.239186	-109.185727	-0.148226
300.000000	-105.038999	-0.222609	-108.258533	0.237856	-69.180732	0.007134	-105.657833	-0.343162
400.000000	-117.990876	0.181231	-126.157835	-0.283158	-58.423363	-0.031528	-144.431033	0.490183
500.000000	-116.990779	0.041365	-123.251392	0.333148	-75.254808	-0.220517	-114.207337	0.305690
600.000000	-129.353162	0.476315	-125.764324	0.453147	-66.079435	-0.025561	-131.318560	-0.019390
700.000000	-119.773628	-0.289685	-121.782116	0.469036	-81.658749	0.320182	-120.542355	-0.092921
800.000000	-118.676059	0.432059	-117.805584	0.350465	-64.008666	0.134491	-133.552338	0.376660
900.000000	-112.475213	0.002520	-115.369019	-0.161484	-70.053735	-0.060760	-118.013667	-0.197974
1000.000000	-126.726814	-0.392342	-121.355763	0.173683	-72.119066	-0.060113	-110.454866	-0.406984
1100.000001	-118.100355	-0.154679	-127.049284	-0.213187	-69.712617	-0.143064	-125.193335	-0.294839
1200.000001	-117.311513	-0.104731	-114.004183	-0.196361	-69.340400	-0.308066	-118.654832	0.181026
1300.000001	-116.829408	-0.035334	-115.149323	-0.083931	-80.752691	0.210352	-116.976797	-0.056527
1400.000001	-120.715057	0.019741	-116.783757	0.016911	-81.428389	0.221980	-126.334700	-0.125696
1500.000001	-120.494730	0.172562	-117.948247	-0.375635	-63.505133	-0.187840	-113.430388	-0.483173
1600.000001	-119.156033	0.151220	-120.792472	-0.030594	-81.715063	0.086689	-118.557569	0.427948
1700.000001	-126.925993	-0.048966	-118.197072	0.308824	-75.703228	0.065903	-120.206866	-0.463928
1800.000001	-127.363594	-0.005362	-114.360954	0.052610	-68.258392	-0.317737	-124.045760	0.027628
1900.000001	-128.052114	-0.203836	-126.241867	0.262250	-71.256862	0.295001	-126.204740	0.153365
2000.000001	-115.208156	0.060677	-121.255997	-0.098641	-72.461703	-0.307546	-119.890093	0.146210
2100.000001	-118.822017	-0.094460	-116.727951	0.207241	-80.672967	-0.488799	-120.231356	0.093984
2200.000001	-117.603738	-0.419184	-123.991445	0.038906	-78.517816	0.484480	-121.708085	0.470207
2300.000001	-123.531858	-0.227977	-124.980604	0.349810	-83.016229	0.040660	-127.071903	-0.375739
2400.000001	-122.759628	-0.338356	-119.463701	0.250484	-75.642100	0.303443	-119.058720	0.466191
2500.000001	-115.269334	0.198439	-119.170096	0.187647	-74.506498	-0.121758	-107.964837	0.070814
2600.000001	-116.457995	0.048779	-119.259591	-0.111828	-73.814495	-0.206920	-117.477597	-0.014601
2700.000001	-120.289819	-0.072474	-116.661807	0.161494	-72.471788	0.143128	-116.807791	0.440243
2800.000001	-120.206973	0.437678	-126.297908	-0.383397	-72.981009	-0.065735	-138.340580	-0.113821
2900.000001	-117.828806	0.452254	-121.006481	0.280561	-72.689335	0.309055	-124.179933	-0.004314
3000.000001	-122.108506	0.278956	-127.943816	-0.342554	-64.326422	0.169841	-117.996875	-0.439371
3100.000001	-118.187299	-0.064264	-118.193869	0.042549	-72.540149	-0.408257	-120.104200	0.086652
3200.000001	-118.560207	0.299619	-125.679628	0.309574	-90.605379	0.216572	-122.009444	0.319706
3300.000002	-122.383258	0.110629	-116.805352	0.036124	-79.788178	0.246492	-121.893384	-0.053371
3400.000002	-119.132079	0.334915	-119.051355	-0.419994	-83.323389	-0.209466	-121.488284	-0.183344
3500.000002	-118.042161	0.220399	-120.844620	-0.236844	-82.319169	-0.094054	-116.840627	-0.132102
3600.000002	-121.257924	0.456580	-120.955938	-0.260902	-77.679699	-0.209550	-124.998913	0.309573
3700.000002	-126.857729	-0.078682	-117.865179	0.343738	-77.345876	0.247486	-117.426557	-0.419008
3800.000002	-121.953270	0.082580	-119.363620	-0.116629	-75.097562	-0.158863	-125.347420	-0.451770
3900.000002	-120.440912	-0.365068	-117.440634	0.070856	-73.893288	-0.176426	-116.694159	0.087599
4000.000002	-129.710117	-0.444736	-119.462430	-0.493560	-78.382210	0.290983	-123.537222	-0.423401
4100.000002	-132.038268	-0.048169	-121.314044	0.363663	-78.546500	-0.248874	-125.061250	-0.150131
4200.000002	-120.871155	-0.033832	-119.318550	0.245327	-79.577071	0.284634	-125.197174	0.330084
4300.000002	-119.216089	-0.053914	-124.561236	0.136307	-74.180285	-0.270039	-120.695546	0.481695
4400.000002	-121.289160	-0.494612	-118.066702	-0.461954	-83.173744	-0.317178	-132.106469	0.411256
4500.000002	-119.486217	0.450748	-123.508399	-0.108871	-81.611064	-0.179373	-119.145815	-0.352744
4600.000002	-118.671556	-0.368657	-122.346798	-0.235719	-74.285826	0.097717	-120.204414	0.240378
4700.000002	-122.888458	0.274942	-122.071633	-0.451189	-81.514267	0.309810	-118.260420	-0.251454
4800.000002	-116.044731	-0.004179	-131.543397	0.231629	-88.365276	-0.445842	-147.241239	0.313410
4900.000002	-119.338267	0.449029	-117.410616	0.089477	-77.736693	-0.063101	-121.287009	-0.211250
5000.000002	-120.025828	0.376476	-124.913258	0.168446	-76.097918	-0.075635	-118.822896	0.394934
5100.000002	-122.344009	-0.243697	-118.046808	-0.023397	-72.907599	-0.390852	-117.064674	-0.171592
5200.000002	-127.506019	-0.280051	-121.007090	0.420133	-81.222195	-0.298771	-126.184134	0.098762
5300.000002	-117.493092	-0.359155	-125.487021	-0.432476	-82.948131	0.310528	-119.227118	-0.115368
5400.000002	-129.678073	-0.034266	-122.958550	-0.339274	-77.838128	0.404763	-117.425849	0.438088
5500.000003	-124.160011	0.456111	-117.003190	0.481527	-69.283550	-0.213428	-120.831963	-0.435892
5600.000003	-119.207070	0.393514	-116.684253	0.437474	-76.723104	-0.121843	-119.498508	0.475176
5700.000003	-125.568394	-0.390274	-120.216372	-0.288063	-74.790877	-0.086728	-127.693054	0.344507
5800.000003	-116.281852	0.009623	-117.938613	-0.336918	-77.193769	-0.399084	-115.313584	0.058961
5900.000003	-119.413163	0.068878	-126.560701	-0.034403	-82.354460	0.393776	-122.112704	0.037839
6000.000003	-114.238194	0.269352	-115.970426	0.188221	-73.773159	0.026038	-111.058118	-0.182833
6100.000003	-129.888875	-0.245867	-125.766181	-0.023519	-81.423102	-0.492352	-124.196844	-0.285379
6200.000003	-125.679125	0.423360	-121.314970	0.220262	-86.927923	-0.241702	-125.765563	-0.148809
6300.000003	-119.431036	-0.135377	-131.510137	0.455676	-78.353082	0.251964	-116.437128	0.284441
6400.000003	-127.498202	0.287263	-120.737067	0.319072	-76.592195	0.419024	-119.391207	0.203516
6500.000003	-130.359402	0.024382	-118.922437	-0.044788	-74.340852	-0.387343	-109.512790	-0.287705
6600.000003	-131.430689	-0.007247	-120.463631	0.477320	-84.288203	0.202834	-118.734569	-0.372317
6700.000003	-115.223385	0.359521	-124.514191	0.435802	-76.512136	0.087737	-125.135588	0.414581
6800.000003	-120.391320	-0.201286	-124.172399	0.090631	-87.578588	-0.363676	-126.804792	0.068725
6900.000003	-125.006799	-0.281417	-122.197029	-0.410123	-86.965536	-0.437108	-119.142637	-0.168979
7000.000003	-128.170044	-0.195833	-127.563300	0.090725	-85.565197	0.155529	-114.036458	-0.118470
7100.000003	-119.835079	0.341978	-119.575005	0.080151	-75.510187	-0.350993	-118.017190	0.080772
7200.000003	-117.122493	0.422126	-126.206065	-0.090543	-76.435870	-0.280101	-124.086108	-0.489561
7300.000003	-116.976137	-0.113861	-116.854919	-0.055099	-74.134480	0.283593	-119.849358	-0.261161
7400.000003	-121.372253	-0.394979	-117.388341	0.166605	-72.802894	-0.135797	-115.998164	-0.397930
7500.000003	-126.851434	0.123709	-128.648478	-0.295115	-90.552291	0.376391	-118.445545	0.174575
7600.000004	-113.965795	0.130382	-120.681618	-0.408809	-92.232511	-0.284815	-116.416554	0.213125
7700.000004	-119.219773	-0.088855	-118.277813	0.268729	-76.759483	0.248539	-119.189611	-0.477622
7800.000004	-122.004984	0.339690	-119.183641	-0.071263	-80.836764	0.022162	-115.342854	-0.173809
7900.000004	-124.627854	0.388056	-134.655699	-0.477038	-77.524463	0.301413	-113.626543	-0.221201
8000.000004	-119.751812	0.077650	-118.731098	-0.052641	-78.798127	0.191218	-117.725783	0.495178
8100.000004	-127.373760	0.172770	-113.771628	0.317706	-81.180952	-0.466046	-115.172636	0.352717
8200.000004	-123.647510	-0.268695	-120.159221	-0.238159	-76.893581	-0.370068	-131.567084	-0.386805
8300.000004	-122.636175	0.112364	-119.159933	0.108503	-81.027560	-0.165376	-116.007979	0.426263
8400.000004	-113.258711	-0.441650	-117.272850	0.112044	-75.709420	0.449100	-118.797639	-0.162421
8500.000004	-115.445321	0.442263	-129.062994	-0.343156	-75.576554	-0.164606	-132.655843	-0.081386
8600.000004	-117.249947	0.328759	-115.999111	-0.198411	-76.510194	0.211849	-117.914662	-0.464610
8700.000004	-126.078917	-0.309002	-119.555911	-0.440401	-83.539802	0.258436	-117.251697	-0.439832
8800.000004	-123.060452	-0.061149	-117.152277	-0.385019	-79.442903	-0.479147	-121.435134	0.416884
8900.000004	-128.540136	-0.238599	-118.527646	-0.236999	-74.881800	-0.028909	-114.762493	0.479704
9000.000004	-124.917742	0.121859	-128.409401	-0.488145	-84.811390	-0.077071	-114.538615	-0.285671
9100.000004	-120.479766	0.250325	-122.532861	0.140467	-84.331091	0.334431	-121.679610	-0.226741
9200.000004	-146.946487	-0.312628	-116.766032	0.092532	-86.338094	-0.474355	-120.651930	-0.406691
9300.000004	-117.722824	0.275147	-119.932313	0.261319	-86.608444	-0.000772	-114.723773	0.392331
9400.000004	-117.309803	0.359582	-124.997766	0.176483	-90.986740	0.459341	-131.193964	-0.122656
9500.000004	-123.362253	-0.246003	-118.440644	0.176349	-84.544802	-0.148669	-97.122403	0.489077
9600.000004	-117.829885	-0.429730	-117.159878	0.178610	-76.232306	0.001849	-120.001328	0.322297
9700.000004	-121.951558	-0.071790	-121.880918	0.006430	-80.828397	-0.335646	-121.634799	-0.128705
9800.000005	-116.687073	0.207600	-118.903151	-0.300856	-79.302021	0.250628	-120.601429	-0.416315
9900.000005	-120.132846	0.146956	-114.662069	0.269785	-88.449090	-0.240060	-119.351077	-0.050917
10000.000005	-125.197751	-0.347515	-120.569254	-0.121795	-80.888000	0.306735	-114.467665	0.360108
10100.000005	-128.240081	0.138364	-129.356291	-0.138984	-78.934911	-0.320738	-120.937927	0.374705
10200.000005	-125.196932	-0.321805	-127.312340	-0.490868	-86.529200	-0.200679	-123.049218	0.037575
10300.000005	-112.102979	-0.082400	-123.288677	0.290466	-95.026292	0.142250	-116.218057	0.351777
10400.000005	-116.479593	-0.376545	-113.833709	0.317539	-76.715057	0.444836	-120.454757	0.202321
10500.000005	-128.889297	-0.405562	-131.875455	-0.480785	-77.390356	0.119004	-114.009575	-0.451998
10600.000005	-122.376418	-0.280733	-118.994748	0.470918	-80.848061	0.171077	-123.184945	-0.074833
10700.000005	-119.320759	0.113370	-120.888386	-0.281172	-92.455153	0.474052	-128.740139	-0.479428
10800.000005	-129.514364	0.019511	-115.966432	-0.275657	-81.476834	-0.366955	-123.343780	-0.310617
10900.000005	-126.016371	0.473015	-122.063473	-0.105525	-83.220958	-0.331859	-121.932849	0.234961
11000.000005	-125.103236	0.292310	-114.508828	0.139801	-82.242701	-0.253093	-123.733812	-0.328504
11100.000005	-119.455236	-0.395483	-134.879222	-0.438398	-86.525364	0.252655	-118.621476	-0.445281
11200.000005	-118.626952	0.476694	-117.850704	-0.209672	-80.685196	0.278453	-123.632552	0.362571
11300.000005	-123.366600	-0.225739	-118.906883	-0.027895	-79.319983	0.256831	-124.418194	-0.051612
11400.000005	-118.158372	0.404437	-127.036661	0.339524	-86.787842	-0.454987	-130.074659	0.459936
11500.000005	-123.186309	0.328208	-119.425724	0.220977	-81.378870	-0.376851	-122.876943	-0.207902
11600.000005	-114.374580	0.440299	-121.067673	0.468509	-82.064535	-0.117942	-114.881142	0.403913
11700.000005	-124.779455	0.457736	-123.715691	-0.336484	-83.886848	-0.085949	-121.663656	0.461369
11800.000005	-116.656599	-0.145728	-135.422034	-0.466413	-80.231799	0.023716	-132.036799	0.326707
11900.000005	-122.528130	0.280824	-115.824729	0.446046	-84.458094	-0.165849	-125.718778	0.303275
12000.000006	-123.935583	-0.242032	-119.492851	0.330978	-80.475195	-0.199987	-121.291940	0.358770
12100.000006	-124.608007	0.146392	-115.044078	-0.054055	-83.783502	0.293825	-123.861862	0.231010
12200.000006	-115.642799	0.407054	-118.037385	0.464947	-83.199476	0.259596	-120.334714	-0.267100
12300.000006	-125.949151	-0.049801	-131.058321	-0.242078	-85.978761	-0.105493	-121.055213	0.136995
12400.000006	-124.434080	-0.304682	-127.994565	0.433921	-90.560650	-0.053733	-117.215219	-0.265112
12500.000006	-118.261183	-0.333617	-118.766897	0.142793	-76.080136	-0.275520	-119.460470	-0.162489
12600.000006	-115.585910	-0.293194	-116.979654	0.393347	-99.390126	0.093262	-128.997305	0.433983
12700.000006	-118.591919	-0.296235	-112.886898	-0.372852	-87.271598	-0.386601	-124.593916	-0.356550
12800.000006	-111.661462	-0.261789	-121.035657	-0.197535	-85.310509	-0.092568	-114.515791	-0.162952
12900.000006	-113.998172	-0.409106	-119.262027	0.025171	-75.048104	-0.368566	-122.486524	0.101238
13000.000006	-120.051859	0.018336	-118.235340	0.192737	-94.863945	-0.235210	-97.295994	-0.281619
13100.000006	-115.901872	-0.236177	-125.272878	0.323733	-79.945069	0.057105	-117.472110	-0.248435
13200.000006	-111.788994	0.410282	-123.543504	0.485256	-77.113610	0.036972	-120.557321	-0.398718
13300.000006	-118.983354	-0.425382	-120.982265	-0.240184	-82.053988	-0.224357	-115.711109	-0.282427
13400.000006	-121.413842	0.033304	-119.599784	0.360116	-85.976703	0.465932	-119.598834	0.140562
13500.000006	-139.406571	-0.475648	-129.897372	0.221994	-82.452502	0.343847	-120.134255	-0.478909
13600.000006	-127.130103	0.311987	-121.113874	-0.186979	-74.229105	-0.300032	-116.606346	-0.105591
13700.000006	-117.380253	-0.433074	-125.279745	-0.254369	-88.863482	0.150496	-122.071513	-0.093750
13800.000006	-124.384795	0.285651	-120.683077	-0.028607	-92.121831	0.191265	-124.160972	0.169314
13900.000006	-121.312011	0.029141	-117.455215	-0.435286	-80.952851	0.079743	-119.127872	-0.369911
14000.000006	-118.771285	-0.196292	-120.875432	0.311526	-79.256969	0.082028	-119.964005	0.431916
14100.000006	-120.763174	-0.455329	-118.473850	-0.200799	-80.987760	0.052063	-116.635009	-0.317107
14200.000007	-123.068057	0.267956	-114.483130	0.344748	-80.106459	0.486106	-117.291116	0.394504
14300.000007	-119.671011	0.073118	-118.773448	-0.460655	-82.482368	0.154390	-126.875703	0.123556
14400.000007	-125.863434	-0.034877	-125.742235	-0.307634	-81.687495	-0.482601	-117.745033	-0.138392
14500.000007	-116.244916	0.275064	-131.011698	0.070258	-82.634426	-0.362538	-124.803393	0.057923
14600.000007	-120.035145	0.225379	-114.695362	0.361377	-92.554083	0.190818	-114.426758	-0.394393
14700.000007	-118.434124	-0.088026	-127.625969	-0.157948	-80.168385	0.008747	-119.977227	0.462427
14800.000007	-114.030664	0.392958	-121.818629	0.306314	-81.776970	-0.282223	-111.288041	0.402186
14900.000007	-119.436884	-0.291899	-125.465787	-0.289976	-79.772173	0.331118	-115.470376	-0.058197
15000.000007	-113.618955	0.408138	-112.027964	-0.418683	-79.605079	-0.371779	-114.959770	0.424541
15100.000007	-119.418555	-0.274889	-126.725659	0.249975	-78.050240	-0.233042	-116.961238	-0.397244
15200.000007	-119.297176	-0.112830	-116.917475	0.266381	-83.765781	0.126147	-121.072947	-0.280364
15300.000007	-120.789498	-0.133631	-123.341956	0.365009	-94.179909	0.404016	-125.126338	-0.057516
15400.000007	-110.120533	0.395513	-117.747057	0.374397	-84.207296	0.371005	-116.001523	0.385073
15500.000007	-118.451281	-0.232136	-128.297415	0.048530	-100.270675	-0.069617	-105.058431	0.313925
15600.000007	-127.335462	0.201705	-118.067235	0.163995	-86.709622	-0.175143	-117.960704	0.097122
15700.000007	-122.871645	0.243177	-114.535368	0.372827	-84.965364	0.012604	-118.246649	0.218247
15800.000007	-121.763018	-0.132577	-114.111892	-0.383984	-77.065260	0.342795	-136.713956	0.025911
15900.000007	-128.319633	0.093575	-123.401037	0.426624	-84.918897	0.482786	-118.016300	0.492286
16000.000007	-121.958091	0.400667	-116.928603	0.469414	-86.548856	0.254914	-114.845930	0.282013
16100.000007	-119.720867	-0.335891	-121.845238	-0.028682	-78.923455	-0.487032	-122.121721	0.366060
16200.000007	-118.348943	-0.059362	-116.698831	0.443668	-79.691629	0.157391	-119.994926	-0.310442
16300.000008	-119.955422	-0.060786	-115.458650	0.103305	-82.265146	0.166954	-127.252913	-0.482914
16400.000008	-124.055547	0.446633	-113.574473	0.238467	-85.076242	-0.293508	-128.408788	-0.185023
16500.000008	-120.403174	0.191860	-118.546466	0.370509	-94.421214	0.325984	-113.835360	0.311213
16600.000008	-129.642804	-0.351688	-116.108393	-0.431639	-82.752359	0.133151	-114.986150	0.321927
16700.000008	-128.525449	0.025762	-118.586312	-0.088164	-83.477397	0.374754	-116.326635	0.023450
16800.000008	-118.104166	0.486671	-121.241804	0.448917	-83.340143	0.073681	-116.652094	-0.465198
16900.000008	-118.563653	0.414237	-125.872119	-0.464018	-82.178265	0.435828	-118.183020	-0.325252
17000.000008	-122.893092	-0.186173	-120.162886	-0.445112	-79.388285	-0.254959	-115.730733	-0.122266
17100.000008	-128.641840	0.273414	-120.935356	-0.097437	-76.108080	0.365212	-126.567668	-0.097319
17200.000008	-121.231155	-0.483299	-113.890863	-0.390536	-75.965213	0.451509	-117.867504	-0.289390
17300.000008	-119.411994	-0.326521	-116.767688	-0.204479	-81.104691	0.376477	-126.197351	-0.489499
17400.000008	-120.080435	-0.387230	-115.351018	-0.108285	-76.985943	0.358732	-118.418071	-0.074331
17500.000008	-119.317967	-0.374260	-118.740280	-0.325874	-86.465745	0.382310	-131.556095	-0.341361
17600.000008	-121.073306	-0.489670	-122.765212	-0.298599	-84.033023	0.401048	-119.118539	-0.383929
17700.000008	-117.571458	0.455546	-116.933937	0.481349	-80.989231	-0.462649	-125.159005	0.222866
17800.000008	-125.170199	-0.360096	-114.594425	-0.027405	-88.385438	-0.205065	-115.032819	-0.030820
17900.000008	-120.992669	0.392248	-121.580597	0.097281	-79.270009	-0.403820	-125.384225	-0.064345
18000.000008	-120.124283	0.315012	-121.185022	0.021998	-83.884753	0.252246	-110.632311	0.299565
18100.000008	-115.745370	0.462573	-122.087396	-0.339614	-81.873229	0.004152	-119.225618	-0.217550
18200.000008	-120.468560	-0.357631	-122.960392	-0.013998	-92.090583	0.085234	-122.647217	-0.310006
18300.000008	-119.996340	-0.132530	-116.048666	0.109101	-86.750321	0.290724	-123.849387	-0.280513
18400.000008	-120.333504	-0.340274	-120.294344	-0.295291	-90.502202	0.145209	-121.971887	0.175400
18500.000009	-128.872057	-0.428969	-120.934009	-0.397010	-78.884382	0.172841	-119.321372	-0.492509
18600.000009	-133.820432	-0.286457	-119.964340	-0.217280	-89.037610	-0.407428	-127.843124	0.288351
18700.000009	-117.044985	-0.415294	-125.059291	0.064115	-79.980681	0.382144	-123.124981	0.182565
18800.000009	-125.981087	-0.416910	-128.253961	0.350812	-82.033282	-0.220319	-121.726031	-0.194912
18900.000009	-124.722285	0.116545	-115.736021	0.415422	-93.671172	-0.234358	-118.308210	0.111970
19000.000009	-116.763874	-0.298823	-116.950659	-0.354465	-88.254167	0.106312	-99.392092	-0.495637
19100.000009	-124.716236	-0.358566	-122.101891	-0.124920	-90.258990	-0.321194	-118.757348	0.350625
19200.000009	-126.844972	-0.085005	-120.901430	0.487386	-84.862863	-0.301724	-117.026007	0.014828
19300.000009	-119.220090	-0.040086	-117.064859	0.033849	-79.150450	0.024985	-119.215871	0.067319
19400.000009	-120.762358	0.489637	-117.310413	-0.305610	-85.058776	0.450548	-116.856102	-0.303003
19500.000009	-120.308188	0.168734	-114.465179	-0.169419	-90.097769	0.114314	-111.977066	0.129456
19600.000009	-117.554375	-0.332349	-115.712262	0.494379	-91.791302	0.002241	-119.053107	-0.305981
19700.000009	-122.456878	-0.257217	-122.607244	-0.359527	-83.498295	-0.211558	-131.856426	-0.360019
19800.000009	-116.045369	-0.478075	-116.212315	0.331872	-82.980853	0.369186	-122.046014	0.374382
19900.000009	-131.554197	-0.021583	-117.370178	-0.264471	-89.341399	-0.360060	-118.561394	-0.014880
20000.000009	-127.956386	0.121457	-124.161098	0.227784	-88.139350	-0.432532	-116.100796	-0.448830
20100.000009	-113.305098	0.230787	-119.246718	0.220181	-90.536748	-0.304234	-126.682278	-0.482712
20200.000009	-114.875095	0.293077	-120.841035	-0.173059	-76.743405	0.073620	-124.030737	0.242190
20300.000009	-122.193059	0.272350	-123.128280	0.035890	-78.870071	-0.289418	-122.735061	0.452328
20400.000009	-115.376004	0.183244	-115.668350	0.192661	-86.778593	0.103679	-120.083221	0.346159
20500.000009	-119.981500	0.213619	-113.320115	0.014741	-80.243917	0.415439	-113.839507	-0.063766
20600.000009	-122.550216	-0.217133	-117.468185	-0.269966	-83.552712	-0.275763	-116.516087	-0.300210
20700.000010	-118.123720	0.057152	-114.307675	0.159461	-89.582193	-0.431611	-122.977284	-0.014561
20800.000010	-114.000171	-0.291133	-116.448697	0.179567	-84.314632	-0.210347	-116.154624	-0.208477
20900.000010	-129.901335	-0.218416	-118.285347	-0.036757	-80.143773	0.415187	-116.916140	-0.288411
21000.000010	-120.303598	-0.477870	-117.401017	0.197976	-82.752207	-0.474793	-117.877044	-0.205370
21100.000010	-128.367280	-0.004426	-122.975296	0.347480	-86.744891	0.116559	-116.565372	0.439685
21200.000010	-121.141125	0.140899	-124.047392	-0.375632	-85.115157	0.140752	-122.528278	0.147963
21300.000010	-121.608580	-0.305239	-122.624562	-0.423608	-79.915325	0.081479	-123.078157	-0.476636
21400.000010	-125.394025	0.165938	-121.500295	0.041529	-78.903948	0.161003	-127.670429	-0.131117
21500.000010	-111.939166	0.188694	-124.921607	0.087209	-80.946569	-0.303174	-114.441548	0.120767
21600.000010	-116.631025	0.493927	-114.296516	-0.312611	-92.753687	-0.269289	-132.756633	-0.147040
21700.000010	-114.845704	-0.450413	-117.454715	-0.379541	-80.313931	0.372056	-115.378726	-0.365728
21800.000010	-112.236258	0.408724	-124.209811	0.376672	-81.010710	-0.092474	-119.536272	0.447871
21900.000010	-127.374669	-0.085148	-118.229457	-0.021392	-87.188563	0.198272	-117.481512	-0.139628
22000.000010	-114.010714	-0.325510	-123.530631	0.030888	-80.834986	0.362057	-122.069376	0.215417
22100.000010	-116.166159	0.343643	-119.726288	0.063353	-93.613098	-0.072480	-115.278096	0.351174
22200.000010	-125.656008	0.101312	-117.534902	-0.135525	-82.121124	-0.064537	-123.023045	0.182799
22300.000010	-117.138157	0.065575	-116.677591	-0.178638	-83.721116	-0.268917	-118.580971	0.358519
22400.000010	-135.918665	-0.302009	-118.691292	0.463389	-82.747022	0.131773	-125.004137	-0.081102
22500.000010	-126.085945	-0.300570	-114.184127	0.223495	-88.388874	-0.349746	-117.203681	0.497775
22600.000010	-121.770952	-0.192104	-117.904835	-0.179608	-86.136686	0.053522	-122.183776	0.458082
22700.000010	-114.112888	-0.413279	-113.398630	-0.211202	-94.007188	0.382069	-119.480671	-0.338118
22800.000011	-134.654153	-0.066662	-121.141679	-0.489091	-86.072628	0.103883	-140.557225	0.035685
22900.000011	-118.968545	0.487777	-116.284738	-0.354047	-79.024355	0.141514	-115.466448	-0.455159
23000.000011	-123.973265	-0.091153	-115.656576	-0.188181	-81.737003	0.104630	-116.124474	-0.037425
23100.000011	-132.314903	-0.437134	-113.029536	0.374270	-84.061402	-0.201564	-122.360523	0.337876
23200.000011	-117.732814	-0.161065	-114.606846	-0.105608	-82.091969	0.411543	-132.709066	-0.364041
23300.000011	-115.302911	-0.245724	-112.298633	-0.300216	-80.566249	-0.297591	-117.077569	-0.333099
23400.000011	-124.472413	-0.336051	-126.986958	-0.466473	-96.499870	-0.414245	-127.985580	-0.453273
23500.000011	-116.039243	-0.300645	-138.306462	-0.476321	-89.111120	-0.164304	-111.518145	-0.168180
23600.000011	-119.515393	-0.308617	-114.680773	0.427130	-87.433031	0.158061	-125.124355	-0.417267
23700.000011	-114.750017	-0.084370	-121.133097	-0.474305	-84.778003	0.222096	-130.607587	0.457896
23800.000011	-119.948162	-0.209805	-120.372975	-0.015973	-90.132972	0.186296	-128.069292	-0.458826
23900.000011	-114.799191	0.214781	-114.820247	0.222303	-86.825380	0.418876	-115.036061	0.201399
24000.000011	-123.560208	-0.393035	-122.570765	-0.368997	-85.759505	-0.297391	-120.806016	0.199192
24100.000011	-122.383477	0.250220	-118.769795	-0.206348	-84.044623	0.470445	-129.694757	-0.262717
24200.000011	-119.423714	-0.277195	-115.596050	-0.465612	-84.852094	0.460963	-125.698406	0.379665
24300.000011	-124.748966	-0.363171	-126.281541	0.267486	-85.596994	0.248369	-119.610982	0.362492
24400.000011	-113.476683	-0.241288	-126.311379	-0.041456	-89.495662	0.189846	-119.226677	0.044030
24500.000011	-125.969987	0.209597	-131.549646	-0.442887	-96.450364	-0.473973	-112.333014	-0.489139
24600.000011	-116.690556	-0.098958	-123.730676	0.021125	-89.010066	-0.344836	-119.891204	-0.374938
24700.000011	-123.251073	0.128727	-122.177458	-0.439072	-78.804953	0.228259	-126.003528	-0.130451
24800.000011	-115.217995	0.119623	-118.247389	-0.327412	-89.677338	-0.400378	-119.861942	-0.038363
24900.000011	-111.986679	-0.410250	-124.532215	-0.215338	-80.320589	0.323146	-114.949685	-0.106349
25000.000012	-121.048643	0.435534	-115.238306	-0.090132	-81.063976	-0.331677	-114.449111	0.212221
25100.000012	-121.598634	0.043097	-119.288018	-0.098737	-97.263252	0.032819	-114.514682	-0.091840
25200.000012	-120.420531	-0.113379	-117.038273	0.161309	-90.948938	0.425544	-123.545939	0.426835
25300.000012	-114.891525	0.239821	-115.089136	0.132320	-96.051726	0.111979	-127.710729	0.025792
25400.000012	-120.035758	0.086997	-118.694818	-0.285784	-81.363577	-0.132824	-121.630210	0.003623
25500.000012	-135.495771	0.291291	-120.670117	-0.035531	-82.033630	0.233158	-117.511865	-0.389182
25600.000012	-123.206516	0.139491	-127.066184	0.170714	-85.223988	0.366579	-113.585890	0.271085
25700.000012	-128.871512	0.231423	-123.010360	-0.339616	-92.059156	-0.103460	-115.501946	-0.041830
25800.000012	-128.101042	0.103412	-118.607118	-0.368493	-82.765294	0.369283	-119.286439	-0.238670
25900.000012	-123.603620	0.198723	-122.542264	-0.346854	-89.059146	0.270440	-126.245580	-0.373638
26000.000012	-115.815477	-0.057320	-127.626093	0.267581	-84.628991	-0.271460	-114.819670	-0.010512
26100.000012	-114.985396	-0.148017	-115.250318	-0.188444	-89.384865	-0.031080	-134.351449	-0.376201
26200.000012	-115.668200	0.176406	-123.615604	-0.057221	-78.592002	-0.279769	-118.202129	-0.007394
26300.000012	-118.522604	0.157831	-119.198829	0.305458	-83.247703	-0.264050	-115.997205	-0.412677
26400.000012	-118.919719	0.488177	-125.288141	-0.327587	-97.852624	0.258015	-130.498826	0.445069
26500.000012	-129.398995	0.261060	-123.874275	0.453846	-90.192754	-0.396094	-127.376280	0.025003
26600.000012	-117.213260	0.280196	-120.775444	0.454133	-85.944932	-0.223676	-124.164131	0.051801
26700.000012	-115.393242	-0.383799	-115.970684	-0.048792	-82.689262	0.438301	-115.137740	-0.322298
26800.000012	-135.728373	-0.069935	-134.317945	0.202025	-90.496206	-0.327241	-121.971337	0.096730
26900.000012	-120.270219	-0.068790	-130.894562	0.284561	-84.001690	-0.056110	-117.306369	0.291937
27000.000012	-118.938696	-0.449349	-115.718031	0.203560	-89.710563	0.296563	-114.169306	-0.481764
27100.000012	-143.581010	0.074951	-119.051082	-0.270371	-86.703414	-0.387345	-115.362532	-0.158933
27200.000013	-122.864298	0.387689	-123.021301	-0.336897	-84.165840	-0.346170	-133.954246	-0.199081
27300.000013	-118.892711	-0.109597	-120.764522	0.132695	-83.775798	0.249337	-117.050444	-0.163444
27400.000013	-119.542287	0.096164	-117.228366	-0.189851	-81.836655	0.471869	-134.213772	0.121413
27500.000013	-121.117421	-0.035195	-133.514996	-0.452119	-86.759948	0.010943	-115.078257	0.388635
27600.000013	-116.037191	0.401152	-116.795645	0.123931	-89.346060	0.329057	-120.694252	-0.460207
27700.000013	-127.329207	0.085517	-120.419446	-0.143995	-86.635993	-0.478761	-120.474593	-0.087342
27800.000013	-116.130570	0.384863	-122.783483	-0.453375	-86.171421	-0.301814	-129.912379	0.125711
27900.000013	-126.758286	-0.342787	-130.010339	0.087947	-80.935500	-0.260311	-124.484928	0.351695
28000.000013	-131.821071	0.434694	-128.187243	-0.371967	-85.273965	0.414505	-117.304916	-0.363557
28100.000013	-124.607514	0.077584	-121.230073	-0.339521	-81.909925	-0.156187	-118.450888	-0.392716
28200.000013	-126.318759	-0.318264	-119.054243	-0.311094	-91.928964	0.015813	-122.671120	-0.055709
28300.000013	-128.979960	-0.340381	-116.298164	0.131366	-83.035795	0.398637	-115.084949	0.209178
28400.000013	-127.725153	0.189004	-120.775928	0.205663	-80.206327	-0.294843	-129.969420	0.480459
28500.000013	-118.708714	-0.237015	-119.342836	-0.023318	-86.654089	-0.301298	-108.288817	-0.063814
28600.000013	-118.865584	-0.075755	-120.547192	-0.170832	-86.423150	-0.341575	-115.342561	-0.073556
28700.000013	-119.742912	0.206253	-125.069852	-0.088087	-85.239758	0.089662	-125.109864	0.059234
28800.000013	-123.054233	0.099452	-126.099572	0.093307	-84.869783	0.475685	-119.393607	0.296634
28900.000013	-130.383548	0.130334	-118.138136	-0.367802	-89.583903	0.130393	-120.214906	0.122979
29000.000013	-127.438152	-0.340566	-127.135903	0.221568	-88.641577	0.275376	-117.854966	-0.194702
29100.000013	-120.810220	0.481007	-136.863113	-0.471292	-90.769257	0.102535	-119.746738	-0.243036
29200.000013	-121.051518	-0.183306	-119.791324	-0.483758	-89.766749	0.320171	-126.120479	-0.040469
29300.000014	-118.137359	-0.114225	-114.683251	-0.048228	-83.923678	0.304413	-121.568858	-0.496983
29400.000014	-124.718983	-0.452524	-118.026074	-0.333667	-95.821784	-0.183374	-124.472978	-0.365320
29500.000014	-133.245441	-0.126874	-125.194423	-0.015253	-102.250894	-0.313649	-108.847799	-0.383126
29600.000014	-128.970674	-0.399651	-124.219811	-0.028072	-89.271921	0.364530	-151.536776	0.195027
29700.000014	-124.189796	0.363819	-127.937434	-0.114214	-83.241035	0.041824	-123.221123	-0.492114
29800.000014	-120.646236	-0.417705	-138.092644	0.109371	-94.216830	0.378705	-121.516304	0.449832
29900.000014	-117.994199	-0.151565	-123.486659	-0.104192	-89.242852	-0.002764	-119.395912	0.023885
30000.000014	-125.210452	-0.046432	-117.891516	-0.273631	-100.553796	0.001619	-113.904008	0.416246
30100.000014	-114.140287	0.000813	-129.475058	0.026424	-90.782050	-0.374778	-126.035324	0.303696
30200.000014	-124.663077	0.376361	-130.967882	-0.094783	-92.591734	0.039638	-120.842211	-0.402800
30300.000014	-113.350405	-0.196484	-121.053189	-0.409974	-90.402775	0.280919	-127.752001	0.460798
30400.000014	-118.544010	0.154078	-120.607308	0.296237	-84.433838	0.072941	-120.242412	0.105734
30500.000014	-120.770483	0.302087	-131.965445	-0.464571	-85.603265	-0.303492	-118.766496	-0.174217
30600.000014	-128.482873	-0.059204	-123.186570	0.346544	-89.029017	-0.117610	-122.451693	0.298259
30700.000014	-115.549891	-0.128244	-121.367454	0.105167	-99.969266	-0.234532	-116.606837	-0.203985
30800.000014	-120.111006	-0.320407	-130.566877	-0.162532	-89.586003	0.048214	-125.708658	0.458534
30900.000014	-122.835385	-0.268339	-120.175711	-0.262397	-96.244122	-0.238635	-126.727376	-0.179065
31000.000014	-121.761148	-0.404448	-129.761280	0.271614	-83.574923	0.171233	-116.530134	0.402249
31100.000014	-116.222028	-0.222853	-117.919727	0.492524	-87.657908	-0.228320	-123.572962	-0.498011
31200.000014	-120.196439	0.209647	-121.948192	0.078773	-93.565156	0.182214	-125.437072	0.242283
31300.000014	-123.963242	-0.056201	-121.210600	0.025509	-80.582617	-0.489966	-121.752053	0.024506
31400.000014	-123.761810	-0.426211	-118.468058	-0.014592	-89.340002	0.323403	-123.260142	-0.326710
31500.000015	-118.064969	0.464440	-134.277749	0.020532	-88.601052	-0.221399	-119.241975	-0.330734
31600.000015	-121.637074	-0.309394	-130.250177	0.318217	-85.426499	0.023354	-124.852173	-0.349643
31700.000015	-122.834936	-0.018883	-121.237937	0.415198	-94.138494	0.382653	-118.742034	0.105081
31800.000015	-113.506619	0.452921	-121.451758	-0.313900	-98.161694	0.335235	-119.615616	-0.462759
31900.000015	-117.911062	0.260941	-123.979099	0.171380	-78.923218	0.446975	-120.872912	0.374426
32000.000015	-128.228039	-0.308218	-124.875754	0.156800	-96.388526	0.031871	-104.235887	-0.318088
32100.000015	-138.200103	-0.255226	-126.649587	-0.441275	-85.213167	0.443319	-125.275612	-0.132909
32200.000015	-119.595720	0.299360	-121.161794	-0.490745	-87.239671	-0.490964	-121.060455	-0.292380
32300.000015	-128.419393	0.385556	-122.474719	0.246481	-91.528948	-0.086218	-125.660584	-0.269193
32400.000015	-120.820545	-0.287243	-122.022857	0.185687	-92.352063	0.000553	-121.635485	0.140874
32500.000015	-123.643858	-0.299864	-119.740398	-0.287542	-100.495841	-0.321738	-120.101683	0.493799
32600.000015	-126.436945	0.009035	-121.351855	-0.041341	-90.926385	0.159341	-124.251028	-0.097563
32700.000015	-119.620274	0.142533	-118.929735	0.157312	-80.690390	0.082479	-117.739052	0.009568
32800.000015	-117.730067	-0.097240	-127.921278	0.476397	-91.911355	0.314325	-133.154963	0.144616
32900.000015	-118.327078	-0.159040	-119.952546	-0.327982	-102.044235	-0.455298	-117.294712	-0.004486
33000.000015	-114.997802	-0.408374	-118.714568	0.412178	-85.775762	0.341369	-139.813702	-0.050851
33100.000015	-117.329383	0.108439	-118.327740	-0.159721	-87.600671	0.191582	-125.656256	0.154914
33200.000015	-123.176228	0.165917	-124.560737	0.121677	-87.188418	-0.187338	-122.105513	0.364512
33300.000015	-115.445733	-0.065826	-121.588970	0.498224	-90.635358	0.494807	-120.635847	-0.019824
33400.000015	-124.787439	-0.173557	-113.557807	-0.439290	-91.142707	-0.033823	-126.039839	0.373608
33500.000015	-114.539899	0.343065	-118.658054	0.044278	-94.198265	-0.384324	-126.725460	-0.215454
33600.000015	-124.622510	0.448288	-119.375592	-0.334170	-89.750338	-0.396927	-117.794824	-0.076884
33700.000016	-121.841993	-0.001817	-122.718977	-0.061606	-92.718581	-0.086024	-120.262541	-0.470962
33800.000016	-115.544079	0.489767	-125.976236	-0.204315	-86.203314	0.132854	-121.985890	-0.304269
33900.000016	-116.151195	0.488191	-124.044931	-0.258566	-87.261159	-0.492346	-124.536085	-0.031486
34000.000016	-130.861762	0.197395	-118.816458	-0.476485	-87.946588	0.359602	-116.664526	0.208094
34100.000016	-122.758305	-0.268893	-129.170173	-0.236608	-92.683231	0.423852	-122.584657	-0.087790
34200.000016	-122.856719	0.165376	-127.723297	-0.008076	-90.997469	-0.171545	-122.702810	0.143996
34300.000016	-115.854038	-0.375007	-122.281470	0.403057	-91.580536	-0.371635	-124.071359	-0.006209
34400.000016	-114.013604	0.220559	-127.660015	0.383234	-81.310577	0.096690	-118.396874	0.474550
34500.000016	-128.919389	-0.264792	-121.736689	0.431942	-80.915369	0.017391	-113.071975	0.268434
34600.000016	-117.432604	-0.202749	-120.289458	-0.346504	-87.045606	0.323861	-124.255074	-0.253821
34700.000016	-129.574441	-0.495006	-125.209238	-0.142963	-87.185099	-0.082519	-121.018292	-0.355385
34800.000016	-113.724664	-0.278837	-124.480992	0.473241	-87.675341	0.106978	-118.865871	-0.115666
34900.000016	-129.558119	0.007127	-127.001452	-0.040936	-91.967186	0.106920	-122.045468	0.191610
35000.000016	-123.048492	0.184423	-126.006590	-0.017192	-80.622593	-0.257204	-115.607765	-0.311824
35100.000016	-131.825986	-0.115709	-117.212446	-0.074506	-87.746392	-0.136607	-119.172451	-0.184885
35200.000016	-122.621850	-0.266404	-124.470227	0.355038	-86.922208	-0.405032	-118.503234	-0.090370
35300.000016	-118.730932	0.351284	-116.848845	-0.157649	-88.820713	-0.400175	-124.781872	0.371107
35400.000016	-120.358399	0.268398	-118.284932	-0.086048	-93.180924	-0.357331	-112.496094	0.130513
35500.000016	-115.943256	0.203067	-120.422466	-0.433780	-85.830659	0.280426	-117.791432	-0.094486
35600.000016	-117.848663	-0.101672	-112.535760	-0.305189	-93.818270	-0.088363	-117.164415	-0.033769
35700.000016	-146.067002	-0.261578	-127.483918	0.149957	-85.693646	-0.298004	-122.878359	0.334511
35800.000017	-119.152874	0.320249	-126.119820	0.479923	-91.153077	-0.121490	-126.032506	-0.100148
35900.000017	-116.965396	0.025071	-124.717922	-0.427098	-83.568032	-0.493434	-121.082723	-0.203886
36000.000017	-126.118886	0.126568	-119.144683	0.364303	-85.865106	-0.034467	-139.515191	0.149318
36100.000017	-116.104545	0.322511	-130.641162	-0.119577	-91.355362	0.093718	-124.254612	0.327212
36200.000017	-120.119388	0.024623	-118.195843	0.130893	-86.549782	0.463958	-121.283262	-0.292392
36300.000017	-117.601352	-0.387254	-119.151046	0.229009	-86.329819	0.253234	-125.515802	0.460198
36400.000017	-121.588324	-0.468751	-116.522900	-0.310115	-92.738621	-0.096058	-128.355584	-0.170472
36500.000017	-119.736264	-0.384244	-119.335320	-0.446694	-86.784862	-0.428292	-106.715613	0.495601
36600.000017	-121.003853	0.070036	-117.987472	-0.061517	-88.619272	-0.299973	-121.740574	0.437677
36700.000017	-115.682215	-0.446623	-120.662951	0.325477	-93.500256	-0.382234	-120.982591	-0.209995
36800.000017	-139.962121	-0.057881	-120.494971	-0.478856	-82.198785	0.387496	-123.137896	-0.189331
36900.000017	-120.252891	-0.214423	-126.573182	0.019683	-91.558239	0.036594	-130.102705	0.311104
37000.000017	-117.907572	0.326445	-126.256705	0.375570	-87.546376	0.437809	-128.481130	0.268461
37100.000017	-127.730842	-0.163133	-121.755835	-0.057635	-82.303859	-0.065696	-119.246862	-0.348308
37200.000017	-128.031723	0.207376	-121.213816	0.462497	-84.141376	0.370143	-125.011443	-0.309866
37300.000017	-117.857786	-0.343101	-114.586071	-0.482187	-86.930059	0.496308	-122.215909	-0.350611
37400.000017	-128.254481	-0.296835	-122.196694	0.397024	-82.698817	0.385905	-122.067072	-0.112425
37500.000017	-123.371272	0.319573	-118.731703	-0.010684	-87.411668	0.027213	-117.453590	0.167035
37600.000017	-123.587844	-0.083533	-115.645863	-0.205799	-95.869155	0.054182	-122.528237	0.241376
37700.000017	-129.906292	0.273121	-115.248409	-0.460982	-89.004436	0.244760	-123.818079	-0.238467
37800.000017	-119.399187	0.313503	-120.143132	0.043015	-87.368341	0.253782	-116.615131	0.160715
37900.000017	-116.523231	0.256846	-115.905391	0.356235	-85.142560	-0.336052	-122.047070	-0.418227
38000.000018	-129.674325	-0.063343	-118.104678	-0.002146	-96.793790	-0.110577	-109.626381	-0.497770
38100.000018	-129.649963	-0.343415	-126.399621	0.014815	-99.550217	0.012791	-121.431984	0.083493
38200.000018	-125.811138	0.472636	-126.860916	0.341194	-94.093905	-0.361021	-119.975715	-0.129375
38300.000018	-121.199826	0.263444	-130.816801	-0.244721	-85.948151	-0.289151	-121.708411	0.104627
38400.000018	-131.491738	-0.322656	-122.907824	-0.459436	-82.275380	0.252198	-119.800244	0.019573
38500.000018	-124.573580	-0.378547	-122.903472	0.297674	-86.819711	0.452565	-116.517070	0.268082
38600.000018	-121.938879	0.108635	-124.700359	0.480693	-87.452333	-0.413599	-132.811262	0.322288
38700.000018	-122.663627	0.174518	-115.771752	-0.480173	-93.657302	0.096027	-124.517700	0.461630
38800.000018	-116.779801	0.226841	-133.957306	0.347318	-89.416530	0.440610	-131.150690	-0.393902
38900.000018	-127.196616	-0.344737	-118.952454	0.097826	-91.656214	0.386609	-119.848880	-0.115941
39000.000018	-119.796669	-0.482467	-125.926469	0.429813	-86.812455	-0.046815	-107.154052	-0.400357
39100.000018	-162.008445	0.383945	-120.910961	0.061990	-86.006829	-0.493467	-118.278110	-0.160042
39200.000018	-125.385076	0.055900	-121.089554	-0.396817	-91.896504	0.476147	-120.771032	0.164104
39300.000018	-120.737570	0.260328	-128.576090	-0.285490	-89.626426	-0.358040	-116.163323	-0.175873
39400.000018	-119.721611	-0.496430	-129.239506	-0.115964	-91.008538	-0.398117	-126.017516	0.492241
39500.000018	-125.914514	-0.004494	-122.623312	-0.306248	-88.331165	0.092555	-128.641109	-0.475320
39600.000018	-120.685782	-0.036267	-126.824588	0.446354	-85.686143	0.350353	-116.062155	0.313862
39700.000018	-117.145374	-0.025299	-118.657375	0.034681	-88.217923	0.343657	-121.980749	-0.483378
39800.000018	-116.801276	-0.136769	-122.691965	0.127454	-87.072946	0.238968	-127.123582	-0.021438
39900.000018	-120.484659	-0.118600	-116.358444	0.261086	-91.790839	-0.428639	-120.313730	-0.308248
40000.000018	-130.819715	0.391737	-118.779626	-0.198024	-88.455625	-0.353500	-113.011111	-0.178574
40100.000018	-118.591595	-0.173834	-114.051328	0.277439	-96.423070	-0.164541	-124.007868	-0.455455
40200.000019	-120.582560	0.057481	-126.721776	-0.399453	-90.638293	-0.230919	-117.729147	0.208534
40300.000019	-117.022216	0.121590	-119.172304	0.483591	-92.972226	-0.495663	-129.376872	0.294571
40400.000019	-122.063524	0.231474	-122.364467	-0.014914	-91.967174	0.435229	-114.325155	0.353233
40500.000019	-119.172475	0.183676	-119.326393	-0.414737	-98.265168	0.204932	-116.633877	-0.485095
40600.000019	-123.278702	0.011718	-130.384620	0.018972	-92.009899	0.247807	-115.950697	0.068071
40700.000019	-113.691040	0.348222	-122.456238	-0.043458	-96.302278	0.325023	-118.859115	0.368832
40800.000019	-120.444759	0.266968	-123.813828	0.412606	-104.569094	-0.206764	-119.582293	-0.344747
40900.000019	-127.816016	-0.462774	-119.682310	-0.068600	-94.632051	0.445182	-121.448156	0.006752
41000.000019	-127.671771	0.049337	-117.374021	0.057181	-88.590437	-0.200451	-113.705683	-0.075633
41100.000019	-117.836025	0.432914	-122.835810	0.418179	-96.619212	0.164300	-130.130912	-0.226110
41200.000019	-118.359889	0.297006	-114.788422	0.319821	-88.957662	0.376097	-126.310595	0.146470
41300.000019	-132.363083	0.081491	-121.375453	0.147065	-92.997874	0.028983	-119.507806	-0.351471
41400.000019	-121.849151	0.121486	-115.156235	-0.430455	-93.983834	-0.275520	-122.041511	-0.181322
41500.000019	-122.596779	-0.069765	-97.631198	0.177051	-19.150976	-0.094752	-18.983614	-0.300442
41600.000019	-120.825032	0.102053	-120.947502	-0.097574	-89.218014	-0.334294	-121.410033	-0.133855
41700.000019	-122.557389	-0.025139	-131.928675	0.156112	-93.237041	0.200878	-136.902140	-0.419568
41800.000019	-125.632275	-0.011598	-127.131585	0.496877	-85.489894	0.498755	-121.140929	0.336366
41900.000019	-118.828040	-0.430779	-119.953304	-0.438828	-90.740900	0.496022	-122.710244	0.313397
42000.000019	-122.030341	0.370792	-123.149350	0.424196	-89.015635	-0.035618	-128.823557	-0.025067
42100.000019	-128.930692	-0.199792	-129.848158	-0.186507	-97.335041	-0.055723	-130.095419	-0.279731
42200.000019	-125.103445	-0.059346	-126.933457	0.081503	-88.173565	0.054661	-117.776749	0.325311
42300.000019	-121.376357	-0.422269	-123.748871	0.267319	-96.213884	-0.245266	-113.764414	0.374011
42400.000020	-121.705087	-0.306372	-118.488022	-0.498220	-92.475815	-0.090912	-125.766020	0.001449
42500.000020	-120.202886	-0.324115	-126.510294	-0.301910	-99.614735	-0.103231	-115.927603	-0.411255
42600.000020	-117.203949	-0.029263	-125.987968	0.488758	-89.946284	-0.240177	-116.033091	-0.332608
42700.000020	-127.442392	-0.242885	-114.904537	0.365511	-95.145242	0.203109	-126.865378	0.164404
42800.000020	-117.581781	-0.379436	-114.061506	0.158302	-83.882098	-0.050409	-118.284360	-0.482690
42900.000020	-128.999008	0.202875	-127.657748	0.005685	-90.252701	0.358087	-121.287204	-0.165602
43000.000020	-124.775796	0.222020	-123.411796	-0.312244	-92.475892	0.126702	-116.039692	0.319733
43100.000020	-126.883075	0.254817	-123.538456	0.158551	-91.011529	0.344756	-117.509169	-0.363164
43200.000020	-114.825506	-0.143564	-122.518367	-0.167794	-100.191466	-0.060839	-115.790198	-0.270176
43300.000020	-113.939125	0.041345	-124.208353	-0.123679	-92.942301	-0.004692	-115.672552	0.145589
43400.000020	-118.485005	-0.098266	-117.687472	0.110308	-87.183593	-0.173379	-117.760669	0.387701
43500.000020	-117.301752	0.464360	-135.858284	0.201774	-92.079193	-0.358259	-120.133344	-0.090799
43600.000020	-118.738176	0.064910	-124.897943	-0.091833	-87.435465	0.036646	-128.436996	-0.374835
43700.000020	-138.663885	0.428655	-118.852232	-0.001491	-89.016443	0.441241	-128.717899	-0.246392
43800.000020	-120.370142	-0.118374	-119.544844	0.370045	-91.454368	-0.484725	-122.043350	-0.480357
43900.000020	-120.127724	-0.243297	-116.487294	0.005032	-83.388059	0.459929	-117.977212	-0.283393
44000.000020	-116.543637	0.393186	-120.787309	-0.098517	-92.860508	0.210314	-120.426202	0.434624
44100.000020	-119.745248	-0.353877	-117.054216	-0.451685	-103.342836	0.106544	-125.667605	-0.412827
44200.000020	-114.108603	0.480000	-119.836751	-0.376579	-88.188933	0.235647	-115.700955	0.295903
44300.000020	-130.681408	0.365455	-141.235403	-0.214292	-87.754816	-0.061239	-120.988947	0.383987
44400.000020	-123.123657	-0.062032	-117.804387	0.105189	-92.698038	0.012923	-137.664452	0.223588
44500.000021	-116.270469	0.319894	-119.792064	0.060951	-96.448273	-0.161425	-119.798604	0.165995
44600.000021	-119.397564	-0.197060	-118.791090	-0.331859	-89.304572	0.296617	-122.062879	0.077560
44700.000021	-124.357296	-0.190734	-125.506788	-0.069250	-97.196875	-0.326563	-119.775911	0.149451
44800.000021	-122.710834	0.458932	-118.181290	-0.210214	-96.717430	0.019661	-121.889787	0.486434
44900.000021	-116.467811	0.300217	-114.235620	0.120581	-92.258127	0.112817	-119.611057	-0.355418
45000.000021	-115.221139	0.339535	-122.827847	-0.179251	-92.789377	-0.062500	-109.352503	0.471002
45100.000021	-125.119608	-0.246692	-134.667209	-0.188605	-98.225408	-0.135350	-133.529649	0.315180
45200.000021	-119.835535	0.162169	-121.185658	-0.080965	-94.167508	0.309594	-125.403910	0.034972
45300.000021	-125.098223	-0.115070	-117.246277	-0.467117	-94.646530	-0.205022	-113.703655	-0.178201
45400.000021	-135.077653	0.382924	-129.762507	0.298648	-88.378312	0.424691	-120.043234	0.077546
45500.000021	-118.344439	0.073536	-117.993780	-0.371987	-90.162567	0.115095	-114.405499	0.312949
45600.000021	-117.321245	0.358036	-127.935296	-0.189036	-96.486370	0.106792	-129.140127	-0.063997
45700.000021	-118.721843	0.200510	-132.174332	0.395454	-88.479861	0.310239	-117.598236	0.205824
45800.000021	-117.824391	-0.444538	-116.861136	-0.291090	-92.597551	0.436423	-116.104353	0.295592
45900.000021	-127.479015	0.154062	-124.303425	0.041677	-104.658789	-0.341030	-118.174011	0.480898
46000.000021	-120.005547	0.104594	-130.896604	0.085397	-90.526434	-0.273730	-120.194224	-0.134857
46100.000021	-119.718938	-0.027927	-117.929096	-0.464429	-93.425658	-0.100900	-122.293495	-0.068803
46200.000021	-112.948108	0.228752	-123.259302	0.115563	-87.340020	-0.144553	-120.025758	0.161989
46300.000021	-117.290858	0.069243	-116.368847	0.004636	-86.726627	-0.424455	-124.700240	-0.451252
46400.000021	-120.168453	-0.277260	-113.315868	-0.206908	-118.118550	0.354720	-123.937254	-0.380576
46500.000021	-126.588883	-0.331953	-129.015369	-0.022937	-94.076444	0.294576	-116.143326	0.352073
46600.000021	-118.968899	0.083338	-125.222438	-0.062147	-89.442571	0.172445	-121.676096	0.478036
46700.000022	-128.469816	0.261632	-116.897631	-0.209249	-96.214149	0.399084	-124.632886	0.096248
46800.000022	-118.422240	0.456886	-119.796593	0.317089	-95.249476	0.250068	-120.667556	-0.280571
46900.000022	-115.296835	0.444169	-126.399659	-0.017366	-90.328023	0.494068	-127.086879	0.455260
47000.000022	-121.414130	-0.409515	-139.100818	0.020273	-113.701337	0.026908	-123.269888	-0.242097
47100.000022	-119.957461	-0.128469	-120.455050	0.017310	-87.907715	0.454948	-118.953312	0.075760
47200.000022	-120.304455	-0.102056	-129.244679	0.228684	-104.111645	0.398205	-116.385858	-0.431317
47300.000022	-122.491034	-0.061178	-116.542878	0.154993	-93.949665	0.114302	-136.543439	-0.496822
47400.000022	-118.929701	0.126487	-120.614419	-0.016527	-96.452434	0.385972	-122.246490	0.066972
47500.000022	-126.954929	-0.178637	-123.721677	-0.381640	-85.043945	0.367893	-106.479492	-0.034839
47600.000022	-124.519331	0.039351	-134.758727	-0.461678	-93.107546	-0.473475	-125.984924	0.097107
47700.000022	-118.163701	0.224155	-122.734105	-0.381805	-115.398953	-0.350198	-116.475372	-0.210673
47800.000022	-116.548836	-0.217207	-120.728452	-0.027506	-99.514010	-0.328969	-118.202964	-0.259886
47900.000022	-122.870297	0.454936	-124.421717	0.288707	-88.415328	-0.030131	-122.562781	0.341696
48000.000022	-126.651542	-0.216594	-128.119975	0.112531	-87.940876	-0.311505	-114.377946	0.219259
48100.000022	-116.073547	0.230454	-119.511367	0.285109	-95.111657	-0.168417	-119.462368	0.416657
48200.000022	-116.955861	-0.433464	-131.690059	-0.083981	-91.239856	0.029976	-122.487346	0.314807
48300.000022	-126.093451	-0.150700	-114.578594	0.220506	-96.116257	-0.115864	-124.512637	0.301412
48400.000022	-119.070468	-0.257848	-117.903063	-0.214164	-95.070979	-0.348854	-117.641219	-0.115779
48500.000022	-142.469738	-0.408210	-122.706579	-0.480770	-91.226767	0.497791	-115.047608	0.461504
48600.000022	-112.993339	0.253469	-120.149104	-0.021846	-95.846300	-0.164719	-116.633030	0.044001
48700.000022	-123.430070	-0.149415	-122.962215	-0.177191	-96.598062	0.138363	-123.263892	0.161402
48800.000022	-120.646586	0.181825	-118.930213	-0.089190	-92.312984	-0.433407	-132.448071	-0.171772
48900.000023	-122.447787	-0.333295	-116.919920	0.331226	-92.209556	-0.414514	-126.966397	0.461186
49000.000023	-127.128397	0.153102	-120.771980	-0.465584	-86.288717	0.451756	-113.266259	0.484077
49100.000023	-129.278889	-0.043633	-120.659290	-0.282326	-86.155128	-0.427974	-117.944369	0.482456
49200.000023	-125.045730	0.042826	-130.823193	-0.350645	-87.524836	0.341556	-119.998666	-0.282084
49300.000023	-119.948333	0.296999	-120.423986	0.036965	-83.818749	0.430786	-117.688246	0.443898
49400.000023	-122.109669	0.302732	-120.714896	-0.407728	-88.747655	0.219905	-120.823901	-0.396270
49500.000023	-118.342986	-0.397985	-117.756224	-0.352952	-90.953107	-0.045256	-118.559163	-0.262061
49600.000023	-121.267731	-0.429888	-121.826209	0.005030	-88.048065	-0.348511	-127.804763	-0.348209
49700.000023	-114.585375	0.148352	-116.234489	0.201615	-94.851868	0.207592	-125.509429	0.298087
49800.000023	-112.894311	0.299760	-121.496632	-0.103221	-106.920441	-0.056000	-116.431626	-0.192820
49900.000023	-124.554189	-0.068978	-124.098009	0.441713	-92.808582	-0.414386	-119.964112	0.032156
50000.000023	-130.401393	0.336458	-128.675864	-0.036643	-90.267588	-0.124710	-120.416403	-0.349476
50100.000023	-134.196905	0.456957	-122.262127	-0.398906	-89.419852	-0.018485	-122.109969	0.205758
50200.000023	-126.108570	0.345422	-123.349745	0.276266	-98.489013	-0.211922	-118.668594	0.229485
50300.000023	-117.439737	0.119176	-123.089037	0.025045	-84.987527	-0.371125	-120.091569	0.187038
50400.000023	-121.998390	-0.199907	-129.821853	-0.444768	-98.900335	0.228645	-117.460812	0.410425
50500.000023	-125.705602	0.169961	-124.387371	-0.435659	-95.260424	-0.159368	-127.130895	-0.452152
50600.000023	-117.169394	-0.215313	-123.741050	-0.333813	-94.111522	-0.116993	-126.102120	-0.089658
50700.000023	-121.347753	0.273085	-123.903301	-0.164884	-88.327320	-0.233130	-135.367638	-0.040080
50800.000023	-121.978578	0.326687	-122.387673	-0.357482	-94.435513	0.010367	-147.167205	0.009706
50900.000023	-125.570121	0.098289	-114.103875	-0.457085	-107.763107	-0.496995	-126.827926	-0.375659
51000.000024	-117.908054	0.177631	-120.986108	0.357020	-92.227184	0.033284	-91.751934	0.198522
51100.000024	-125.789361	0.189594	-136.350327	0.340126	-98.143934	-0.064028	-118.552090	0.191967
51200.000024	-113.904563	-0.370894	-124.226813	-0.145773	-98.019331	0.248231	-137.005468	-0.003295
51300.000024	-120.520034	-0.268475	-117.724169	0.150239	-86.727380	0.309069	-124.903772	-0.072546
51400.000024	-124.945499	0.194459	-122.386198	-0.367294	-102.926617	-0.304727	-116.704570	-0.288375
51500.000024	-126.175744	-0.304515	-118.307539	0.422196	-99.769153	0.349660	-119.649722	0.466942
51600.000024	-125.829006	-0.076711	-121.372835	-0.088485	-98.390908	0.115049	-113.066640	0.315088
51700.000024	-127.216231	-0.040782	-126.512662	0.448373	-96.044162	0.144147	-116.601886	0.363076
51800.000024	-119.655570	-0.286788	-120.387711	0.260996	-98.057612	-0.086084	-115.874016	-0.381738
51900.000024	-125.609590	-0.397665	-122.231499	-0.370373	-98.516894	0.146889	-119.411849	0.128365
52000.000024	-120.799864	-0.214888	-120.257140	-0.086844	-95.482209	-0.491972	-107.027715	-0.116277
52100.000024	-115.491997	-0.179759	-115.179297	-0.037123	-93.971398	-0.246043	-122.842556	0.165095
52200.000024	-138.456813	0.281498	-116.289692	0.202908	-92.995342	0.475071	-128.377230	0.391491
52300.000024	-116.032065	0.368431	-128.043376	-0.015162	-97.802214	-0.205250	-124.350987	-0.472029
52400.000024	-124.214185	0.006329	-123.248492	-0.339309	-100.067089	0.256534	-137.954144	0.481966
52500.000024	-117.111017	-0.381957	-118.767180	-0.183828	-95.026369	0.053079	-112.144803	-0.400371
52600.000024	-118.194493	-0.362984	-125.227356	0.064714	-86.584096	0.096105	-122.002010	0.159308
52700.000024	-131.004498	-0.251923	-113.689048	-0.279825	-97.248963	0.077640	-148.712440	0.198081
52800.000024	-128.151930	0.289474	-117.293968	0.129787	-92.206505	-0.388434	-121.891664	-0.481363
52900.000024	-133.349689	0.227002	-124.115360	-0.224014	-98.815428	-0.232252	-123.656368	0.381288
53000.000024	-123.296390	0.325950	-128.498290	-0.389088	-89.653028	0.378974	-113.652310	0.421643
53100.000024	-122.563031	-0.491852	-128.219135	0.251703	-94.495741	-0.419806	-123.918994	-0.437385
53200.000025	-124.938091	-0.456956	-116.696620	-0.286089	-95.346015	0.314527	-124.909709	-0.246401
53300.000025	-122.444322	0.403260	-117.247934	-0.302636	-95.922017	-0.021009	-126.469391	-0.025793
53400.000025	-130.249924	-0.491375	-114.936483	-0.305015	-85.492288	0.281681	-119.378129	-0.108345
53500.000025	-125.810042	0.172629	-116.754200	-0.403385	-92.161294	-0.173695	-108.419468	0.250680
53600.000025	-123.501703	-0.242344	-127.001826	-0.381903	-94.401723	-0.001943	-121.112866	0.182898
53700.000025	-121.828880	-0.180495	-121.332613	0.107404	-102.852665	-0.342478	-128.598440	0.429102
53800.000025	-129.031165	-0.018395	-121.048138	-0.133599	-89.524582	0.028300	-130.126039	0.423473
53900.000025	-119.546838	0.056177	-122.091655	0.062280	-97.254262	-0.262319	-124.946530	-0.434254
54000.000025	-118.418731	-0.297921	-117.497904	0.083927	-91.868328	0.162478	-123.789683	0.400296
54100.000025	-122.311539	0.382457	-120.809267	-0.369495	-90.307902	0.413139	-131.054251	0.126208
54200.000025	-129.963344	0.065932	-131.498104	0.222915	-88.077796	0.099284	-129.591632	0.190465
54300.000025	-135.402889	0.303682	-126.470348	-0.397865	-95.557663	-0.078542	-119.411419	-0.153683
54400.000025	-135.863250	0.009802	-118.536164	-0.267932	-93.204291	0.321954	-118.762954	0.088644
54500.000025	-118.879470	0.499241	-120.653728	0.188276	-94.761526	-0.281686	-99.409004	-0.096878
54600.000025	-124.394949	-0.315483	-122.021740	-0.190275	-92.834739	-0.172645	-121.227225	-0.344489
54700.000025	-119.257818	0.411561	-121.706250	0.152262	-100.587876	0.350970	-125.228895	0.131098
54800.000025	-120.313723	0.082308	-126.455054	-0.055044	-90.675056	-0.368199	-129.501724	0.004838
54900.000025	-125.822905	-0.255693	-118.906562	0.261651	-103.610530	-0.124839	-119.725730	-0.482685
55000.000025	-117.018841	-0.166971	-137.160341	-0.406692	-90.789340	0.387885	-119.288368	0.056850
55100.000025	-130.142049	0.358150	-116.654646	-0.077116	-93.473668	-0.330977	-126.193019	-0.099192
55200.000025	-120.129009	-0.249378	-114.474099	-0.047563	-96.950747	-0.172002	-121.001615	0.470149
55300.000025	-114.412788	-0.167720	-118.225391	0.490698	-88.935752	-0.008272	-121.232421	-0.098385
55400.000026	-119.268268	-0.233309	-120.918878	-0.226905	-102.507215	0.025848	-115.532247	-0.218451
55500.000026	-126.830083	0.419930	-116.888030	-0.408166	-95.500852	-0.108542	-131.642746	-0.353462
55600.000026	-114.852698	0.091684	-119.379792	0.074813	-91.437340	-0.065264	-116.720206	0.125920
55700.000026	-132.074139	0.274614	-123.486438	0.281323	-93.151953	-0.244274	-127.598582	-0.423690
55800.000026	-116.712166	-0.459997	-117.351749	0.340255	-95.954046	0.313275	-123.444298	0.358271
55900.000026	-125.564583	-0.077191	-131.228717	0.266565	-90.868523	0.362898	-121.321034	-0.394183
56000.000026	-118.237673	0.070569	-133.399719	-0.052631	-95.771361	0.122919	-131.919537	-0.048834
56100.000026	-116.659276	0.025177	-117.078502	0.423491	-102.224961	-0.157331	-120.249415	-0.433555
56200.000026	-119.613731	-0.195334	-120.288198	0.162055	-94.876937	0.460526	-118.180983	0.047324
56300.000026	-116.043826	-0.458114	-124.314371	0.096239	-95.454802	0.421383	-119.961630	0.129493
56400.000026	-113.285243	0.303453	-117.175742	0.092370	-95.846214	-0.394662	-116.454821	0.445065
56500.000026	-116.969861	0.093143	-124.559128	-0.120905	-98.676481	-0.395748	-123.982729	0.039355
56600.000026	-118.257083	0.053538	-123.326924	0.366066	-93.768141	0.031024	-120.298870	0.227110
56700.000026	-121.480916	-0.098720	-123.412331	-0.272382	-94.484739	0.382981	-112.958752	0.039827
56800.000026	-117.006029	-0.276338	-116.349321	-0.026831	-94.602286	-0.210103	-119.369029	-0.492973
56900.000026	-119.162388	-0.348158	-124.696851	-0.245499	-94.076490	0.357436	-123.785846	-0.497877
57000.000026	-123.433142	-0.459788	-125.802820	-0.254328	-91.478436	-0.384351	-121.802875	0.334392
57100.000026	-134.725110	0.010110	-119.527135	-0.084396	-94.013813	-0.168198	-123.040312	0.369578
57200.000026	-116.597843	-0.022598	-121.986583	-0.117501	-94.123348	0.299087	-122.659258	-0.014726
57300.000026	-125.388926	0.225719	-115.471523	-0.345528	-91.216157	0.417375	-118.620916	0.003035
57400.000026	-124.551655	-0.038834	-121.242858	-0.012739	-97.726720	0.168057	-116.433362	0.235602
57500.000027	-116.878575	0.342383	-124.476006	-0.342854	-93.260497	-0.328221	-116.733475	0.310266
57600.000027	-120.242766	-0.050173	-131.130648	-0.175437	-86.909334	-0.263882	-129.622812	-0.172602
57700.000027	-120.039289	0.371268	-135.708642	0.220467	-103.404104	-0.193974	-115.696262	0.225514
57800.000027	-124.572773	0.290245	-115.534335	0.104724	-97.555225	-0.299310	-120.749501	-0.228405
57900.000027	-113.087344	-0.093193	-115.764735	-0.006363	-88.288990	-0.487048	-116.399707	-0.076978
58000.000027	-113.712235	-0.057048	-118.919066	0.481254	-95.054641	0.427093	-119.777147	0.362632
58100.000027	-119.730494	-0.042639	-116.260920	-0.279114	-93.257603	0.036393	-121.983022	0.282424
58200.000027	-118.753231	0.017079	-118.902579	0.287211	-90.815435	-0.397303	-125.609351	-0.099085
58300.000027	-121.055279	-0.144398	-120.886301	0.379063	-100.455119	-0.357550	-123.354217	0.035113
58400.000027	-118.659100	-0.024658	-126.162979	0.484063	-91.266001	0.344154	-119.887888	-0.309019
58500.000027	-121.934258	-0.445720	-121.331853	0.117713	-98.394405	0.461907	-118.578938	-0.178079
58600.000027	-119.993603	0.023646	-117.620905	0.149092	-92.899768	0.326769	-124.778933	0.223935
58700.000027	-123.494772	-0.284016	-114.164258	-0.148268	-94.196956	-0.278139	-120.978258	-0.204123
58800.000027	-117.874290	-0.353522	-118.316630	0.134137	-97.001503	0.386080	-122.559270	0.186144
58900.000027	-121.530517	-0.247260	-114.165078	0.010347	-91.485089	-0.088780	-117.944528	-0.124357
59000.000027	-121.944855	0.470623	-123.525757	0.359776	-100.741918	0.053597	-115.259569	-0.338178
59100.000027	-115.622344	-0.257169	-118.468396	0.370078	-91.397919	-0.011283	-115.652288	-0.100558
59200.000027	-117.148216	0.224434	-133.167194	0.080678	-104.128278	0.366771	-126.201262	-0.109421
59300.000027	-118.837689	-0.382688	-136.755208	-0.233951	-96.884929	0.077668	-126.759453	0.039624
59400.000027	-121.278810	0.115334	-120.899792	-0.099681	-87.945542	0.421371	-124.391646	-0.201922
59500.000027	-118.698424	0.270240	-119.108731	-0.419666	-93.597447	-0.053735	-119.267473	0.281495
59600.000027	-120.255556	-0.471165	-127.206624	0.047882	-90.648789	-0.135941	-127.443213	0.382763
59700.000028	-117.691260	0.214913	-122.054562	0.246296	-102.544463	0.354956	-125.504471	0.437553
59800.000028	-119.371730	0.427447	-119.398883	-0.473713	-96.153729	0.371804	-118.873675	-0.283038
59900.000028	-126.463759	-0.432551	-124.578068	0.308300	-93.511198	0.095553	-127.634436	-0.155024
60000.000028	-122.209683	-0.273923	-118.482988	-0.185210	-97.968779	-0.230229	-121.479041	0.147089
60100.000028	-120.215869	-0.110923	-123.062640	-0.401535	-92.092834	-0.263793	-117.017104	-0.162537
60200.000028	-117.911682	0.232241	-117.235201	0.269837	-91.908599	-0.013841	-117.873011	0.279214
60300.000028	-119.420559	0.257262	-141.920174	-0.003477	-99.645756	0.312620	-130.056133	-0.086475
60400.000028	-121.524114	0.013198	-115.986520	0.031627	-92.909503	-0.353031	-117.700926	-0.132974
60500.000028	-118.236878	-0.220224	-126.630266	0.000825	-101.601066	0.029534	-99.435366	0.202545
60600.000028	-116.097729	-0.474982	-116.717639	0.491468	-93.411081	0.354635	-122.240171	-0.423963
60700.000028	-120.184926	-0.201892	-122.673524	-0.411598	-96.616638	-0.192606	-125.219756	-0.364230
60800.000028	-120.767657	0.404010	-124.720930	0.321722	-98.424319	-0.180691	-117.135718	0.429763
60900.000028	-117.869691	0.138866	-116.555790	-0.444154	-94.875290	-0.212189	-116.349597	-0.497825
61000.000028	-117.794226	0.328849	-114.207290	-0.249677	-106.594284	-0.182282	-114.088844	0.428603
61100.000028	-136.188855	-0.086012	-123.128509	-0.446876	-90.241546	0.485923	-119.313465	-0.138824
61200.000028	-117.330606	-0.144839	-127.026863	0.308309	-93.574154	0.470562	-121.816365	-0.335832
61300.000028	-130.141636	-0.296699	-124.323983	0.076664	-102.170776	-0.356890	-122.040990	0.316286
61400.000028	-129.594540	0.107311	-120.568612	0.323279	-91.863955	-0.059226	-124.707771	-0.271059
61500.000028	-116.939793	-0.270734	-124.742163	-0.326558	-96.563712	0.196924	-108.735046	-0.220495
61600.000028	-114.557126	-0.056321	-117.803347	0.194610	-92.417779	0.319028	-128.085318	-0.287693
61700.000028	-120.465689	-0.008799	-117.837784	-0.020785	-101.631416	0.288836	-121.166772	0.110277
61800.000028	-134.559090	-0.100399	-117.925994	-0.051936	-98.004615	-0.153609	-124.835587	0.017522
61900.000029	-119.702684	-0.232249	-124.240528	0.024573	-91.806824	0.369752	-123.305077	-0.489654
62000.000029	-118.079839	-0.311522	-121.124058	-0.390261	-105.132832	0.364416	-124.548224	0.046789
62100.000029	-115.223348	-0.416382	-117.121606	0.402802	-90.032548	0.447560	-119.928455	0.410476
62200.000029	-130.645913	-0.015101	-116.821256	0.183604	-98.619425	0.399425	-121.303794	-0.144181
62300.000029	-117.916669	0.229817	-115.623289	0.244111	-107.811343	0.264508	-120.473170	-0.290590
62400.000029	-123.004798	0.219834	-117.251794	-0.430132	-101.861661	-0.343311	-120.496526	-0.200771
62500.000029	-121.938421	0.210678	-122.894029	-0.268998	-92.201616	-0.474543	-122.281404	-0.340068
62600.000029	-127.580711	-0.496019	-120.309524	-0.220467	-102.479851	-0.340411	-115.456569	0.390752
62700.000029	-119.944676	0.218440	-120.483171	0.467437	-98.683947	0.069187	-128.118035	-0.465309
62800.000029	-120.337184	-0.101948	-136.243360	-0.009860	-98.333137	-0.477565	-119.722705	-0.169000
62900.000029	-119.362089	0.374462	-122.873449	-0.207082	-95.753579	-0.027816	-125.930770	-0.452376
63000.000029	-122.488499	-0.025241	-119.765732	-0.454267	-90.466360	0.088351	-107.343101	0.230167
63100.000029	-126.640036	0.345114	-121.069550	0.091631	-90.732404	-0.198262	-117.760896	-0.153885
63200.000029	-124.005963	0.201723	-121.886969	-0.297922	-92.038563	-0.411130	-115.270324	0.199924
63300.000029	-116.528395	-0.342989	-117.433110	0.476250	-87.008419	-0.223309	-124.870278	0.215923
63400.000029	-123.340986	-0.065988	-117.629872	-0.242129	-97.873380	0.372747	-121.524356	0.139693
63500.000029	-116.404865	-0.238756	-129.688982	0.437806	-97.295948	0.243899	-118.840658	0.493700
63600.000029	-136.949419	-0.272806	-117.675564	0.052615	-96.612963	0.360993	-122.175752	0.431107
63700.000029	-124.037805	-0.424850	-116.176443	-0.103907	-96.853886	-0.334735	-114.911473	-0.271439
63800.000029	-123.925770	0.355514	-125.013292	0.445062	-93.381739	-0.314210	-116.490531	0.135940
63900.000029	-131.807918	-0.499364	-121.114771	0.328414	-98.957841	-0.479697	-117.064099	0.103174
64000.000030	-116.352072	0.108069	-116.484752	0.088609	-92.982531	0.131669	-101.893810	-0.104034
64100.000030	-126.570086	0.055031	-121.116925	-0.306890	-103.654254	0.293181	-115.379781	-0.014282
64200.000030	-123.337005	0.396128	-125.686293	-0.433629	-97.065186	0.328270	-126.225614	0.326829
64300.000030	-122.470061	-0.347534	-122.187523	-0.250504	-103.849975	-0.487063	-139.851101	0.204186
64400.000030	-125.815285	-0.189627	-126.176622	-0.489760	-90.454873	0.166921	-123.423730	-0.224388
64500.000030	-127.418425	0.133170	-117.315781	-0.397719	-101.814355	0.256595	-118.133001	-0.014862
64600.000030	-127.770114	0.435231	-127.036340	0.070635	-96.112252	-0.236889	-119.042324	-0.275439
64700.000030	-116.821719	0.309865	-114.415750	0.064684	-101.009373	-0.353964	-118.979581	0.385624
64800.000030	-126.826776	-0.457414	-124.903994	-0.053197	-105.542254	-0.179213	-121.272300	0.090165
64900.000030	-114.943145	0.142319	-117.690502	-0.057277	-99.010001	-0.338178	-117.955244	0.016561
65000.000030	-112.944325	-0.498064	-120.901401	-0.224832	-100.533839	-0.236181	-127.560381	0.490415
65100.000030	-119.019320	0.292667	-126.410366	-0.280947	-95.098714	-0.492418	-121.190667	0.066104
65200.000030	-130.102372	0.059357	-114.847921	-0.018040	-95.967670	-0.475624	-125.586367	-0.220342
65300.000030	-110.130200	0.105992	-118.779804	0.249311	-97.951575	-0.134557	-111.326427	0.009050
65400.000030	-130.390002	0.191659	-121.770804	0.232933	-95.924909	0.157090	-124.589940	0.242033
65500.000030	-120.149192	0.122327	-121.832077	-0.157527	-96.736658	0.013149	-115.366431	0.276500
65600.000030	-120.677511	-0.312931	-116.932310	0.426267	-97.553829	0.173965	-121.646938	0.198362
65700.000030	-118.199462	-0.018989	-117.442860	-0.156912	-90.921187	-0.396782	-121.741664	-0.163042
65800.000030	-129.438742	0.081880	-126.736526	0.045658	-91.973590	0.319888	-121.610839	-0.204163
65900.000030	-122.617113	-0.017940	-117.379023	-0.156067	-96.691784	0.356957	-127.148690	-0.247245
66000.000030	-120.617970	0.373102	-125.778756	0.424767	-89.073207	0.221916	-114.561791	0.073775
66100.000030	-115.773785	-0.109598	-125.015369	-0.486823	-102.221789	-0.204257	-115.373364	0.157900
66200.000031	-133.878340	0.253493	-126.215246	-0.357847	-103.597136	0.331366	-118.013919	0.303606
66300.000031	-116.837563	0.291455	-109.137164	0.217310	-115.300786	-0.202136	-113.614142	0.096578
66400.000031	-123.452142	-0.241670	-115.457347	-0.477000	-97.581648	-0.019826	-120.047308	-0.031049
66500.000031	-114.690906	0.105536	-121.538068	-0.007162	-97.887926	-0.293219	-114.156245	0.447196
66600.000031	-121.515965	0.183371	-125.211557	0.465118	-98.684617	0.374935	-124.484237	-0.121834
66700.000031	-123.363716	-0.262591	-129.011130	-0.254605	-106.733054	-0.481997	-123.791203	-0.438002
66800.000031	-120.762396	-0.298766	-132.761535	0.245956	-100.692658	-0.109384	-117.671170	0.144095
66900.000031	-122.829606	0.156000	-117.485712	0.197569	-93.725495	-0.002687	-125.470839	0.250726
67000.000031	-126.154581	-0.170394	-120.103048	0.354677	-108.130790	-0.409396	-112.975454	-0.196003
67100.000031	-116.903645	0.368958	-138.232622	0.306517	-105.342422	0.062370	-120.304525	0.169595
67200.000031	-117.679235	-0.126172	-126.794107	-0.261336	-96.919695	0.096880	-118.938548	0.137805
67300.000031	-122.281107	0.267206	-122.514374	0.365294	-97.923902	-0.023624	-122.746874	0.302562
67400.000031	-115.895795	0.405050	-120.032407	0.494812	-97.322233	0.124422	-133.402703	0.391273
67500.000031	-117.321471	0.325180	-120.954569	-0.305844	-96.663434	-0.168946	-116.978989	0.262372
67600.000031	-131.185079	-0.106464	-124.067575	0.191177	-93.459485	0.241751	-123.106854	0.362296
67700.000031	-120.514097	0.094716	-116.244198	0.322237	-91.113014	-0.317929	-113.450546	0.123756
67800.000031	-119.473223	0.202735	-123.571401	0.096314	-98.465851	0.398959	-118.367666	-0.021873
67900.000031	-119.852297	0.189835	-122.791572	0.361435	-100.955716	-0.088657	-130.897955	-0.014763
68000.000031	-121.818042	0.174350	-124.823211	0.043959	-104.636857	-0.315366	-111.798706	0.246724
68100.000031	-119.398482	0.090400	-132.237824	-0.475282	-94.065220	-0.410890	-122.626782	-0.369531
68200.000031	-123.297744	-0.011870	-124.926568	-0.400811	-100.015300	-0.275329	-123.623708	-0.350353
68300.000031	-119.992209	-0.453223	-121.480520	0.062026	-92.811014	-0.003256	-123.014312	0.301270
68400.000032	-117.177153	0.431422	-114.064043	0.490306	-92.994098	-0.042336	-128.459289	0.035671
68500.000032	-118.450042	-0.069135	-117.109198	-0.090163	-103.279678	0.059684	-122.237655	0.182800
68600.000032	-121.592929	0.288317	-120.706159	0.176137	-91.182004	0.410012	-130.429953	0.123036
68700.000032	-118.418544	0.360294	-118.028809	0.377727	-96.860632	0.345187	-119.440586	-0.410061
68800.000032	-126.071036	0.301460	-117.000183	-0.458299	-97.110086	0.295987	-124.394162	-0.489138
68900.000032	-111.637067	0.028905	-115.984659	0.206935	-97.358392	0.409521	-121.765195	0.044378
69000.000032	-119.591155	0.379205	-120.172127	0.486904	-96.558484	0.269017	-120.090315	0.362776
69100.000032	-121.257441	0.044837	-119.503817	-0.005212	-99.013205	0.217031	-124.186502	0.118807
69200.000032	-116.820584	0.135197	-116.001012	0.271896	-94.431511	-0.129982	-121.529178	0.036142
69300.000032	-118.701363	-0.149869	-124.584045	-0.332267	-94.576325	-0.083129	-121.474942	-0.084824
69400.000032	-144.737214	-0.493996	-119.716045	0.219872	-100.194365	0.464888	-119.631294	-0.401098
69500.000032	-115.522565	-0.208765	-126.411899	0.297454	-95.488216	0.378372	-114.796620	-0.295549
69600.000032	-118.985707	0.275187	-119.876277	0.262869	-96.766489	0.164917	-122.857473	0.095123
69700.000032	-121.338931	-0.455257	-125.060233	-0.412290	-95.801566	0.391091	-117.364754	-0.475405
69800.000032	-114.717842	0.436794	-118.015482	-0.025432	-96.015787	-0.184928	-121.694652	-0.151931
69900.000032	-121.800980	0.072095	-118.942102	-0.001598	-96.540413	0.360857	-117.590090	0.196777
70000.000032	-123.993868	-0.113180	-128.614377	0.412061	-103.919296	0.406272	-103.583888	0.185877
70100.000032	-143.162155	-0.297733	-119.011587	-0.329262	-105.415431	-0.469383	-117.853610	-0.265017
70200.000032	-122.366685	0.436141	-143.815544	-0.202233	-97.020467	-0.402520	-112.980418	0.459234
70300.000032	-122.457334	-0.403683	-115.116311	-0.333042	-100.066714	0.485226	-127.019481	0.175673
70400.000032	-119.892609	0.324057	-122.495220	0.475160	-94.757939	-0.298228	-122.720158	-0.341303
70500.000032	-123.839861	0.254934	-122.007813	-0.095293	-93.089369	-0.352714	-114.541132	-0.412974
70600.000033	-122.251369	0.280404	-118.373225	-0.225550	-94.720216	0.467847	-128.331511	0.198309
70700.000033	-122.880920	-0.159978	-125.425836	-0.440434	-97.688952	-0.036666	-118.573642	-0.244575
70800.000033	-125.465785	-0.243964	-118.886106	0.402526	-106.976401	-0.441828	-126.807009	-0.464098
70900.000033	-122.271757	0.091537	-119.157910	-0.037897	-102.264896	-0.305145	-141.890704	0.281976
71000.000033	-119.232022	-0.255347	-115.863903	-0.154162	-95.937634	-0.410062	-126.527075	-0.400983
71100.000033	-118.154040	-0.102179	-119.413032	0.485385	-100.759781	-0.016076	-120.353810	0.453989
71200.000033	-120.702148	-0.099834	-121.372026	0.055713	-89.759527	0.250688	-120.727762	-0.454036
71300.000033	-124.564842	-0.144271	-132.858697	0.448720	-111.109779	0.223233	-135.649535	0.014554
71400.000033	-115.345079	0.464365	-126.627003	0.455404	-115.649071	0.300782	-124.531570	-0.283835
71500.000033	-126.730833	-0.163204	-123.588694	0.044606	-107.259327	-0.022602	-118.200358	-0.057982
71600.000033	-120.341224	-0.125533	-119.877481	-0.461973	-96.227228	0.173687	-123.371789	-0.414163
71700.000033	-122.635052	0.315964	-122.534247	0.169561	-109.032281	0.456226	-121.556195	-0.457277
71800.000033	-120.262121	0.071321	-116.451483	-0.030907	-102.249621	-0.362324	-115.888800	0.146649
71900.000033	-124.568792	0.041701	-121.982958	0.456594	-107.546168	0.143887	-117.425838	0.026987
72000.000033	-119.042976	0.165480	-122.203746	0.335532	-95.699074	-0.383366	-109.828757	0.413049
72100.000033	-128.095740	-0.138135	-125.489791	0.142611	-109.298827	-0.347187	-129.544267	-0.407793
72200.000033	-116.398542	0.441479	-118.320551	0.287155	-102.080187	0.242054	-120.144150	0.306553
72300.000033	-119.761628	0.341979	-139.377660	-0.492517	-99.691981	-0.031943	-120.950955	-0.039779
72400.000033	-117.190591	-0.326538	-116.314386	-0.395075	-96.872730	-0.220459	-119.449915	0.368358
72500.000033	-121.175311	-0.417510	-119.557045	-0.469424	-99.515411	-0.329670	-116.445307	0.294791
72600.000033	-116.529307	0.133377	-120.745032	0.256075	-102.016717	-0.449348	-115.858032	-0.038873
72700.000034	-119.105455	-0.437794	-119.916158	0.041181	-95.012314	0.438138	-116.769595	-0.042215
72800.000034	-119.864382	-0.180180	-122.563741	0.132736	-100.785119	-0.237661	-117.452618	-0.015816
72900.000034	-115.639330	-0.497269	-120.452945	-0.408617	-104.887778	0.355055	-132.237943	-0.191587
73000.000034	-117.323696	0.058623	-116.774326	-0.385160	-90.782493	0.077493	-112.242051	-0.383229
73100.000034	-113.441160	-0.243894	-117.909025	0.423703	-102.702007	0.278246	-115.273864	0.013730
73200.000034	-117.420573	-0.492249	-119.401370	-0.022326	-93.446023	-0.415604	-121.569665	-0.159077
73300.000034	-130.652917	0.299815	-123.536991	0.169102	-95.889625	0.363537	-118.242835	0.470900
73400.000034	-135.730312	-0.223667	-118.587637	0.307272	-96.499464	0.180885	-115.966539	-0.268434
73500.000034	-120.423617	0.176659	-118.300491	0.069518	-97.187376	-0.070934	-102.389903	-0.081587
73600.000034	-115.291180	-0.221394	-140.795795	-0.038639	-99.891504	0.385783	-119.490344	-0.011561
73700.000034	-121.583484	0.410404	-120.600545	-0.043234	-97.726469	0.077334	-126.092788	-0.256057
73800.000034	-138.884126	0.065179	-120.048634	-0.132395	-95.927541	-0.414175	-122.804271	0.499461
73900.000034	-126.750064	0.262784	-127.310870	0.146856	-99.290873	0.267193	-114.734963	0.265588
74000.000034	-121.939564	0.026921	-119.277791	0.048196	-105.917181	0.115684	-115.571516	0.066814
74100.000034	-120.686365	0.410937	-119.937521	0.093474	-92.866710	0.445862	-120.182530	-0.064675
74200.000034	-126.736809	-0.024568	-118.187597	0.436306	-116.014976	-0.038935	-121.103774	0.091462
74300.000034	-116.582813	-0.462084	-121.904012	0.033872	-92.401592	-0.444862	-142.138839	-0.367734
74400.000034	-118.859225	-0.003338	-118.703773	0.009426	-106.328300	0.258944	-119.370725	0.075894
74500.000034	-119.532537	-0.212057	-119.266133	-0.029262	-97.957979	-0.022989	-122.077050	-0.023122
74600.000034	-125.705903	-0.045470	-123.656281	0.176211	-102.892948	0.050552	-128.556272	0.103888
74700.000034	-118.579401	0.390203	-117.323378	0.104979	-91.583419	0.144634	-113.509530	0.297803
74800.000034	-117.482389	0.384641	-119.730733	0.429880	-105.891891	0.170959	-119.431174	0.393517
74900.000035	-125.260742	0.131788	-126.886277	0.170437	-101.575256	-0.008603	-124.546476	0.161729
75000.000035	-124.482306	0.019238	-113.560180	0.041984	-108.784647	-0.310378	-110.656362	0.364418
75100.000035	-115.861658	-0.030693	-116.498180	-0.357635	-98.629266	0.420903	-119.374157	-0.154665
75200.000035	-114.017076	-0.143539	-115.655522	0.029352	-103.198821	0.012582	-115.198085	-0.128806
75300.000035	-118.311148	-0.279140	-131.098613	0.183902	-96.237353	-0.452706	-126.981827	-0.078459
75400.000035	-119.901669	-0.194554	-119.910261	0.072849	-95.843126	0.144661	-127.391743	0.145206
75500.000035	-117.728709	0.487755	-122.486756	0.445682	-99.104379	-0.022059	-118.111582	-0.462866
75600.000035	-119.791620	-0.113466	-116.124624	-0.140556	-102.191527	0.104163	-114.947638	-0.192988
75700.000035	-120.334301	-0.309165	-126.797854	-0.271307	-99.108463	0.456933	-127.838644	0.304858
75800.000035	-116.362219	-0.255940	-118.464275	0.365261	-103.102127	-0.271121	-129.198754	-0.254287
75900.000035	-120.010287	0.054358	-121.411170	-0.455867	-93.836742	0.379222	-113.278003	0.310609
76000.000035	-115.386399	-0.409066	-116.874559	-0.369248	-98.137009	-0.312603	-122.603088	-0.405930
76100.000035	-124.890682	0.498217	-117.407941	-0.330793	-90.857883	0.265904	-120.272598	-0.180027
76200.000035	-118.799553	-0.490508	-121.370723	0.152789	-99.248451	0.410532	-116.981715	0.444513
76300.000035	-119.224184	-0.498649	-126.601570	0.412847	-120.577658	-0.374714	-120.376919	0.120085
76400.000035	-114.010850	0.214323	-121.634840	0.022098	-93.865137	0.358926	-117.270823	0.473568
76500.000035	-114.551635	-0.016655	-117.687887	0.396733	-111.879176	0.455091	-118.087375	-0.360164
76600.000035	-124.420470	-0.371700	-118.913173	0.215850	-95.407420	0.233123	-117.232721	0.137448
76700.000035	-123.748448	-0.259428	-121.557389	0.467741	-102.169499	0.218601	-128.322180	0.443003
76800.000035	-116.026431	-0.229355	-119.825945	0.032135	-100.568148	0.472186	-139.505930	0.190592
76900.000035	-118.654039	0.434925	-113.954913	0.309542	-93.076741	-0.395245	-116.536055	-0.119666
77000.000035	-138.070838	0.284344	-123.088469	0.229209	-115.014158	0.414458	-111.404726	0.149377
77100.000036	-116.580556	0.355894	-118.756558	0.148953	-106.513693	-0.482579	-114.175467	0.195873
77200.000036	-126.401341	-0.038727	-124.971370	0.282214	-101.555971	-0.137998	-120.922109	0.055471
77300.000036	-119.492886	0.340008	-128.624184	0.405829	-120.725540	-0.052463	-133.528953	-0.374511
77400.000036	-124.261668	0.238936	-132.680392	-0.126575	-109.312891	-0.085748	-130.196768	-0.311145
77500.000036	-124.638583	-0.182757	-117.740028	-0.390880	-97.228780	-0.173321	-116.609416	-0.418017
77600.000036	-122.460921	0.073913	-115.675519	0.465309	-100.516634	0.424150	-118.865708	-0.305480
77700.000036	-134.372030	0.056383	-121.856719	-0.075315	-98.842135	0.301831	-125.511664	-0.270779
77800.000036	-120.049890	-0.050461	-114.502362	-0.036623	-92.442576	0.171187	-119.783368	0.098500
77900.000036	-113.682412	0.189156	-122.359989	-0.057061	-96.940213	-0.398828	-125.801135	0.386895
78000.000036	-122.227520	-0.013759	-116.318651	0.168720	-104.695681	-0.109923	-116.223818	-0.295552
78100.000036	-143.034587	0.311498	-130.447264	-0.168026	-102.454878	-0.166797	-113.792101	-0.282385
78200.000036	-114.754094	-0.301932	-122.342797	0.164672	-95.407628	-0.391624	-116.226604	-0.087680
78300.000036	-125.855514	0.120995	-122.385847	-0.092685	-92.479495	0.187947	-117.390858	0.029318
78400.000036	-128.046863	0.340771	-128.167552	-0.428794	-99.043992	-0.452249	-114.221131	-0.380720
78500.000036	-122.833800	0.441261	-126.546422	-0.402066	-103.247638	0.317241	-120.451857	0.083785
78600.000036	-115.001624	-0.119593	-116.697555	0.146870	-112.793857	-0.044596	-114.019044	-0.127466
78700.000036	-117.229144	0.461630	-126.307671	0.412914	-99.023368	0.425386	-122.260698	-0.301554
78800.000036	-117.438289	0.312039	-122.182756	0.007846	-102.213571	-0.248689	-117.957848	0.146534
78900.000036	-122.064949	-0.057689	-116.005803	0.323464	-105.111245	-0.355634	-116.009888	0.171132
79000.000036	-119.154177	0.328956	-123.690181	0.105180	-96.492878	-0.204581	-122.887403	-0.068545
79100.000036	-125.596903	-0.182343	-123.970514	-0.294082	-91.909677	-0.107775	-118.615875	-0.169371
79200.000037	-127.470388	0.482762	-118.135531	-0.119659	-93.060608	0.008092	-126.505425	-0.040445
79300.000037	-118.325235	-0.285812	-118.513613	0.231144	-98.648358	0.311981	-114.424267	-0.350323
79400.000037	-125.190870	0.222388	-118.806587	0.149736	-95.393681	-0.212234	-124.011255	-0.335472
79500.000037	-125.363454	-0.288001	-125.654772	-0.007192	-99.452686	-0.007403	-124.390707	0.150231
79600.000037	-132.604457	0.435696	-122.923454	0.242350	-98.605904	0.139674	-111.670640	-0.017736
79700.000037	-125.314725	0.139820	-123.066626	-0.001170	-93.625457	0.392248	-117.088244	-0.076493
79800.000037	-124.996058	0.373673	-125.045779	0.366962	-101.708736	0.277823	-125.596831	-0.372011
79900.000037	-114.777801	0.175895	-136.144742	-0.445295	-98.290877	-0.434375	-119.177788	-0.333265
80000.000037	-117.201749	-0.171572	-115.798014	0.387638	-105.574767	-0.139098	-121.178270	0.320312
80100.000037	-122.075181	0.256989	-121.169151	0.008870	-99.110153	-0.310906	-123.301375	-0.009616
80200.000037	-115.848940	0.049319	-119.497527	0.079357	-100.326239	0.367732	-119.066245	0.036324
80300.000037	-112.422806	-0.436784	-116.076840	0.308833	-102.712854	0.295360	-117.951732	-0.158560
80400.000037	-123.048623	0.406485	-117.446592	-0.278087	-106.200344	-0.317777	-131.139355	-0.342969
80500.000037	-118.984534	-0.061864	-126.001810	-0.322624	-99.816397	-0.416270	-107.217027	-0.217705
80600.000037	-114.517412	-0.200440	-121.676909	0.152265	-93.530844	-0.353640	-114.934522	0.276596
80700.000037	-130.909724	0.010729	-125.480257	0.288980	-101.167572	-0.213076	-119.167725	0.329343
80800.000037	-121.635745	0.338967	-121.729236	0.498847	-106.106349	0.106356	-117.590018	-0.329926
80900.000037	-129.846837	0.141542	-122.818281	0.104610	-97.353300	0.306161	-117.554548	-0.165417
81000.000037	-120.723943	-0.200911	-116.289588	-0.186868	-99.154261	0.154631	-119.219897	0.247818
81100.000037	-127.047885	0.478459	-116.400978	-0.292844	-97.333350	0.037603	-120.249491	0.285361
81200.000037	-118.215289	-0.195713	-110.548043	0.208536	-99.037150	-0.063667	-126.814530	-0.231155
81300.000037	-120.520407	-0.329936	-117.192023	0.048263	-99.193724	0.231652	-136.208135	0.138423
81400.000038	-121.297919	0.046117	-108.720931	-0.429233	-99.560295	-0.248704	-120.599199	0.302837
81500.000038	-116.499238	-0.318538	-130.324970	0.325533	-95.794814	0.024186	-124.326540	-0.476579
81600.000038	-119.870945	0.040586	-126.506704	-0.399676	-105.528796	0.155448	-124.721098	0.019437
81700.000038	-112.414040	0.378390	-125.801658	-0.071821	-93.828670	-0.383668	-113.807334	0.405087
81800.000038	-117.917707	-0.066164	-112.750186	-0.150284	-93.265983	0.277229	-117.968608	-0.073361
81900.000038	-115.402498	0.415691	-117.008749	0.251840	-100.135641	0.232864	-129.046280	-0.100299
82000.000038	-132.281996	-0.499297	-131.896980	-0.288711	-96.345072	0.482216	-116.595491	0.197538
82100.000038	-116.941289	0.232318	-122.910992	-0.005819	-101.720178	-0.164402	-120.965978	0.251836
82200.000038	-130.789964	0.085205	-126.969344	0.429911	-93.793942	0.333074	-115.070221	0.131014
82300.000038	-124.167507	0.184056	-130.425868	0.048209	-98.055998	-0.217074	-126.129235	-0.204382
82400.000038	-113.972152	0.132194	-118.719250	-0.358422	-96.308248	0.050355	-120.689829	-0.310791
82500.000038	-114.852604	0.126138	-122.842136	0.391239	-98.895211	0.483793	-112.209335	-0.368820
82600.000038	-124.577243	0.166705	-127.948784	-0.219581	-112.859796	0.158887	-119.519598	-0.204444
82700.000038	-116.031911	-0.352562	-117.455503	-0.192930	-101.421506	-0.220199	-112.792282	0.287683
82800.000038	-116.070280	-0.006609	-129.295246	-0.194517	-95.272022	-0.281155	-130.905711	0.063854
82900.000038	-119.325648	0.396903	-117.230187	-0.112920	-98.214351	-0.490387	-117.576506	-0.335384
83000.000038	-118.165070	-0.030383	-118.757393	-0.477553	-78.103649	0.097522	-111.217277	0.036316
83100.000038	-124.572270	-0.203124	-133.629561	0.264030	-106.847382	-0.478009	-119.531895	0.154796
83200.000038	-125.324995	0.445101	-122.914283	-0.070119	-99.703410	-0.252704	-112.830296	0.076667
83300.000038	-123.751350	-0.269134	-131.051539	-0.255321	-106.626674	0.085718	-134.698064	0.431649
83400.000038	-122.016840	-0.132785	-112.469859	0.020211	-98.215180	0.494239	-129.200588	0.068828
83500.000038	-122.016773	-0.464150	-110.843302	-0.319717	-102.521582	-0.159043	-118.794095	0.494746
83600.000039	-115.306140	-0.490926	-126.349700	0.098291	-105.738962	-0.432427	-113.546444	-0.359950
83700.000039	-116.618502	-0.121787	-117.982265	0.328327	-103.365264	0.379399	-116.639785	-0.404023
83800.000039	-111.626193	0.336108	-118.380037	0.345834	-93.260274	0.120021	-124.280919	-0.489367
83900.000039	-120.208762	-0.036052	-121.729202	-0.068238	-103.310981	0.303605	-121.238093	0.205808
84000.000039	-125.377562	-0.303333	-116.122869	0.079466	-96.837465	0.335345	-110.851630	0.451418
84100.000039	-117.991200	-0.435820	-115.389374	0.153498	-99.569255	0.339179	-114.904810	-0.037132
84200.000039	-121.176034	0.038550	-117.649406	-0.247810	-113.671990	0.070391	-132.051947	0.136576
84300.000039	-123.693485	-0.317775	-116.718443	0.143318	-104.367325	0.278577	-113.849199	0.193389
84400.000039	-121.264908	-0.406453	-117.569867	-0.388411	-123.511679	-0.330893	-119.285393	-0.095844
84500.000039	-114.564094	-0.213079	-124.401165	0.351177	-93.941781	0.193311	-114.298498	0.325013
84600.000039	-118.477179	0.287239	-121.567720	-0.475166	-106.438581	-0.038677	-119.372971	-0.268400
84700.000039	-129.732261	0.276226	-123.874307	-0.373897	-99.680485	-0.089846	-118.710623	-0.015393
84800.000039	-118.375307	-0.462959	-116.785221	-0.097882	-101.541615	-0.239510	-117.275127	-0.255725
84900.000039	-126.935660	-0.022947	-117.075200	0.417011	-100.881058	-0.154672	-120.693828	-0.484329
85000.000039	-124.300682	0.104345	-124.375866	0.343826	-101.683386	0.199157	-118.697491	-0.458873
85100.000039	-117.971752	-0.284256	-118.994974	-0.360017	-100.121352	0.152779	-135.723855	0.193294
85200.000039	-124.907835	-0.474054	-117.548189	0.418430	-96.398440	0.269062	-118.216225	-0.375863
85300.000039	-118.039199	0.310096	-114.707458	0.071884	-97.925883	-0.083864	-117.866654	0.388254
85400.000039	-119.253627	-0.459828	-114.808989	0.036088	-113.223938	0.016721	-125.503847	0.035273
85500.000039	-146.796083	-0.013196	-125.107218	-0.475873	-107.911467	0.158621	-110.612901	-0.450928
85600.000039	-133.736938	0.471005	-120.422674	0.229228	-104.983559	-0.101953	-115.305065	0.054483
85700.000040	-131.847633	0.298135	-113.675606	0.121320	-104.555613	0.029947	-116.002859	-0.485602
85800.000040	-119.724790	0.278239	-120.326405	0.282144	-98.544254	0.240860	-129.014497	-0.260296
85900.000040	-121.463955	-0.467140	-123.148775	-0.007696	-105.024124	0.479196	-119.660957	0.182576
86000.000040	-118.035847	-0.333533	-124.865113	0.245143	-92.185034	0.239375	-124.060617	0.327984
86100.000040	-124.055712	-0.205943	-124.593347	0.018827	-96.479008	0.061624	-117.831586	-0.040611
86200.000040	-116.629041	0.299251	-127.085325	-0.110055	-109.081826	0.438431	-116.113175	0.484796
86300.000040	-117.111823	0.288281	-117.952354	-0.146585	-103.637740	-0.062676	-121.264323	-0.257065
86400.000040	-123.145496	0.455817	-129.049915	0.088460	-99.439358	0.102087	-124.768523	-0.430519
86500.000040	-129.358378	0.409129	-117.232766	-0.379555	-107.552521	0.181462	-117.166718	-0.046148
86600.000040	-113.753800	0.364304	-130.989120	-0.089523	-108.044659	0.384890	-126.799402	-0.368661
86700.000040	-119.593800	-0.441308	-121.439299	-0.090077	-97.216830	0.146423	-122.780839	-0.129918
86800.000040	-119.819122	0.071069	-117.139044	0.226643	-99.878996	0.462789	-118.225801	0.225210
86900.000040	-121.394881	-0.410810	-125.910810	-0.041353	-101.743245	0.122110	-126.448839	-0.059203
87000.000040	-127.458538	0.099361	-120.043420	0.249939	-106.910038	-0.183345	-117.850007	0.476733
87100.000040	-116.955417	-0.246271	-122.309980	-0.099576	-97.270526	-0.343248	-118.450286	0.017241
87200.000040	-118.690792	-0.469300	-114.435632	0.441182	-99.691353	-0.440135	-130.950057	0.235972
87300.000040	-117.773230	0.248395	-117.760334	-0.447365	-99.476615	-0.115388	-117.493671	-0.477655
87400.000040	-123.817657	-0.323898	-126.587412	0.228854	-101.631899	0.199545	-122.405048	0.388168
87500.000040	-115.054222	0.363470	-116.583273	0.206461	-96.693598	-0.375180	-116.578223	-0.138440
87600.000040	-121.505834	-0.051219	-121.891409	0.355437	-94.486652	-0.097697	-116.898742	0.184898
87700.000040	-116.681068	0.270358	-122.480468	-0.094287	-93.741921	0.004279	-118.991499	0.428122
87800.000040	-118.054912	0.398556	-115.481787	0.214546	-106.327503	0.041064	-129.223942	0.136927
87900.000041	-119.577483	0.253453	-117.742848	-0.006852	-101.664105	-0.481129	-113.765456	-0.042284
88000.000041	-119.216476	-0.439689	-119.624301	0.181849	-97.458325	-0.102596	-122.007021	-0.104772
88100.000041	-117.989951	-0.351895	-123.460997	0.045564	-96.580817	0.390785	-125.718295	0.084635
88200.000041	-115.733277	0.149772	-128.413560	-0.452680	-94.867898	-0.362529	-128.738734	-0.431430
88300.000041	-139.973750	0.485690	-124.967858	0.158188	-101.321139	-0.120023	-121.767380	-0.175338
88400.000041	-124.210381	-0.164854	-122.701477	0.490912	-96.892860	0.190851	-118.256449	-0.334444
88500.000041	-120.902902	0.039315	-130.105962	0.017328	-97.076332	-0.184169	-118.687378	0.023201
88600.000041	-121.111785	-0.175385	-126.168517	0.061769	-96.778968	0.284064	-118.798960	-0.026706
88700.000041	-114.506157	-0.302565	-113.859195	0.405633	-101.193303	0.372736	-115.837065	-0.475498
88800.000041	-113.231326	-0.282586	-121.330530	-0.024968	-100.195665	-0.398212	-118.777180	0.296760
88900.000041	-114.766736	0.328815	-110.493631	-0.135543	-97.442673	0.191388	-112.770062	-0.358196
89000.000041	-129.260387	0.065088	-114.416335	0.285041	-104.586992	-0.322023	-114.755367	0.136807
89100.000041	-134.115317	-0.196685	-113.037259	-0.304215	-100.195060	0.050133	-117.434726	0.012430
89200.000041	-121.238313	0.284258	-120.414965	0.452731	-97.984486	-0.158150	-116.640011	0.279132
89300.000041	-117.955456	-0.008929	-124.496234	0.223713	-103.881613	-0.299408	-115.204665	0.103618
89400.000041	-124.639056	-0.310961	-133.618604	-0.466101	-97.975762	0.005239	-116.393506	-0.301705
89500.000041	-120.260206	-0.370012	-112.679155	-0.221288	-97.684501	-0.304269	-116.222411	0.499329
89600.000041	-122.548244	0.388566	-125.887377	0.225172	-100.102171	0.256681	-116.686676	0.251905
89700.000041	-118.435939	0.216915	-118.793601	0.241504	-104.081997	0.393666	-123.335563	-0.493550
89800.000041	-121.995558	0.299744	-116.706566	-0.132175	-98.284900	0.357147	-142.074398	0.415495
89900.000041	-113.250578	-0.487105	-115.252768	0.391089	-96.001086	0.193300	-111.298500	0.348700
90000.000041	-133.880365	0.148675	-118.868411	0.314619	-96.622637	-0.255991	-111.632559	-0.196342
90100.000042	-113.628364	0.380382	-127.204890	-0.031474	-102.459027	-0.005889	-110.781056	0.437353
90200.000042	-124.926646	0.165164	-122.712281	-0.168291	-95.143851	0.195579	-115.122795	0.197478
90300.000042	-124.239593	0.286931	-111.273037	-0.024292	-99.394202	-0.261747	-129.795763	0.129603
90400.000042	-117.988280	0.368987	-119.592777	0.432919	-100.023484	-0.103923	-116.622861	-0.431198
90500.000042	-112.770105	0.117494	-134.612053	0.067700	-107.804015	0.098618	-119.174216	-0.329425
90600.000042	-125.793350	0.481201	-115.527279	-0.270282	-98.009580	-0.007158	-125.564007	0.412937
90700.000042	-129.788893	0.330923	-124.816486	0.235849	-107.145872	-0.123538	-118.190635	-0.217712
90800.000042	-119.991626	-0.187905	-122.790320	0.307115	-106.108927	0.474280	-117.779269	-0.355704
90900.000042	-118.957836	-0.389323	-115.394365	0.217504	-94.341906	0.366895	-117.039281	0.436391
91000.000042	-117.571373	0.400916	-128.967910	-0.361321	-95.953593	-0.186992	-115.840186	0.454734
91100.000042	-113.653167	0.295909	-114.175065	0.061607	-99.294591	0.065030	-117.252831	-0.124089
91200.000042	-119.240604	0.481109	-120.568619	-0.451120	-110.971985	-0.152806	-128.396542	0.096598
91300.000042	-115.899528	0.215962	-117.276336	0.367587	-110.988707	0.285813	-117.720002	-0.428343
91400.000042	-113.146502	-0.148217	-120.674076	0.168855	-102.163790	-0.034569	-130.179022	0.004394
91500.000042	-118.473159	-0.110321	-118.091170	-0.412417	-96.406965	0.163503	-117.427775	0.463999
91600.000042	-121.569108	-0.417292	-116.301622	-0.329673	-100.547199	-0.327632	-114.547857	-0.259890
91700.000042	-118.610083	0.122797	-121.423500	0.230437	-101.329216	0.293705	-117.813348	-0.131994
91800.000042	-112.918196	-0.200651	-113.522608	0.217911	-93.979478	-0.405215	-116.898983	0.243303
91900.000042	-134.192948	0.157744	-116.217337	0.499844	-100.554320	-0.076963	-112.451183	0.394309
92000.000042	-110.006008	-0.448497	-122.886429	-0.273407	-101.622642	-0.470524	-127.045624	-0.304396
92100.000042	-112.121152	0.372519	-114.989511	0.064367	-102.337915	0.477759	-122.366175	-0.149894
92200.000043	-130.075615	0.051265	-116.875545	-0.352423	-98.098899	0.397364	-113.774281	-0.494413
92300.000043	-115.919864	0.396431	-117.446994	-0.347701	-92.724906	0.172174	-116.104647	-0.099809
92400.000043	-118.421712	-0.464156	-127.105567	0.482854	-99.274754	0.219957	-116.429038	-0.218423
92500.000043	-121.506162	0.123464	-114.638795	0.310633	-99.121791	0.063761	-106.617582	0.449263
92600.000043	-118.162156	0.230338	-114.296176	-0.146933	-96.450179	0.467877	-120.539894	0.168527
92700.000043	-111.607213	-0.373003	-112.988581	-0.280549	-97.001122	-0.389943	-117.456004	-0.154020
92800.000043	-111.416146	0.018034	-122.417378	-0.367855	-121.806439	0.390523	-119.703626	-0.180457
92900.000043	-124.696368	-0.338822	-120.265035	-0.313603	-94.396537	-0.445807	-113.989815	0.108013
93000.000043	-116.668617	0.193175	-119.578773	0.146760	-95.634189	0.289593	-109.983382	-0.316553
93100.000043	-115.029487	0.006896	-122.318137	-0.009616	-95.550221	-0.292844	-115.561152	0.180007
93200.000043	-122.158614	-0.240501	-120.492235	0.342489	-102.154938	0.296054	-124.203699	-0.075800
93300.000043	-128.892309	0.222249	-117.847664	-0.229913	-96.544037	0.387271	-117.367610	-0.312746
93400.000043	-113.359798	0.177866	-116.070205	-0.030570	-103.418474	-0.365991	-116.693311	-0.450637
93500.000043	-110.843554	0.071040	-125.333640	0.092736	-99.995946	-0.237535	-111.508064	-0.469984
93600.000043	-121.073899	0.253323	-112.958715	0.307546	-107.635358	-0.459661	-122.790764	0.423750
93700.000043	-143.225316	0.422594	-115.711510	0.012740	-103.361633	0.160672	-117.043948	0.021718
93800.000043	-128.456029	0.018552	-116.915564	0.061623	-114.551128	0.280448	-116.225008	0.212968
93900.000043	-117.820481	0.285346	-123.942935	0.176465	-99.865767	-0.257443	-114.511465	0.340477
94000.000043	-119.856437	0.395826	-124.767860	0.499771	-98.273238	0.372805	-115.309146	-0.384607
94100.000043	-116.016928	0.283450	-116.250132	-0.435611	-101.117733	0.095625	-118.999328	-0.018475
94200.000043	-118.519092	-0.169785	-113.474035	0.006761	-93.250633	-0.052867	-119.039203	-0.160032
94300.000043	-114.246252	0.383329	-115.205406	-0.057364	-99.071406	-0.433649	-129.814183	-0.453711
94400.000044	-117.533806	-0.400420	-110.399443	0.315401	-99.257988	-0.371191	-127.450974	0.027768
94500.000044	-115.991591	-0.145310	-111.254474	0.465208	-122.390629	0.156317	-117.629763	0.487820
94600.000044	-117.438683	-0.192450	-111.646590	-0.385252	-94.847019	-0.098627	-121.158151	0.120809
94700.000044	-125.596839	0.406810	-114.384589	0.437420	-99.734152	0.471630	-114.377617	-0.223281
94800.000044	-112.070884	-0.162977	-119.503728	0.151114	-103.300765	-0.199831	-127.765820	0.004044
94900.000044	-112.302032	0.222674	-126.234032	-0.268241	-98.735131	-0.295679	-113.969814	0.142888
95000.000044	-115.454954	0.425896	-119.868526	-0.148745	-98.268391	0.120836	-111.334470	0.493391
95100.000044	-122.766543	-0.347364	-117.526795	0.075020	-101.395880	-0.269007	-119.929082	-0.094669
95200.000044	-123.659394	-0.462878	-121.486704	-0.213225	-105.221372	0.226705	-113.604497	0.297178
95300.000044	-112.829337	-0.157965	-120.728277	0.403016	-102.369811	0.369793	-121.076288	-0.036794
95400.000044	-113.592969	-0.362056	-120.667603	0.064419	-100.908781	-0.174202	-117.672396	0.398241
95500.000044	-126.404346	-0.476898	-121.546377	-0.496346	-93.941359	-0.370737	-118.017946	0.084792
95600.000044	-116.203399	-0.422207	-112.289486	-0.301332	-102.228670	-0.373767	-116.483460	-0.278027
95700.000044	-118.735311	-0.319942	-115.510286	-0.289348	-105.153379	0.428663	-121.420548	-0.030115
95800.000044	-111.790314	-0.293976	-113.680815	0.420997	-96.998875	-0.321476	-131.405804	-0.080594
95900.000044	-116.129959	0.197239	-118.514953	0.296056	-94.132932	-0.439232	-115.072178	0.030869
96000.000044	-115.600769	0.434201	-119.920335	0.039526	-100.896444	-0.182524	-106.300614	-0.377777
96100.000044	-115.169345	0.344363	-111.952127	0.138752	-96.695539	-0.138313	-113.614617	0.363196
96200.000044	-118.042231	-0.292228	-122.101804	-0.385155	-97.175181	0.095821	-118.458654	-0.076676
96300.000044	-122.383141	-0.268955	-110.707771	-0.085513	-98.282659	0.235144	-131.477627	0.046079
96400.000044	-113.073871	0.388385	-113.823749	-0.152693	-102.455842	-0.464918	-133.879413	0.346124
96500.000044	-112.658426	0.252479	-123.712619	0.256623	-94.167963	-0.139032	-120.230048	0.425824
96600.000045	-124.915796	-0.297477	-113.430697	-0.360419	-99.086374	-0.418467	-115.403647	-0.362347
96700.000045	-124.731506	0.148147	-125.921384	-0.202927	-101.416745	0.302670	-113.166235	-0.331969
96800.000045	-114.060204	0.435214	-109.840860	-0.302296	-99.473917	-0.046578	-114.959400	0.241872
96900.000045	-115.022654	-0.199883	-120.674618	0.483427	-95.432325	0.238206	-120.486778	-0.431218
97000.000045	-119.136149	0.393814	-115.919273	0.424144	-91.381290	-0.432233	-115.928249	0.241136
97100.000045	-125.142145	0.368710	-107.276926	-0.436305	-100.569619	-0.084452	-117.434507	0.086430
97200.000045	-114.128623	0.276128	-118.867098	-0.186145	-99.625235	-0.390043	-121.960110	0.219535
97300.000045	-119.072244	-0.058142	-113.809143	-0.491578	-99.495640	-0.022799	-136.155650	-0.158716
97400.000045	-121.036988	-0.357931	-125.598479	-0.453740	-98.189569	-0.394969	-114.481062	-0.133594
97500.000045	-116.328348	0.389472	-115.145713	-0.103699	-101.206255	0.144057	-115.862710	0.345269
97600.000045	-114.263163	0.009922	-132.698584	0.335177	-96.994479	0.391082	-112.618380	0.200532
97700.000045	-122.560524	-0.384276	-113.162973	0.343174	-99.740402	0.002234	-110.141252	0.427181
97800.000045	-112.187016	-0.157923	-116.385460	0.456457	-98.216252	0.175993	-125.748811	0.266530
97900.000045	-112.283427	-0.138358	-109.770975	0.407790	-99.404918	0.090040	-116.857250	-0.046612
98000.000045	-111.260468	-0.344067	-110.203469	-0.151128	-95.331266	-0.389311	-109.768875	0.398381
98100.000045	-114.697138	0.216446	-110.963638	0.346369	-97.045995	0.249928	-113.212194	-0.227139
98200.000045	-111.668861	0.407657	-124.639662	0.405742	-92.206816	-0.132953	-119.461870	0.391701
98300.000045	-112.376928	0.293887	-110.471776	-0.223832	-92.741384	-0.213256	-116.971095	-0.212286
98400.000045	-120.397934	-0.277248	-128.314275	0.330467	-94.916234	0.330289	-121.437528	0.005080
98500.000045	-113.914843	0.181494	-115.142965	0.022920	-98.071974	-0.485911	-107.093504	0.233340
98600.000045	-111.442549	-0.099231	-111.326843	0.184389	-103.751616	0.397976	-121.554196	0.305008
98700.000045	-124.413221	0.412998	-117.145346	0.410419	-100.395562	-0.355821	-119.021916	0.316289
98800.000046	-119.250241	-0.015009	-112.105446	-0.220003	-103.000368	-8.994240E-5	-111.786648	-0.013902
98900.000046	-117.058974	0.454129	-119.581910	0.400294	-94.434728	-0.058796	-124.412129	-0.268286
99000.000046	0.000000	0.000000	0.000000	0.000000	0.000000	0.000000	0.000000	0.000000
