% f6.txt
% Date Sat, Jun 26, 2021 5:06 PM
% Sine seq
% Response spectrum
% Stim level (V pk) 0.500, 0 dB filter gain, 120.0 dB attenuation
% Stim RMS (V) 0.000
% Freq [Hz]	Ch0 Mag [dB]	Ch0 Phase [cyc]	Ch1 Mag [dB]	Ch1 Phase [cyc]	Ch2 Mag [dB]	Ch2 Phase [cyc]	Ch3 Mag [dB]	Ch3 Phase [cyc]
%%end
10.000000	-109.920985	-0.067327	-121.100418	0.137190	-96.829663	-0.111403	-120.410086	-0.312172
20.000000	-129.760570	-0.228326	-119.127071	0.186137	-90.215941	-0.077376	-116.286629	0.150826
30.000000	-120.969598	-0.477054	-120.174468	-0.113934	-84.929206	0.257552	-119.233693	0.379327
40.000000	-122.827010	-0.306792	-122.407138	0.482379	-79.402049	0.308272	-114.915686	0.469933
50.000000	-117.481329	0.276990	-123.636854	0.246540	-92.416760	0.224058	-123.017529	0.138151
60.000000	-97.615198	-0.285143	-89.718104	-0.006254	-69.911849	0.216681	-101.635768	0.459480
70.000000	-126.980021	-0.240764	-123.077838	-0.002841	-72.902513	0.183172	-131.825202	-0.476255
80.000000	-120.205281	0.247886	-130.280918	0.459145	-82.560088	0.033514	-131.870913	-0.140616
90.000000	-142.391336	-0.406551	-118.200992	-0.450320	-77.779763	0.467072	-119.413920	0.443860
100.000000	-121.985251	0.329214	-115.526453	0.276373	-24.738933	0.456665	-23.028062	-0.266133
110.000000	-120.636803	-0.217507	-127.431942	-0.170519	-75.153246	-0.251396	-122.022602	-0.225360
120.000000	-124.660710	-0.418401	-117.071435	-0.175905	-83.722939	0.333670	-120.432319	0.248913
130.000000	-117.894084	0.269048	-133.879505	0.241781	-78.618574	-0.389587	-120.232411	0.065954
140.000000	-124.100471	-0.409361	-126.820909	0.345005	-84.783496	-0.389472	-126.369953	0.160356
150.000000	-121.329073	0.300836	-120.892309	0.173958	-68.727553	-0.230973	-133.663695	0.288629
160.000000	-123.774689	0.259195	-135.631896	-0.281275	-68.250035	-0.397769	-123.233030	-0.406506
170.000000	-118.810456	-0.345633	-122.236520	0.194375	-70.860822	-0.075341	-126.932910	0.462781
180.000000	-108.161323	-0.452320	-95.091016	0.489509	-79.044753	-0.035420	-96.055757	-0.131736
190.000000	-126.607412	-0.124677	-123.014845	-0.114377	-75.637059	-0.457548	-123.727791	-0.062382
200.000000	-121.392123	0.464314	-123.571847	0.369656	-30.978241	-0.441429	-90.582934	0.438303
210.000000	-121.163880	-0.073070	-126.891367	-0.428679	-81.608795	-0.320075	-130.935493	-0.042910
220.000000	-125.967091	-0.437720	-118.960316	-0.149460	-84.096807	-0.237675	-123.646155	-0.407978
230.000000	-132.585701	0.291677	-120.903270	0.399865	-82.673212	-0.119294	-132.321362	0.155893
240.000000	-125.537228	0.100673	-123.085852	0.053066	-74.478236	-0.113786	-128.756687	-0.489677
250.000000	-132.522105	0.210661	-124.163363	-0.310082	-71.879163	0.376820	-122.081217	-0.161103
260.000000	-133.371754	0.473808	-124.372046	-0.021812	-71.064802	-0.220793	-129.716104	0.143557
270.000000	-129.007855	-0.378591	-125.668571	0.221989	-84.245248	0.349382	-135.648173	-0.420539
280.000000	-123.516897	-0.301315	-131.469110	0.081075	-75.010054	-0.007236	-120.985047	-0.085464
290.000000	-117.147588	-0.033114	-117.323310	0.012500	-69.197497	0.181127	-124.387285	-0.316547
300.000000	-113.685294	0.489360	-107.322026	0.000930	-64.518036	-0.439029	-101.727263	0.246486
310.000000	-122.323697	-0.247764	-118.729311	0.081291	-80.188615	0.361744	-130.276342	-0.244662
320.000000	-132.283307	0.105818	-123.299852	0.479866	-75.101502	0.311066	-127.302645	0.375668
330.000000	-121.957925	-0.355147	-124.975652	-0.480539	-73.283081	-0.268111	-124.836925	-0.350997
340.000000	-132.086661	0.406254	-122.498233	0.028918	-76.642565	-0.118023	-125.457253	0.427133
350.000000	-122.368315	0.388799	-120.104354	-0.091417	-81.237222	0.276154	-127.568433	-0.298667
360.000000	-129.213936	0.366382	-120.971534	-0.158069	-77.732476	-0.019626	-124.078780	-0.270829
370.000000	-133.825731	-0.391597	-124.554184	-0.016903	-71.559757	0.471372	-128.867512	-0.012208
380.000000	-120.771539	0.248116	-129.569045	-0.287215	-82.281970	0.040089	-138.925712	0.154327
390.000000	-121.239369	-0.459073	-127.410415	-0.088884	-87.542140	0.322839	-127.165725	-0.439516
400.000000	-124.485707	0.260763	-129.117987	0.288357	-82.019257	0.347539	-91.377944	0.431519
410.000000	-126.444983	-0.145944	-123.669457	-0.215979	-71.914673	0.426182	-127.068848	0.303898
420.000000	-122.967582	-0.095271	-123.402918	0.062184	-72.619966	-0.025611	-118.678703	-0.441019
430.000000	-159.695568	0.448597	-126.345810	-0.090671	-78.672980	-0.211376	-135.566049	0.410946
440.000000	-128.462312	-0.177872	-124.684099	-0.004434	-73.537517	0.305719	-126.330057	0.030172
450.000000	-121.307632	-0.382371	-128.447460	-0.296491	-71.959382	-0.000641	-129.145857	-0.386633
460.000000	-128.018778	-0.064071	-122.201374	0.297654	-73.966141	-0.372630	-121.744610	0.456701
470.000000	-123.727849	-0.212101	-119.569479	-0.379038	-75.491124	0.161443	-124.043264	0.066158
480.000000	-116.943886	0.178770	-124.760347	-0.051960	-81.960941	-0.443220	-128.687572	0.428398
490.000000	-125.765241	0.131576	-134.884312	-0.089664	-70.368628	0.085171	-122.858804	-0.128088
500.000000	-119.472187	-0.104445	-120.854521	-0.385948	-69.742073	0.114027	-98.748498	-0.371189
510.000000	-130.459360	0.003923	-130.395152	-0.087622	-77.864384	0.180810	-126.886959	-0.359393
520.000000	-130.185300	-0.271843	-122.196014	-0.448230	-72.072828	0.267901	-125.618196	0.182446
530.000000	-125.586323	-0.216847	-121.714964	-0.184314	-79.766146	0.230400	-129.695637	0.020679
540.000000	-129.080212	0.018354	-131.846291	-0.276953	-76.794512	-0.247947	-122.480499	-0.270960
550.000000	-129.257536	0.472441	-132.927530	-0.058388	-84.236804	-0.040017	-139.746792	-0.069499
560.000000	-129.094393	0.334465	-133.452296	0.101205	-74.121565	-0.085035	-128.314348	0.216124
570.000001	-121.916757	0.297153	-122.032639	-0.166418	-88.524779	0.440717	-126.847052	-0.354837
580.000001	-138.571368	0.083504	-130.038343	-0.047652	-90.747826	-0.022632	-132.097724	-0.458654
590.000001	-126.740775	-0.382379	-128.335509	-0.414616	-78.271966	-0.154226	-128.867632	-0.074274
600.000001	-131.708346	0.313150	-120.911162	-0.015633	-72.319505	-0.327370	-98.145488	-0.092902
610.000001	-125.595223	0.135051	-126.015162	-0.173186	-83.822574	0.105341	-130.615158	-0.083256
620.000001	-132.578835	0.268715	-138.364815	0.194807	-83.869021	0.130337	-132.463592	0.035165
630.000001	-124.327611	0.117046	-127.958492	-0.139644	-77.927891	0.476947	-129.427092	0.231945
640.000001	-128.712686	0.175093	-130.114691	-0.494261	-77.854100	-0.436378	-125.693602	-0.323790
650.000001	-129.235031	-0.189635	-123.842247	0.448072	-81.795119	-0.247108	-122.280989	0.169885
660.000001	-125.343442	-0.049754	-134.533887	0.190889	-79.700281	0.063544	-136.902218	-0.266090
670.000001	-133.555175	0.444980	-123.517916	-0.416225	-77.639871	-0.238661	-130.640075	0.050187
680.000001	-129.489786	-0.130825	-123.445169	-0.262960	-80.499756	-0.458498	-121.162357	-0.471631
690.000001	-122.023703	-0.168209	-121.430296	0.288679	-77.703468	0.180706	-123.186311	0.276294
700.000001	-128.342208	0.353079	-128.272604	0.265637	-79.759038	0.468664	-98.417932	-0.372488
710.000001	-127.427202	0.434510	-126.205844	0.440300	-76.106901	-0.291498	-124.294103	-0.077278
720.000001	-126.343001	0.401627	-123.731642	0.436191	-84.268049	0.307459	-131.707190	-0.407882
730.000001	-134.899205	0.371493	-124.342982	0.184616	-80.969590	0.445579	-133.749941	0.293518
740.000001	-128.520441	-0.426855	-121.236885	-0.179360	-78.715309	0.111557	-132.098731	-0.117317
750.000001	-127.531851	0.420517	-130.986278	-0.231582	-77.199009	0.261286	-119.704307	-0.325810
760.000001	-127.451509	0.365605	-123.672575	-0.252830	-78.716232	-0.258439	-131.142724	0.151508
770.000001	-121.411696	0.195507	-124.554818	0.034568	-88.198038	-0.320796	-116.911690	0.130022
780.000001	-132.661034	0.209328	-120.651442	-0.026714	-80.773229	-0.252060	-125.126631	-0.082786
790.000001	-128.952467	-0.323211	-120.769409	-0.083143	-85.557299	-0.031842	-135.954538	-0.139557
800.000001	-125.307846	-0.235912	-126.414127	-0.421881	-81.239940	-0.426455	-94.895835	-0.127600
810.000001	-125.258554	0.395180	-126.272196	0.155719	-84.604272	-0.419098	-119.456598	0.106042
820.000001	-134.738804	0.231103	-123.284428	0.469807	-77.526582	0.369101	-126.618819	0.389207
830.000001	-139.542383	-0.444805	-122.141777	0.217467	-81.026694	-0.152253	-123.499407	0.425525
840.000001	-121.971642	0.301414	-149.360544	0.335861	-75.245523	-0.305453	-122.778801	-0.417636
850.000001	-133.079463	0.322339	-130.153271	-0.267451	-77.213157	0.361556	-136.408620	-0.209623
860.000001	-119.817741	-0.440770	-127.751914	-0.122322	-74.052109	-0.421584	-132.245541	-0.194912
870.000001	-129.570699	-0.436479	-131.988921	0.153412	-75.524992	-0.086176	-123.125590	-0.331234
880.000001	-129.340177	-0.197558	-122.552811	-0.232425	-73.600052	0.396430	-122.179181	0.169630
890.000001	-139.387092	0.316620	-125.464070	-0.292491	-81.199049	-0.346338	-123.233375	-0.426158
900.000001	-123.541800	-0.052052	-134.714751	0.183574	-77.540157	0.378737	-98.391007	-0.396137
910.000001	-130.730522	-0.254766	-120.478090	0.382966	-77.593245	0.155957	-126.998215	-0.328351
920.000001	-126.212874	-0.263265	-128.788840	-0.056332	-90.667637	-0.172114	-127.090510	-0.080307
930.000001	-122.407645	0.101636	-123.583275	0.333597	-80.997883	0.207028	-131.148812	-0.133443
940.000001	-118.561120	-0.239700	-123.420351	0.367127	-91.497413	-0.287033	-130.009273	-0.408821
950.000001	-133.739508	0.301922	-129.916113	-0.058207	-94.041247	0.005963	-134.210183	-0.201015
960.000001	-135.282707	0.218040	-129.844209	0.143008	-71.451277	0.236802	-134.395566	0.065765
970.000001	-122.626529	0.256269	-123.172887	-0.343269	-78.796921	0.471834	-122.924032	0.038953
980.000001	-142.554378	0.211195	-136.718159	-0.497255	-76.937374	0.406781	-128.062894	-0.240178
990.000001	-117.273261	0.137448	-123.922937	0.215112	-87.815752	0.313617	-137.394291	0.069849
1000.000001	-116.806773	-0.387954	-122.587044	-0.464599	-80.075321	-0.023102	-112.108467	0.300829
1010.000001	-130.071326	0.005630	-123.312928	-0.417595	-81.669327	0.476764	-125.767347	0.231460
1020.000001	-132.786360	-0.204563	-148.754712	-0.345643	-77.619524	0.332645	-129.430846	-0.106833
1030.000001	-120.523147	0.132226	-132.068730	0.160855	-79.089169	0.020795	-119.995074	-0.305162
1040.000001	-125.533746	-0.303994	-123.932375	-0.206722	-85.195710	-0.273978	-127.715418	0.066486
1050.000001	-133.984727	-0.114085	-122.633159	-0.491792	-77.316038	-0.432539	-125.045281	-0.240315
1060.000001	-138.441384	-0.415708	-118.856896	0.151793	-102.622729	-0.045446	-124.009139	0.098154
1070.000001	-150.793001	-0.445820	-117.730643	-0.364728	-88.394643	0.175848	-131.414533	0.149209
1080.000001	-147.052162	0.490318	-136.014989	0.130257	-79.192128	0.268551	-125.413825	0.194490
1090.000001	-122.772563	-0.058833	-131.348383	0.381737	-88.967853	0.073757	-120.621309	-0.307193
1100.000001	-118.406068	-0.047263	-122.645967	0.366929	-106.648105	0.204304	-110.855979	-0.453294
1110.000001	-121.941887	0.290087	-120.350396	-0.171307	-82.135766	-0.289118	-123.830715	-0.458534
1120.000001	-134.063357	0.301757	-123.270782	-0.240229	-82.239530	-0.132466	-125.464446	0.137428
1130.000001	-130.611518	0.347711	-123.651788	-0.376253	-75.929576	-0.135502	-125.727137	-0.139075
1140.000001	-125.995611	0.093367	-117.257639	0.223715	-87.461538	0.112221	-124.758466	0.334312
1150.000001	-127.333976	-0.323104	-124.980978	-0.208847	-78.766455	-0.377640	-121.542965	0.099277
1160.000001	-125.191192	0.011561	-135.141419	-0.043352	-77.942661	-0.101238	-128.751433	-0.031255
1170.000001	-122.660232	-0.219853	-118.274199	-0.437211	-79.702940	-0.045750	-122.680770	-0.468266
1180.000001	-122.683125	0.207930	-125.156945	0.446843	-84.307331	0.354684	-136.342760	0.113295
1190.000001	-134.856911	-0.367359	-122.419859	-0.385461	-91.667802	0.126637	-127.513081	0.245127
1200.000001	-127.696844	-0.425696	-126.129359	-0.213590	-82.314559	0.219221	-114.341193	-0.260832
1210.000001	-127.057799	0.223963	-127.408201	-0.220839	-73.309981	-0.045445	-124.770578	-0.236828
1220.000001	-127.934069	0.222397	-128.237799	-0.182375	-79.776751	0.398843	-140.700365	-0.395344
1230.000001	-123.531682	0.061526	-111.705286	0.111412	-80.459061	0.498532	-125.928598	0.052314
1240.000001	-122.627606	0.042286	-120.793538	-0.118571	-75.556440	-0.246092	-126.300687	-0.336902
1250.000001	-131.548793	-0.130610	-125.822915	0.384202	-77.238903	-0.007719	-127.028772	0.223900
1260.000001	-132.422934	-0.200309	-116.887010	0.014006	-92.102291	0.075109	-128.975240	-0.480380
1270.000001	-128.289157	0.417823	-114.270295	0.346924	-78.927769	0.238436	-129.250231	0.237913
1280.000001	-125.560243	-0.237062	-117.650062	0.222974	-92.511291	0.229782	-125.168006	0.161368
1290.000001	-122.968624	-0.366265	-126.479656	0.168046	-78.776148	-0.182652	-130.901105	-0.026657
1300.000001	-118.923522	-0.006746	-110.621263	-0.395715	-84.533720	0.371164	-101.911174	0.034393
1310.000001	-121.863997	0.347007	-120.978044	-0.424850	-75.114607	-0.179437	-130.302603	0.156406
1320.000001	-137.682990	0.412637	-126.333500	-0.277477	-83.860873	-0.149072	-124.836641	-0.024984
1330.000001	-122.579139	0.169185	-116.929204	0.169721	-83.181610	0.456586	-124.803099	-0.337691
1340.000001	-127.528664	-0.087232	-120.818459	-0.047771	-87.788889	-0.456928	-125.936663	0.140169
1350.000001	-129.029695	-0.321359	-117.943183	0.241510	-94.230487	-0.402007	-124.188463	-0.246590
1360.000001	-130.815895	0.091018	-115.680444	-0.081470	-81.574059	0.280261	-137.687005	-0.423310
1370.000001	-129.023916	0.225907	-117.001108	0.234075	-74.895037	0.039917	-130.995189	0.127191
1380.000001	-146.100092	0.194769	-119.199642	0.224078	-96.268645	0.029326	-126.343846	0.117290
1390.000001	-126.228550	-0.373281	-112.355107	0.250541	-81.481712	-0.295529	-129.406802	0.464842
1400.000001	-126.576073	-0.297777	-123.507170	0.073475	-77.788587	-0.351050	-105.489275	-0.236730
1410.000001	-128.154189	0.093094	-123.445116	0.265952	-75.672714	0.312068	-125.318284	0.104875
1420.000001	-125.021724	-0.099739	-116.356945	-0.431244	-86.122087	-0.108350	-124.208687	0.146985
1430.000001	-119.603389	0.203837	-121.884717	-0.398710	-87.527412	0.069934	-124.659827	0.367265
1440.000001	-121.080199	0.257210	-123.925164	-0.241441	-82.870006	0.160491	-133.139536	-0.445714
1450.000001	-138.588524	-0.428570	-122.839467	0.020841	-72.547257	0.009140	-123.594156	-0.225194
1460.000001	-132.428157	0.132027	-141.416875	0.494580	-81.014909	-0.000949	-119.771369	0.228702
1470.000001	-134.670151	-0.167536	-115.987621	0.348796	-82.463185	-0.443500	-124.875580	0.058758
1480.000001	-128.724562	-0.422453	-120.385004	0.051957	-99.164018	0.025053	-129.107281	0.083884
1490.000001	-126.229178	-0.409747	-126.377846	0.381161	-89.351503	0.345784	-125.889716	0.464634
1500.000001	-129.094314	-0.428530	-116.312172	0.360073	-80.698489	-0.457852	-130.938487	-0.192063
1510.000001	-126.318334	-0.042623	-120.335730	0.082054	-78.399509	0.414426	-123.123431	-0.195003
1520.000001	-118.673671	0.438665	-118.794591	-0.184855	-79.301274	0.093191	-122.708658	0.042064
1530.000001	-125.669662	-0.166589	-121.389923	-0.334041	-74.306710	0.218551	-130.329171	0.134984
1540.000001	-125.231443	-0.210179	-136.470194	0.064672	-81.166025	-0.053982	-129.120518	-0.074338
1550.000001	-132.568883	0.051961	-121.785130	-0.008162	-80.085493	-0.112154	-125.119494	-0.388333
1560.000001	-127.811387	0.057464	-121.976316	-0.091387	-88.424029	0.127959	-122.136512	0.298812
1570.000001	-123.277525	-0.085731	-129.315705	0.192280	-78.338371	0.045252	-125.586008	-0.377527
1580.000001	-125.721464	0.007192	-131.364029	-0.305668	-94.920520	-0.004206	-124.165913	0.186490
1590.000001	-122.845809	0.021608	-122.928316	-0.350534	-83.231128	-0.149943	-125.710049	0.372962
1600.000001	-126.134550	-0.325860	-123.238376	-0.482899	-80.460773	-0.207599	-106.925321	0.234793
1610.000001	-132.819143	-0.335887	-122.572657	0.188008	-89.699977	0.181913	-132.737749	-0.446829
1620.000001	-138.051334	-0.081528	-122.329403	-0.252326	-75.484914	-0.421422	-146.237468	0.007364
1630.000001	-124.131031	0.215044	-127.005584	0.299518	-80.219563	-0.455401	-127.219455	0.049251
1640.000001	-129.764243	0.214398	-128.703211	0.124348	-77.004053	-0.393135	-120.388100	-0.008924
1650.000001	-140.948922	0.275257	-128.019129	0.265056	-80.946456	0.129581	-125.770874	-0.420092
1660.000001	-129.501905	-0.465499	-124.182061	0.025074	-87.615328	-0.451135	-125.027397	-0.248919
1670.000001	-127.496808	0.170034	-119.687534	0.118766	-78.578622	-0.161271	-122.629126	-0.212765
1680.000001	-125.998943	-0.261185	-122.397342	-0.128256	-78.526173	0.328655	-121.758475	0.213409
1690.000001	-125.045879	-0.069356	-124.124486	-0.296406	-92.369106	-0.025515	-132.485238	-0.366506
1700.000002	-133.102891	0.421997	-123.100832	0.010990	-79.657115	-0.379085	-107.818031	0.457731
1710.000002	-131.902902	0.412846	-122.445601	-0.328983	-94.408004	0.468408	-120.906817	-0.403012
1720.000002	-122.018224	0.494543	-122.317984	-0.469570	-83.003547	-0.203549	-125.327830	0.424521
1730.000002	-123.829316	0.016731	-126.075039	-0.263483	-92.321522	-0.078346	-122.410146	-0.178917
1740.000002	-131.972791	0.469702	-119.840210	0.287784	-101.916479	-0.077123	-123.922794	-0.200997
1750.000002	-126.531951	-0.146751	-127.738699	-0.242363	-84.547414	-0.177807	-120.970305	-0.410753
1760.000002	-134.377898	-0.362058	-124.322260	0.164772	-109.586836	0.326898	-127.478648	0.359898
1770.000002	-141.888153	0.430448	-124.938272	-0.373588	-81.071804	-0.222842	-124.219583	-0.418542
1780.000002	-129.875277	-0.242225	-126.943854	-0.089967	-80.497266	-0.010456	-128.847839	-0.262897
1790.000002	-123.228627	0.230859	-125.314466	0.334491	-78.818403	-0.086054	-126.612161	0.226504
1800.000002	-126.292737	0.235211	-131.597862	0.112546	-76.510821	-0.085797	-118.219630	-0.221536
1810.000002	-123.184590	0.219641	-127.558701	0.495478	-90.435538	-0.226166	-117.472602	0.071976
1820.000002	-129.601432	-0.071209	-132.289298	0.159382	-88.918137	-0.101182	-128.470561	-0.003276
1830.000002	-139.883237	-0.358820	-134.028258	-0.044506	-83.450150	-0.248227	-127.553532	-0.171993
1840.000002	-128.323336	0.183043	-126.352737	0.260276	-86.625469	-0.026422	-127.558361	0.411467
1850.000002	-119.814182	0.159008	-121.156336	0.192102	-83.861342	-0.184247	-122.031676	0.427085
1860.000002	-124.299823	0.464904	-133.567206	-0.061708	-82.471144	0.065881	-122.883106	0.149499
1870.000002	-117.756765	-0.359069	-129.402313	-0.288510	-78.987782	-0.288148	-128.904991	0.108577
1880.000002	-125.888151	0.140999	-132.343646	-0.374865	-83.976656	0.402358	-133.173280	0.093261
1890.000002	-122.982729	-0.058973	-122.739697	0.077085	-80.108603	0.309608	-142.063746	-0.461323
1900.000002	-123.701508	-0.148019	-123.190466	0.143939	-84.970904	-0.257729	-111.664662	0.442077
1910.000002	-125.746530	0.333331	-123.654820	-0.144804	-81.025402	0.304635	-126.248861	0.382493
1920.000002	-119.842784	0.199711	-130.965501	-0.293628	-85.418568	0.233379	-126.696480	-0.362085
1930.000002	-126.028108	-0.329521	-132.568359	-0.479914	-80.406239	0.463060	-124.986216	0.273902
1940.000002	-124.532555	-0.329881	-128.500195	-0.239143	-80.673689	0.129289	-130.272669	-0.166737
1950.000002	-127.651759	0.292940	-127.319991	-0.239745	-92.295501	-0.423276	-121.543461	0.179793
1960.000002	-138.395190	0.216379	-118.021255	0.246604	-78.406547	-0.449152	-133.621809	0.384075
1970.000002	-121.111882	-0.188486	-125.765843	0.379652	-89.625556	-0.053309	-136.817542	-0.374836
1980.000002	-134.069854	0.190434	-119.378144	-0.353380	-87.129366	0.470161	-123.622188	0.426769
1990.000002	-125.144534	-0.163092	-124.659496	-0.137517	-82.212803	-0.052146	-125.395205	-0.433162
2000.000002	-126.201521	0.041308	-133.381614	0.297641	-91.207570	0.055287	-107.191742	-0.307864
2010.000002	-129.528468	-0.068699	-132.995494	0.023445	-75.726958	0.116121	-121.642026	0.010697
2020.000002	-121.555786	-0.405138	-128.240747	-0.235735	-84.103283	0.176572	-135.790725	-0.262281
2030.000002	-140.270171	-0.114170	-124.846672	0.407389	-81.389679	-0.312753	-125.212461	0.487481
2040.000002	-126.298947	-0.368112	-126.782641	-0.153648	-91.582190	0.174487	-129.361705	-0.110782
2050.000002	-130.184033	-0.308905	-139.794888	-0.034525	-78.688187	-0.065717	-135.640254	0.116796
2060.000002	-126.286341	0.102060	-131.581741	0.033808	-83.284285	0.202028	-136.137292	-0.325186
2070.000002	-129.171718	0.272966	-133.188169	0.315659	-87.052774	-0.322378	-124.574584	0.452990
2080.000002	-120.277521	0.326580	-137.825955	-0.190512	-84.388763	-0.432732	-129.305813	0.128571
2090.000002	-132.737775	-0.374076	-124.330458	-0.188003	-81.811494	-0.394713	-128.273109	0.356541
2100.000002	-131.731917	0.162362	-121.904993	-0.084208	-81.308240	0.482569	-127.485254	0.323274
2110.000002	-134.982747	0.062873	-124.329578	-0.299180	-95.647889	0.253948	-129.489686	-0.183543
2120.000002	-134.806286	-0.178348	-126.989126	0.209944	-83.075794	-0.355823	-117.841178	-0.369369
2130.000002	-129.264308	0.153896	-124.148602	0.224062	-82.501499	-0.423946	-126.837376	-0.032274
2140.000002	-125.012140	-0.175896	-128.129099	-0.303937	-86.320099	-0.233020	-131.262571	-0.380522
2150.000002	-125.661672	0.374101	-122.894317	0.478494	-84.531530	-0.287940	-124.374319	-0.452445
2160.000002	-126.627626	0.065530	-130.034689	-0.127599	-82.155505	-0.046175	-126.126345	-0.421195
2170.000002	-126.589486	-0.060436	-119.797963	0.015691	-80.810942	-0.361484	-147.227532	0.312253
2180.000002	-127.398291	-0.339183	-129.310043	0.244088	-94.759566	0.329430	-122.467738	0.189121
2190.000002	-122.976833	-0.258214	-129.058249	0.069217	-76.338119	0.181015	-122.314879	-0.158848
2200.000002	-124.243544	0.003098	-129.188371	0.426679	-87.745910	0.290685	-110.087182	-0.302843
2210.000002	-123.903137	0.081418	-125.798941	0.057860	-83.872646	0.016898	-127.994158	-0.052660
2220.000002	-126.517550	-0.044823	-126.774295	-0.439899	-84.476115	-0.132418	-132.258759	0.402934
2230.000002	-128.577134	0.179481	-130.032767	0.266536	-88.846126	-0.080837	-131.103525	-0.277118
2240.000002	-122.260848	0.475462	-123.719816	-0.062177	-78.317346	0.432609	-123.258905	0.297066
2250.000002	-118.162068	0.091058	-115.646872	0.044194	-86.484147	-0.028161	-120.721253	-0.027255
2260.000002	-134.304087	-0.289119	-144.089947	-0.241724	-95.516013	-0.288678	-124.901337	0.261843
2270.000002	-129.973383	-0.491469	-125.266012	-0.115991	-83.225769	0.130251	-134.496530	-0.167055
2280.000002	-121.986757	0.201694	-118.363157	-0.150395	-80.903441	-0.295074	-121.054502	-0.259230
2290.000002	-122.187777	0.014356	-129.909025	0.238643	-88.200339	0.212210	-128.081225	0.217372
2300.000002	-120.773096	-0.342693	-141.866694	0.467506	-82.526960	0.178253	-102.025831	-0.124691
2310.000002	-120.401868	-0.439110	-124.312928	0.039051	-98.048692	-0.397460	-132.908531	0.448209
2320.000002	-129.395801	0.235322	-133.391633	0.056335	-89.046348	-0.366476	-132.072390	0.091774
2330.000002	-120.828818	0.377552	-137.741053	-0.351346	-84.409740	-0.277656	-136.711078	-0.381342
2340.000002	-125.241044	-0.288405	-125.385329	0.232563	-84.563367	-0.135209	-120.176095	-0.073319
2350.000002	-126.854471	-0.301712	-138.436674	-0.194442	-85.948080	-0.271537	-137.318097	0.001705
2360.000002	-127.108458	0.121362	-126.667597	-0.427364	-79.919232	0.420215	-127.635022	0.112390
2370.000002	-122.805980	0.334266	-126.910713	-0.015997	-88.087197	0.392438	-126.815496	-0.468988
2380.000002	-135.308281	0.163159	-125.719583	0.383165	-86.287688	-0.204927	-121.991835	-0.200501
2390.000002	-128.281341	0.241339	-128.169136	0.360910	-77.276302	-0.092670	-124.977768	0.413294
2400.000002	-119.909517	-0.458630	-120.856593	0.222005	-87.285663	0.164728	-120.460484	0.177150
2410.000002	-128.520785	-0.157757	-136.597072	0.395026	-76.748036	-0.384962	-129.681401	-0.363334
2420.000002	-135.344804	0.185155	-128.404833	-0.009058	-79.412179	-0.133663	-133.347220	0.338342
2430.000002	-136.662446	-0.345065	-120.847894	0.420373	-98.445989	0.242572	-120.669290	0.388431
2440.000002	-124.123677	-0.175911	-134.272509	0.061961	-84.253091	-0.468435	-123.820862	-0.258807
2450.000002	-121.547263	-0.446501	-126.397214	0.032193	-117.318796	0.079104	-123.258679	-0.372546
2460.000002	-127.605952	0.178391	-120.231184	-0.225245	-89.921825	-0.375400	-130.734848	0.377163
2470.000002	-128.600819	0.066426	-136.639828	0.454895	-86.339089	0.081372	-126.567338	0.083982
2480.000002	-130.378795	-0.005763	-121.033148	0.309510	-78.197083	0.019476	-128.477842	0.343922
2490.000002	-130.596455	-0.483665	-143.912245	-0.080229	-96.501363	0.085247	-122.439304	0.426351
2500.000002	-135.313435	-0.358071	-143.525793	-0.474869	-83.891878	-0.243840	-103.536922	-0.160523
2510.000002	-124.033463	-0.144503	-126.447065	0.029918	-81.659355	0.186785	-127.403361	-0.349826
2520.000002	-133.586548	0.429364	-133.894779	-0.212218	-91.448769	-0.185683	-126.756035	0.201293
2530.000002	-125.936632	0.325575	-133.116800	0.452037	-87.146641	0.154589	-128.446136	0.449919
2540.000002	-120.277152	-0.082530	-128.041545	-0.080350	-86.577713	-0.205062	-118.958510	-0.400634
2550.000002	-125.717779	0.178194	-130.810347	0.456411	-82.060004	-0.164764	-122.326139	-0.173065
2560.000002	-125.629491	-0.384139	-131.193344	0.334791	-85.988281	0.411102	-126.302713	0.336176
2570.000002	-128.926775	0.196685	-127.718950	-0.298026	-94.457650	0.484793	-125.981872	0.324583
2580.000002	-128.613841	-0.451514	-125.785978	0.424597	-89.158581	-0.029452	-123.665532	0.030639
2590.000002	-128.465916	0.142386	-123.697330	-0.132964	-81.621873	-0.401376	-141.041758	0.053619
2600.000002	-124.054872	-0.400824	-125.998365	-0.323189	-86.151091	-0.445623	-107.670730	0.089424
2610.000002	-125.258460	0.370100	-130.417588	-0.191660	-105.163518	-0.013360	-127.479506	-0.375460
2620.000002	-129.252923	-0.154282	-134.183058	0.031313	-86.497282	-0.293047	-122.433530	-0.418261
2630.000002	-125.931961	-0.057197	-137.522414	-0.207260	-78.680425	0.474431	-131.647059	0.091518
2640.000002	-122.906865	-0.493664	-134.177754	-0.136154	-93.071823	-0.089255	-124.330178	-0.241947
2650.000002	-138.554241	-0.336136	-125.412684	-0.149838	-81.104751	0.012803	-118.204935	-0.294343
2660.000002	-126.078541	0.314008	-136.332762	-0.208327	-98.767311	0.281352	-126.744020	-0.067173
2670.000002	-138.753585	-0.405904	-121.936479	-0.069214	-89.471330	-0.327859	-136.073852	0.384406
2680.000002	-125.119567	0.186795	-128.414395	0.425797	-90.132542	0.039578	-125.871146	-0.446691
2690.000002	-124.450072	-0.137105	-125.346586	0.273924	-84.777900	0.307939	-126.137541	0.017770
2700.000002	-133.543875	0.467867	-135.679721	-0.369011	-85.426493	-0.208599	-106.967085	0.315217
2710.000002	-129.737599	0.327458	-125.504941	0.291802	-82.163948	-0.450270	-123.132543	0.052896
2720.000002	-130.327095	0.063155	-120.888413	0.002402	-79.642608	-0.089433	-132.278411	-0.362711
2730.000002	-126.747798	-0.035498	-149.542471	0.321530	-87.664893	-0.404913	-123.101548	-0.048400
2740.000002	-127.728369	-0.440362	-124.629927	-0.112570	-81.725197	0.053489	-135.120899	-0.479629
2750.000002	-124.368188	0.210363	-122.458424	-0.301735	-88.089420	-0.418928	-134.041631	0.469949
2760.000002	-128.645633	-0.201789	-133.882870	-0.202855	-90.549491	0.409033	-123.520755	0.129315
2770.000002	-131.709466	0.380061	-128.093094	-0.442832	-86.982745	-0.292478	-142.175756	0.353833
2780.000002	-124.795126	-0.412392	-143.156294	0.222020	-84.381380	0.041388	-142.947030	0.201020
2790.000002	-130.591962	-0.307093	-121.446143	0.052839	-93.384014	-0.179636	-136.230546	-0.495069
2800.000002	-134.390205	-0.071265	-124.257362	-0.490734	-78.866038	0.022587	-119.964658	0.067163
2810.000002	-121.907214	0.480095	-130.507213	0.383246	-85.167205	-0.190371	-121.429471	-0.103137
2820.000002	-127.951128	0.089208	-124.736048	0.028604	-87.686045	0.242396	-135.528974	0.406528
2830.000003	-137.189305	0.338160	-125.424364	0.180858	-90.769044	0.427476	-124.925587	0.236924
2840.000003	-128.653405	-0.213381	-124.880592	-0.104478	-81.770858	-0.122978	-123.647162	-0.059659
2850.000003	-130.842526	-0.294820	-124.586391	-0.206304	-80.130644	-0.252893	-134.635214	-0.125234
2860.000003	-133.559744	0.269339	-132.039164	0.382392	-84.880406	0.430175	-142.693637	0.120812
2870.000003	-130.507039	0.128417	-127.175807	0.498572	-83.898722	0.366676	-122.370559	-0.472497
2880.000003	-130.609242	0.394552	-127.577994	-0.236560	-96.631020	0.282225	-131.734668	-0.280156
2890.000003	-124.303681	0.441480	-136.532574	0.239860	-87.811247	0.260884	-124.282963	0.416806
2900.000003	-127.290443	-0.304545	-118.792459	-0.325274	-89.976121	-0.365016	-105.993268	0.280918
2910.000003	-124.155780	0.204878	-125.478057	-0.331201	-94.101325	-0.234796	-138.832214	-0.403760
2920.000003	-122.243426	0.438897	-134.545065	0.130942	-98.063984	-0.161838	-135.252519	-0.319846
2930.000003	-127.080740	0.344743	-123.393207	0.308064	-94.118518	0.056936	-129.121011	0.054947
2940.000003	-131.556044	-0.330923	-126.149543	0.174800	-84.034087	-0.310755	-131.431819	0.241639
2950.000003	-150.411389	0.048991	-126.279073	0.051004	-110.179679	0.454870	-131.717896	-0.446149
2960.000003	-122.066180	0.197332	-135.386776	0.018638	-84.138121	0.471989	-128.207362	0.248747
2970.000003	-124.418205	-0.276916	-128.643775	0.486709	-94.134616	0.001821	-136.278067	-0.474145
2980.000003	-123.844134	0.345514	-121.389776	0.074042	-83.628611	-0.446697	-135.358657	-0.062931
2990.000003	-136.648113	-0.067802	-121.110477	0.323215	-82.450118	-0.472682	-136.837890	-0.135963
3000.000003	-129.512793	0.242807	-119.173517	0.445038	-97.907869	-0.080941	-108.572673	0.468890
3010.000003	-134.014729	-0.051253	-128.942600	0.073626	-84.184246	-0.426057	-127.602973	0.076677
3020.000003	-139.172230	0.443798	-131.184187	0.102722	-87.753777	0.312657	-127.357698	-0.490903
3030.000003	-126.324488	0.067746	-121.198262	0.241574	-87.344690	0.011609	-134.225069	-0.469231
3040.000003	-124.109333	-0.247679	-130.342456	0.144943	-94.578861	0.334641	-134.431170	-0.125933
3050.000003	-129.343804	-0.498505	-125.490191	0.282044	-90.968057	0.149091	-126.372900	0.324234
3060.000003	-133.684061	-0.436161	-120.088828	0.464974	-87.282144	0.389734	-126.234252	-0.011233
3070.000003	-127.556005	0.368721	-120.174275	0.211899	-86.968979	-0.311480	-120.919810	0.411383
3080.000003	-122.566735	0.216429	-126.730544	-0.155100	-85.930260	0.043688	-118.338062	-0.337336
3090.000003	-128.338214	-0.265966	-123.432378	0.254070	-98.548072	0.134015	-129.785434	-0.288996
3100.000003	-131.437209	0.494177	-134.058317	0.153033	-89.152396	-0.239158	-126.285490	0.476671
3110.000003	-124.622951	-0.410675	-126.738017	0.471865	-86.412603	0.495771	-129.068710	-0.382986
3120.000003	-122.161663	0.271455	-129.030923	-0.236474	-96.203319	0.448731	-128.379382	-0.050969
3130.000003	-136.769187	0.004898	-131.208838	0.286699	-91.789701	-0.324426	-133.927577	-0.328125
3140.000003	-122.108223	0.374105	-122.064525	-0.175473	-84.015045	-0.004273	-126.801367	0.001674
3150.000003	-129.320004	0.215842	-132.457744	-0.258039	-88.547628	-0.001419	-131.607141	0.126194
3160.000003	-120.273079	-0.394391	-128.937437	0.320820	-91.051948	-0.159043	-125.526186	-0.230538
3170.000003	-125.219947	0.051688	-123.454897	-0.031501	-79.510870	0.341652	-127.989937	0.035745
3180.000003	-122.725266	-0.307410	-124.373950	-0.279221	-86.208823	-0.352240	-129.821647	-0.484544
3190.000003	-127.337190	-0.127133	-125.685753	0.456304	-91.125212	0.027337	-129.681537	-0.139719
3200.000003	-124.430164	0.105021	-125.281045	-0.386160	-82.952556	0.139790	-104.351054	0.492876
3210.000003	-125.829178	-0.055843	-138.952726	-0.320333	-86.907148	0.206556	-126.032177	0.422491
3220.000003	-124.334550	-0.395379	-141.391660	0.202332	-91.440399	0.403372	-122.776015	-0.172858
3230.000003	-134.561868	-0.484495	-141.090298	0.120842	-92.542646	-0.457049	-126.637115	-0.288306
3240.000003	-124.131567	-0.112184	-126.912069	-0.044451	-86.635272	-0.251243	-124.273653	-0.219015
3250.000003	-132.590065	-0.103189	-121.320837	0.148293	-83.785389	0.301547	-120.206738	0.114963
3260.000003	-135.093835	-0.155446	-126.922805	0.173820	-80.196326	0.433666	-126.193992	-0.177780
3270.000003	-127.766660	-0.346240	-126.122879	-0.373772	-89.061402	-0.327640	-116.871356	0.458982
3280.000003	-121.791197	0.082939	-136.678883	0.061536	-79.155513	0.146788	-125.917103	0.000142
3290.000003	-136.139265	-0.314266	-124.092629	0.298687	-87.793626	-0.042049	-132.230678	0.338824
3300.000003	-130.519554	0.432348	-125.792716	0.019304	-78.085673	0.310483	-111.210086	0.172849
3310.000003	-132.862784	-0.497022	-123.179770	0.201977	-102.191463	-0.033498	-132.807081	-0.102561
3320.000003	-128.121796	0.250592	-132.150628	-0.253306	-89.313418	-0.256390	-124.017467	-0.384080
3330.000003	-133.671593	0.472229	-131.920649	-0.243912	-102.818273	-0.100564	-125.827929	0.132056
3340.000003	-133.371924	-0.465570	-129.650901	-0.174343	-103.318262	-0.380705	-124.594366	-0.460449
3350.000003	-123.816560	-0.038954	-124.860981	-0.401761	-85.603564	0.187044	-122.606418	0.045799
3360.000003	-123.866781	0.117695	-122.355250	-0.141973	-88.340746	-0.474209	-131.156504	-0.207703
3370.000003	-122.406943	-0.135628	-123.365787	0.012328	-90.317936	0.228332	-121.081481	-0.000188
3380.000003	-136.653844	-0.193984	-130.463668	-0.152211	-80.787219	0.470323	-126.849795	-0.110188
3390.000003	-122.640192	0.437612	-125.194053	0.492060	-83.862793	0.158277	-131.439348	-0.308017
3400.000003	-131.813339	0.004728	-129.642010	-0.433130	-84.512011	0.411252	-131.578880	0.460911
3410.000003	-120.923772	-0.173487	-123.554247	0.336089	-95.603303	-0.079722	-125.997588	-0.372259
3420.000003	-135.794469	-0.232112	-127.545395	0.188474	-80.670290	-0.462562	-124.054591	0.229363
3430.000003	-123.211920	0.288055	-123.469181	0.400373	-84.554337	0.033745	-124.254978	0.152832
3440.000003	-125.255995	-0.461661	-126.383988	0.128897	-84.475885	-0.094431	-121.744129	0.126929
3450.000003	-118.165261	-0.076933	-121.936740	0.090578	-81.590536	-0.170346	-125.858947	0.122621
3460.000003	-127.691809	0.346961	-126.234369	0.440313	-89.109964	-0.027179	-124.058062	0.143495
3470.000003	-129.074053	-0.375990	-119.320759	0.347791	-85.203657	0.343881	-121.981260	0.394317
3480.000003	-130.956374	0.034464	-126.504938	0.376722	-82.308574	-0.461272	-120.233462	-0.405406
3490.000003	-136.591975	0.293559	-121.473779	0.347331	-84.984717	-0.388388	-120.398150	0.309320
3500.000003	-120.909857	-0.429224	-122.482596	-0.030758	-85.852492	0.203527	-123.442615	0.408356
3510.000003	-131.195966	0.252067	-125.552977	-0.229658	-80.012501	-0.366630	-129.147038	-0.025171
3520.000003	-123.039577	0.173284	-134.311417	0.321808	-81.884192	0.286352	-129.498749	-0.282136
3530.000003	-120.458655	-0.152562	-121.387551	-0.195404	-94.541817	-0.430103	-128.387660	-0.333339
3540.000003	-124.077789	0.045605	-120.612774	-0.178212	-93.782597	0.054674	-126.627955	-0.159290
3550.000003	-129.010420	-0.067260	-136.833148	-0.104250	-78.401892	0.487234	-134.511136	0.244828
3560.000003	-134.237935	-0.338140	-139.768762	0.378562	-83.997560	-0.090428	-124.034001	-0.136371
3570.000003	-124.058125	-0.382215	-123.371344	0.396332	-81.038547	0.268087	-120.162271	-0.477003
3580.000003	-128.464587	-0.068522	-127.570143	-0.331740	-82.871008	-0.177442	-125.581378	-0.345435
3590.000003	-122.607421	-0.264385	-134.722164	-0.293404	-94.439671	-0.009382	-125.693572	0.417231
3600.000003	-136.818554	0.134704	-124.734610	-0.464282	-92.716337	-0.109542	-114.794794	-0.088431
3610.000003	-123.825819	-0.031895	-126.759021	0.147205	-85.547332	-0.154491	-121.028794	0.138916
3620.000003	-127.060096	-0.142744	-123.719475	-0.224859	-84.950008	0.046132	-126.572336	0.340048
3630.000003	-126.792032	-0.450508	-129.336579	0.002248	-87.076585	0.187847	-124.649206	-0.070014
3640.000003	-126.536496	-0.031096	-124.194460	-0.332279	-90.141276	0.053665	-123.309940	0.109884
3650.000003	-127.510912	0.176233	-130.526405	0.286096	-98.761600	-0.206801	-123.319079	0.290689
3660.000003	-130.516867	0.344495	-128.532936	0.409471	-89.043430	0.167792	-123.286714	0.403033
3670.000003	-143.464003	0.126667	-134.902926	0.146152	-90.918807	-0.375751	-135.391112	0.115573
3680.000003	-127.212537	0.401715	-122.655787	-0.047535	-82.571433	0.447328	-130.464463	0.413124
3690.000003	-124.661513	0.105946	-121.423526	0.022572	-89.067746	-0.498065	-124.793993	0.158637
3700.000003	-127.246821	0.153352	-120.766454	0.135824	-84.574443	0.115749	-113.261470	-0.359990
3710.000003	-125.812351	-0.396110	-128.214299	0.321745	-95.960639	-0.423278	-123.775783	0.245093
3720.000003	-130.291065	0.333754	-127.774267	-0.404997	-88.674571	0.063467	-135.352446	-0.472447
3730.000003	-126.613586	-0.146698	-129.452110	-0.248575	-83.555481	-0.499373	-122.094903	0.197801
3740.000003	-126.505514	-0.128729	-138.644271	0.001892	-91.560351	-0.271129	-122.140771	0.016734
3750.000003	-123.309548	-0.337767	-127.936982	-0.187909	-90.579700	-0.495496	-126.041904	-0.076558
3760.000003	-132.053796	0.304639	-124.864582	0.490040	-93.308763	-0.051309	-133.659560	-0.436006
3770.000003	-126.265207	-0.357644	-128.608098	-0.003122	-83.623449	-0.099163	-120.858534	0.421852
3780.000003	-124.373002	0.476004	-129.153837	0.264824	-87.096794	0.446547	-124.750210	0.348214
3790.000003	-121.223609	0.276669	-127.978019	0.051342	-86.752257	-0.343067	-135.113219	-0.429131
3800.000003	-121.990843	-0.193741	-131.224998	0.237981	-99.566438	-0.344897	-113.099521	-0.145001
3810.000003	-120.103410	-0.202959	-125.891032	-0.087898	-94.529189	-0.131885	-127.770461	-0.393727
3820.000003	-124.337281	-0.368609	-127.154067	0.186855	-93.180731	-0.352133	-133.667696	-0.378282
3830.000003	-126.243083	-0.341605	-149.580152	-0.283166	-84.575044	-0.208510	-123.002770	-0.128880
3840.000003	-130.038561	-0.352796	-126.543835	-0.440889	-92.906231	-0.386922	-133.900351	-0.426439
3850.000003	-125.196282	-0.113298	-129.019406	-0.486818	-81.232013	0.498222	-129.445703	-0.084019
3860.000003	-136.386603	-0.467248	-125.656124	-0.263500	-98.188789	-0.354894	-124.123275	-0.494967
3870.000003	-128.415872	0.291901	-120.727119	0.139287	-86.560801	-0.444109	-121.019496	0.466714
3880.000003	-124.431042	-0.070033	-125.237475	-0.092585	-97.672142	-0.442440	-124.142191	0.130181
3890.000003	-128.909817	-0.381526	-129.658574	0.375610	-88.620223	-0.087238	-122.040620	-0.102268
3900.000003	-128.544852	0.404881	-133.577453	0.438079	-99.195315	0.010140	-119.809368	0.199661
3910.000003	-128.665539	-0.451891	-122.494862	-0.335591	-91.837488	-0.316023	-123.007550	0.293770
3920.000003	-122.714774	-0.187513	-125.467589	0.462746	-94.189604	0.440085	-119.131933	-0.123576
3930.000003	-134.117791	0.239159	-132.211403	-0.423060	-89.991975	0.333275	-128.561139	-0.427820
3940.000003	-129.007077	0.158174	-123.557546	0.270873	-87.950195	-0.264898	-125.543724	-0.093984
3950.000003	-132.558212	-0.168978	-122.601039	-0.492357	-82.333057	-0.371140	-118.507113	0.125110
3960.000004	-128.825797	-0.267414	-127.682487	-0.097918	-85.322111	-0.243384	-122.711633	-0.099968
3970.000004	-129.422889	0.215690	-121.438372	0.164976	-83.652419	0.339979	-135.981774	-0.033282
3980.000004	-127.102806	-0.194571	-127.885035	0.192663	-83.441429	0.135817	-131.451618	0.022852
3990.000004	-130.101885	0.491206	-125.483515	0.399354	-88.323684	-0.337910	-132.772663	0.366192
4000.000004	-129.374161	0.223656	-123.019468	0.444530	-87.236440	0.443882	-118.279284	-0.186155
4010.000004	-128.769267	-0.057581	-134.108482	0.386521	-101.180411	-0.496610	-122.023335	0.136251
4020.000004	-127.612922	-0.422257	-127.487108	0.045620	-89.672285	-0.110269	-128.604330	0.202686
4030.000004	-130.447599	-0.314482	-126.672352	0.452046	-94.519427	-0.099371	-121.113184	0.078811
4040.000004	-134.896431	-0.460687	-134.302305	0.195444	-85.160258	0.401050	-127.827668	-0.209531
4050.000004	-128.951592	-0.071985	-131.395264	0.176117	-86.983028	-0.072369	-121.569183	0.141940
4060.000004	-139.026637	0.408622	-124.626457	0.351633	-86.817431	-0.291093	-121.516443	0.238150
4070.000004	-127.283979	-0.061677	-127.963790	-0.364000	-98.067510	-0.149343	-124.117908	-0.103562
4080.000004	-135.763365	0.097155	-121.846553	0.154971	-83.480796	-0.126737	-122.328683	0.010776
4090.000004	-122.972033	0.133021	-126.206684	-0.398477	-92.182986	-0.054865	-128.005874	0.144792
4100.000004	-146.099047	-0.354303	-126.791925	0.059562	-93.061136	0.390406	-122.411255	0.071185
4110.000004	-129.817215	-0.370698	-131.807116	0.409417	-87.136446	0.302308	-130.815715	-0.238642
4120.000004	-125.479538	-0.186771	-122.894571	0.301679	-97.033512	0.267214	-133.931163	-0.423820
4130.000004	-130.158629	0.499913	-127.749404	0.099869	-88.872550	-0.496780	-126.392066	0.424173
4140.000004	-130.507769	-0.120124	-126.730662	0.054589	-87.046746	0.252367	-131.207402	0.328897
4150.000004	-134.727653	0.287869	-127.272013	0.234496	-95.054742	-0.141337	-131.543118	-0.177159
4160.000004	-123.265597	0.027830	-140.329410	0.271697	-90.749748	-0.493907	-125.229759	-0.153616
4170.000004	-125.520498	0.214768	-127.823045	0.394608	-89.159676	-0.030226	-126.508455	-0.272598
4180.000004	-126.242678	0.340222	-126.978249	0.221056	-98.357141	-0.077794	-136.816879	-0.462668
4190.000004	-124.754727	-0.422979	-122.481384	-0.388700	-80.981982	0.070866	-128.089147	0.261355
4200.000004	-126.035581	0.043450	-131.552446	0.104973	-86.955829	0.013990	-124.973485	-0.021247
4210.000004	-126.915094	0.110567	-117.700248	0.258806	-81.375184	0.154176	-128.099351	-0.432178
4220.000004	-137.653320	-0.129484	-135.600959	0.191110	-91.703677	-0.090819	-148.214279	-0.134782
4230.000004	-121.909816	-0.364118	-120.523367	0.350860	-81.286205	-0.002773	-131.431648	-0.229800
4240.000004	-126.965035	-0.394378	-125.405560	-0.092468	-82.618508	-0.154511	-122.963514	0.450273
4250.000004	-130.239026	0.309282	-135.309386	0.427301	-87.435283	0.251061	-122.639917	-0.064992
4260.000004	-124.621309	-0.421403	-143.460905	-0.102065	-91.370179	-0.453875	-145.499373	0.370873
4270.000004	-120.455646	-0.285098	-129.044722	-0.194319	-100.843140	-0.088124	-127.483262	-0.100894
4280.000004	-130.628932	0.420914	-122.675018	0.045961	-84.817634	0.038207	-122.831263	-0.379722
4290.000004	-122.154422	-0.125305	-120.404279	-0.449210	-85.375227	-0.106061	-130.243900	-0.143887
4300.000004	-125.860881	0.293657	-131.550176	-0.342362	-82.293257	0.286106	-120.931202	0.151247
4310.000004	-129.853585	0.414970	-136.918256	0.396217	-87.871909	0.028587	-127.192022	0.073539
4320.000004	-135.056274	0.071278	-136.295361	0.094135	-91.787119	0.098296	-123.066936	-0.279934
4330.000004	-120.610947	-0.474322	-128.075059	0.408376	-93.375417	-0.283755	-123.533633	-0.387404
4340.000004	-124.570549	-0.219950	-124.991832	-0.302518	-87.510220	0.216050	-127.851397	0.172297
4350.000004	-133.147508	0.004773	-120.240616	-0.082680	-88.330801	0.399423	-127.511928	0.012565
4360.000004	-121.631626	-0.409680	-128.045210	-0.110475	-84.358288	-0.180586	-119.047556	0.278942
4370.000004	-127.997351	-0.309587	-131.336670	0.402188	-87.618175	0.415886	-125.220686	0.475322
4380.000004	-126.459014	0.331355	-142.514835	0.006227	-83.163431	-0.078147	-122.243053	-0.231282
4390.000004	-127.760628	0.359575	-128.837713	0.332182	-89.559501	-0.357412	-126.759039	0.151985
4400.000004	-133.466025	0.006344	-121.380338	-0.319604	-82.502000	0.292321	-137.717454	-0.195876
4410.000004	-122.966601	-0.167459	-124.873431	0.248367	-90.910612	0.000518	-122.943290	0.479458
4420.000004	-125.679214	0.196159	-129.844984	0.114145	-83.775314	0.043251	-125.519689	-0.251469
4430.000004	-129.112814	0.179312	-126.655723	-0.297676	-94.758196	0.184171	-128.121953	-0.443893
4440.000004	-127.281054	0.476723	-125.635943	0.081680	-85.857765	0.488489	-125.158274	0.356993
4450.000004	-124.939102	0.244866	-126.676190	0.288210	-86.899696	-0.368788	-128.769774	0.283850
4460.000004	-127.078462	-0.148784	-122.537977	0.387337	-83.999506	0.479613	-125.827387	-0.264795
4470.000004	-128.542217	-0.209218	-124.287381	0.244739	-96.617682	0.499910	-120.325359	0.085703
4480.000004	-129.223752	0.258736	-125.344885	0.416622	-92.332160	0.226895	-136.314140	0.459106
4490.000004	-139.771557	-0.456888	-126.381699	-0.210125	-81.170030	-0.339083	-126.322632	-0.160210
4500.000004	-121.654270	0.424758	-133.575323	-0.477545	-82.486856	0.051182	-114.190535	-0.024152
4510.000004	-125.602624	0.306688	-123.177087	-0.303269	-80.221927	0.195392	-125.498827	0.202002
4520.000004	-129.523725	0.344969	-124.910796	-0.429911	-89.094463	0.271181	-122.938778	-0.486681
4530.000004	-122.254559	0.252496	-129.860799	0.429402	-95.197788	-0.028957	-129.101734	0.016426
4540.000004	-119.420288	0.061170	-130.688752	0.097075	-86.372145	-0.138216	-128.298547	0.478233
4550.000004	-137.679802	0.029425	-129.359190	0.372350	-86.819417	-0.298856	-123.573899	0.086982
4560.000004	-133.217182	0.233068	-123.248453	0.208966	-92.843965	-0.486647	-120.862759	0.253789
4570.000004	-127.054424	-0.304655	-122.509224	-0.399463	-84.335482	-0.496013	-122.707722	-0.037255
4580.000004	-130.011249	-0.090124	-123.943469	-0.013805	-90.835347	0.354921	-120.103348	-0.394470
4590.000004	-137.418598	-0.002990	-136.206164	-0.022543	-89.105885	-0.336688	-127.890044	-0.348713
4600.000004	-119.435921	0.426166	-127.023191	-0.143219	-88.569423	-0.010815	-119.059985	0.241414
4610.000004	-137.664876	-0.121199	-122.031320	-0.164570	-87.031613	0.476305	-125.247962	-0.349195
4620.000004	-122.410085	0.170347	-117.511766	0.424645	-85.454167	0.152181	-127.164864	0.124467
4630.000004	-124.883666	-0.281172	-125.102006	-0.392525	-79.905657	0.162413	-119.040453	-0.324108
4640.000004	-122.212171	-0.280115	-132.772290	-0.094276	-81.794133	0.120847	-123.380974	-0.203808
4650.000004	-139.653925	-0.057710	-123.028238	0.061599	-96.003034	-0.266967	-133.122296	0.250587
4660.000004	-127.299714	0.272934	-129.913153	0.080411	-86.207495	0.127646	-128.473128	-0.374206
4670.000004	-133.222099	-0.441719	-123.651567	0.227826	-104.917535	-0.149938	-133.206707	0.469841
4680.000004	-138.011193	-0.391474	-133.051281	-0.016192	-86.211887	-0.456504	-125.685244	0.352234
4690.000004	-131.174804	-0.099404	-145.034361	0.105165	-92.528556	-0.353340	-121.439295	0.306890
4700.000004	-125.624890	-0.457405	-123.359358	-0.443695	-90.069300	0.219702	-111.274361	0.485145
4710.000004	-125.482535	0.192805	-126.798153	-0.363997	-96.575928	0.284983	-135.702253	-0.457654
4720.000004	-130.050698	0.466864	-127.535742	0.059819	-86.124703	0.081844	-120.846301	0.215208
4730.000004	-122.001178	0.374436	-126.240713	-0.285332	-85.451720	-0.185173	-127.860703	0.374653
4740.000004	-122.635944	0.446046	-128.065527	0.331105	-88.389272	0.248210	-129.982553	0.452104
4750.000004	-127.680182	-0.021791	-121.392076	-0.001965	-87.436172	0.447504	-122.982283	-0.065693
4760.000004	-131.830224	-0.304127	-129.108942	0.005525	-92.146562	-0.160277	-120.005149	-0.158465
4770.000004	-142.243478	0.121784	-130.390201	0.401798	-116.380407	-0.108057	-122.604304	-0.030542
4780.000004	-126.803776	0.311816	-128.567830	0.440110	-88.803164	0.353541	-133.807809	0.285985
4790.000004	-125.234731	0.455863	-126.321528	0.166093	-83.065356	0.279547	-123.063352	0.224203
4800.000004	-136.628243	-0.156532	-123.722245	0.368294	-103.700823	0.194863	-113.797039	-0.233459
4810.000004	-121.180563	-0.137414	-121.386608	-0.001871	-91.044299	-0.494174	-132.393709	0.384224
4820.000004	-124.913849	-0.114950	-121.134243	0.105135	-88.667061	-0.304957	-123.008032	0.102924
4830.000004	-135.714012	-0.021257	-125.349002	-0.254607	-81.524675	-0.369332	-121.817151	-0.389758
4840.000004	-128.365056	0.186531	-125.096133	0.285553	-112.233299	-0.074807	-130.481648	-0.435033
4850.000004	-127.876410	0.356044	-125.927447	0.173736	-99.169527	-0.463485	-129.823509	0.417960
4860.000004	-125.047886	-0.113723	-125.087411	0.101815	-88.767468	0.482112	-120.225234	0.170748
4870.000004	-123.577154	-0.325374	-134.365186	-0.324282	-88.879299	-0.341515	-130.623336	-0.042550
4880.000004	-122.499939	0.205035	-124.508560	0.073756	-98.819909	0.082624	-129.229691	0.081812
4890.000004	-128.652504	-0.372044	-136.114154	0.093137	-98.964857	-0.492030	-122.241090	-0.277296
4900.000004	-129.797973	-0.391143	-134.777405	0.398749	-86.149653	-0.088658	-116.519482	0.468172
4910.000004	-124.477744	0.353788	-136.096990	-0.499990	-88.910488	-0.353505	-127.253590	-0.340600
4920.000004	-125.327537	-0.296412	-122.717511	0.297992	-86.867539	-0.371965	-132.603067	0.471448
4930.000004	-129.788388	0.350390	-129.815344	-0.181025	-87.779515	-0.457521	-128.787973	0.046580
4940.000004	-130.909630	-0.061135	-129.103811	-0.241063	-86.184153	0.230269	-123.992201	0.443749
4950.000004	-117.493247	-0.496472	-120.394416	0.460388	-93.221661	-0.446154	-122.338513	-0.437582
4960.000004	-126.428361	-0.372040	-123.138728	-0.176166	-82.864977	0.470272	-140.048069	-0.448008
4970.000004	-130.673217	-0.175388	-128.478345	0.211373	-86.399019	-0.368705	-139.288122	0.276284
4980.000004	-123.923758	-0.388924	-128.015475	0.245133	-91.181457	-0.161475	-136.002049	0.163380
4990.000004	-123.987114	-0.095643	-125.013513	-0.004455	-87.382019	-0.397542	-128.932357	0.106837
5000.000004	-120.236733	-0.199295	-123.506959	-0.291867	-87.031393	-0.037544	-118.646595	-0.276999
5010.000004	-125.183073	0.078940	-135.942231	0.412238	-83.443708	0.139098	-123.314555	0.178421
5020.000004	-134.826988	0.178116	-126.273965	-0.458656	-93.953743	0.387017	-127.078023	-0.485806
5030.000004	-123.279412	-0.112726	-122.037935	-0.489004	-93.337920	0.471990	-131.953365	-0.448495
5040.000004	-125.838059	-0.407641	-127.749279	0.346567	-87.743053	0.052042	-126.084251	0.160800
5050.000004	-123.860916	0.171831	-124.161099	0.142328	-92.493001	-0.487678	-134.057683	-0.000387
5060.000004	-121.265006	-0.358686	-127.247513	-0.402220	-81.284078	-0.370832	-127.506294	-0.286296
5070.000004	-122.927508	-0.346984	-127.458610	0.232994	-92.416836	0.171606	-130.621810	0.376811
5080.000005	-126.857923	0.342750	-122.171317	-0.113342	-88.499448	0.361933	-128.556369	0.476092
5090.000005	-121.015897	-0.365252	-124.164207	-0.196719	-89.766128	0.289377	-125.934234	0.472465
5100.000005	-133.180550	0.457067	-132.313095	0.174106	-91.521835	0.418471	-109.175466	-0.072598
5110.000005	-131.354410	-0.165304	-136.896100	-0.435120	-81.888041	-0.055402	-120.674411	-0.246684
5120.000005	-130.672949	-0.329693	-124.387919	-0.202510	-85.750135	-0.446033	-117.536722	-0.299143
5130.000005	-129.328435	0.117381	-121.082367	0.124169	-88.962133	-0.450704	-124.151767	-0.027413
5140.000005	-127.042286	-0.449850	-122.600597	-0.409485	-85.215411	0.489267	-127.081763	0.100979
5150.000005	-131.502085	0.321068	-125.638364	-0.372786	-91.788982	0.225370	-147.393570	0.470534
5160.000005	-137.657403	-0.083277	-137.317661	0.048400	-81.067089	-0.131036	-122.024989	0.324655
5170.000005	-127.015077	-0.131564	-124.459228	-0.071320	-82.102280	-0.356860	-128.750185	0.044287
5180.000005	-122.893457	-0.290660	-132.402688	-0.392744	-93.780067	0.214553	-130.327959	0.098211
5190.000005	-134.617954	-0.172013	-124.817809	0.425327	-90.551011	-0.350340	-126.182033	-0.150512
5200.000005	-135.040437	-0.434210	-127.889986	0.078655	-95.114218	-0.018411	-120.314141	-0.013192
5210.000005	-123.947476	0.192873	-128.532038	-0.147575	-85.380156	0.390680	-128.048635	0.024850
5220.000005	-127.881264	0.009701	-128.961425	0.208484	-100.935030	0.456537	-122.783122	0.408865
5230.000005	-131.389781	0.025181	-121.152405	0.483654	-91.794869	-0.097720	-127.723959	0.481419
5240.000005	-126.665268	-0.250894	-124.612748	0.196727	-97.553298	0.084033	-123.179737	0.024885
5250.000005	-119.708716	0.350960	-131.135135	0.016278	-92.340468	-0.139349	-130.866460	-0.181371
5260.000005	-123.763797	0.193310	-130.729318	-0.315083	-80.841163	-0.021604	-130.460968	0.105805
5270.000005	-125.496937	-0.213526	-131.617754	-0.347892	-89.203752	-0.289190	-123.837529	-0.334072
5280.000005	-137.034595	0.248590	-124.091728	0.185857	-86.501872	0.347271	-122.887560	-0.125982
5290.000005	-127.646389	0.432569	-135.492776	-0.113585	-92.749013	0.160881	-122.990279	0.002618
5300.000005	-125.454195	0.162067	-129.948485	-0.112898	-87.286114	-0.274270	-111.642989	-0.108659
5310.000005	-122.274618	-0.405021	-125.075547	-0.276989	-88.878751	0.430938	-124.173628	-0.497297
5320.000005	-123.147885	0.413268	-127.740558	0.124225	-101.149160	0.158284	-130.546998	0.210287
5330.000005	-122.677135	-0.448382	-126.372144	-0.357099	-97.703454	-0.399352	-128.923485	-0.430885
5340.000005	-127.847380	0.063439	-125.871141	-0.223573	-84.022173	-0.084091	-125.309514	0.398837
5350.000005	-123.860217	0.386040	-121.770520	0.358100	-84.161977	-0.237362	-137.080332	0.327062
5360.000005	-125.348935	0.475135	-128.933318	0.116808	-88.949939	0.318346	-126.015061	0.160675
5370.000005	-122.760269	-0.044103	-127.195055	-0.452988	-87.051984	-0.453371	-119.614704	-0.092182
5380.000005	-133.260782	-0.002733	-129.864410	0.412180	-87.215423	-0.095742	-127.078447	-0.318832
5390.000005	-125.931045	-0.472650	-134.197047	-0.071858	-89.269451	-0.271806	-127.537902	0.199571
5400.000005	-130.401496	-0.105454	-129.519081	0.111760	-98.663664	-0.361303	-117.260236	0.031496
5410.000005	-124.375687	-0.405683	-119.334078	-0.219121	-88.642163	0.212358	-129.960028	0.279643
5420.000005	-133.280322	-0.453221	-136.141835	-0.444790	-83.772927	0.076194	-120.529043	0.405615
5430.000005	-123.903150	-0.108798	-126.069546	-0.215349	-97.545847	0.226911	-119.698732	-0.311354
5440.000005	-124.269775	0.405467	-133.571447	0.392011	-97.166215	-0.293749	-119.343480	-0.377396
5450.000005	-130.897334	-0.411132	-127.404671	-0.459766	-89.138645	0.308278	-128.064296	-0.440696
5460.000005	-130.616220	0.000417	-134.274062	-0.205949	-81.119589	0.383189	-130.128808	-0.471455
5470.000005	-124.403842	0.279049	-123.972552	-0.134095	-81.636586	0.200084	-121.389867	0.267808
5480.000005	-131.661323	-0.123095	-120.466340	-0.112284	-112.700847	0.363891	-125.418228	-0.032868
5490.000005	-129.846675	-0.293546	-124.231145	-0.357123	-87.483818	-0.350305	-129.092863	-0.244573
5500.000005	-130.772039	-0.463058	-130.704876	0.036763	-102.203258	0.462792	-132.138618	-0.407194
5510.000005	-121.902253	-0.146987	-132.641554	0.083861	-92.355997	-0.415649	-138.019887	-0.232863
5520.000005	-123.571401	0.228821	-124.049765	0.206404	-91.720548	0.247649	-127.677136	0.440078
5530.000005	-125.338915	-0.455658	-122.660377	0.239361	-86.316388	0.035574	-125.941230	0.145682
5540.000005	-128.856815	0.301279	-121.966964	-0.375659	-85.922201	-0.448033	-144.624746	0.350849
5550.000005	-131.179258	0.062652	-127.940957	0.112341	-83.995533	-0.208088	-123.027386	-0.218269
5560.000005	-123.138209	0.150092	-126.298575	0.315944	-85.318579	-0.100760	-121.677993	-0.012064
5570.000005	-125.916238	-0.097820	-134.028822	-0.340299	-88.827307	0.404709	-126.488908	0.167043
5580.000005	-129.082958	-0.228541	-123.232942	0.074535	-90.081492	-0.445200	-126.867352	0.346224
5590.000005	-122.814085	-0.293045	-128.160421	-0.417196	-93.532475	-0.146205	-124.489930	0.469478
5600.000005	-130.279435	-0.207397	-124.594079	-0.398853	-104.095752	0.350518	-110.507880	0.065647
5610.000005	-125.665375	-0.342833	-123.768313	-0.464077	-85.421897	0.356095	-134.653179	0.133733
5620.000005	-128.864175	0.351821	-125.679317	-0.067797	-86.887081	-0.405567	-123.542790	0.272154
5630.000005	-123.897881	-0.012612	-124.831167	0.102682	-85.529856	0.063868	-130.000557	0.188309
5640.000005	-121.212003	0.262000	-120.291032	0.421281	-91.251838	0.026235	-125.587164	0.066151
5650.000005	-142.349500	-0.262338	-133.447009	-0.106996	-88.230638	-0.064209	-128.468523	-0.133539
5660.000005	-132.397777	0.429256	-128.588013	-0.193768	-88.540155	-0.397173	-124.675984	-0.020192
5670.000005	-126.161569	-0.360715	-129.223993	-0.453884	-86.314863	-0.293866	-123.946414	0.254767
5680.000005	-127.894300	-0.166510	-126.163070	0.354591	-94.781177	-0.234516	-119.188053	0.200762
5690.000005	-127.830453	0.001462	-128.896120	-0.006815	-88.802403	0.454839	-131.405862	0.054786
5700.000005	-119.283003	-0.030704	-124.447269	-0.079046	-90.789003	0.469887	-115.242720	0.365451
5710.000005	-122.031431	-0.287721	-125.452252	0.340799	-80.434136	-0.237583	-121.626912	0.094750
5720.000005	-129.821937	-0.198374	-117.427650	0.084763	-90.309245	0.096262	-128.040501	0.035105
5730.000005	-126.704838	0.225910	-122.338484	0.070867	-81.477749	-0.086423	-123.693907	-0.432732
5740.000005	-124.198409	-0.391158	-125.336892	0.185765	-90.934124	-0.470342	-125.741227	0.090955
5750.000005	-126.382326	-0.149824	-130.414420	0.279845	-90.997716	0.234499	-127.823143	-0.421620
5760.000005	-121.312402	0.212099	-125.291475	-0.295316	-102.667069	0.007462	-123.458618	-0.108622
5770.000005	-127.933036	-0.026483	-124.411345	-0.017974	-85.011505	0.370291	-122.827340	0.440534
5780.000005	-124.868466	-0.305975	-142.589818	0.381987	-85.942486	0.270089	-142.001615	-0.233677
5790.000005	-128.798569	-0.373611	-130.080883	0.473237	-96.737967	0.438368	-125.444703	-0.092703
5800.000005	-122.331498	-0.423276	-125.646050	0.069829	-102.753795	0.426071	-119.065000	0.108068
5810.000005	-122.766791	-0.193873	-133.837790	0.108827	-88.147769	-0.378620	-125.448163	0.209617
5820.000005	-131.509552	-0.075445	-122.515298	-0.162716	-90.342580	-0.439868	-123.824312	-0.031301
5830.000005	-121.225953	0.374618	-127.994883	0.388771	-94.481235	-0.083154	-120.382876	0.300260
5840.000005	-126.104046	-0.399253	-131.700837	-0.062005	-90.465064	-0.002113	-125.190268	-0.422950
5850.000005	-144.342457	-0.105377	-128.885409	-0.444199	-85.507028	-0.365649	-128.172341	-0.094796
5860.000005	-127.646828	0.157179	-129.344030	0.044070	-92.327316	-0.206813	-133.884248	-0.070493
5870.000005	-137.733940	0.201883	-124.727776	0.106237	-85.424751	-0.087297	-125.388367	-0.421194
5880.000005	-139.284213	-0.307790	-127.512220	-0.363795	-88.977666	-0.294768	-123.582376	-0.294964
5890.000005	-123.566864	-0.365014	-125.827238	0.037470	-83.751733	-0.144976	-126.485455	-0.284748
5900.000005	-133.230096	0.026067	-129.156637	-0.087091	-89.443777	0.391666	-122.798104	0.294406
5910.000005	-125.449100	0.066800	-126.158476	-0.105908	-91.966998	0.411512	-141.947054	0.445720
5920.000005	-124.855301	0.003845	-127.095082	0.255319	-90.199891	0.467343	-144.367103	0.127236
5930.000005	-126.678836	-0.070837	-125.586868	0.481159	-89.475806	0.265906	-120.376721	0.272059
5940.000005	-130.940570	-0.111165	-129.025638	0.396983	-94.276891	0.428912	-125.530621	0.494973
5950.000005	-120.000358	0.419202	-125.512747	-0.009771	-84.228523	0.014373	-123.723715	-0.368439
5960.000005	-124.051926	0.019868	-131.240347	0.008481	-93.511646	0.011364	-141.576609	-0.057054
5970.000005	-121.880065	0.384205	-126.301876	0.465796	-82.864982	0.321482	-128.116333	-0.221757
5980.000005	-125.508716	-0.483666	-126.596066	0.205833	-88.622105	0.087752	-127.940159	-0.244741
5990.000005	-123.958687	0.140759	-131.893267	-0.005352	-96.519231	0.072877	-145.630223	0.256160
6000.000005	-124.892599	-0.088943	-132.754686	0.299376	-99.323884	-0.188690	-108.671670	-0.451035
6010.000005	-126.693404	-0.202756	-118.304801	0.025593	-85.123174	0.302143	-160.183118	0.341718
6020.000005	-134.283074	-0.222523	-122.794615	0.293471	-91.229482	-0.274842	-139.033921	-0.461296
6030.000005	-127.241550	0.397990	-125.916392	0.452272	-97.646724	-0.231132	-119.520495	-0.166731
6040.000005	-135.503387	-0.106981	-127.294165	-0.480783	-89.293032	-0.493135	-130.132532	0.266600
6050.000005	-125.146432	0.226865	-128.301371	-0.360938	-104.250459	0.130429	-131.847508	0.007149
6060.000005	-127.318933	-0.141788	-126.177819	-0.109256	-90.721693	0.390083	-122.739258	0.169345
6070.000005	-125.519180	-0.427543	-135.651957	0.203579	-86.123732	0.154057	-124.017545	0.265074
6080.000005	-133.442725	-0.055905	-125.460005	-0.082715	-86.902547	0.182615	-127.125286	0.253514
6090.000005	-127.911494	0.173733	-122.194875	-0.448761	-93.362007	-0.184702	-127.102622	0.404073
6100.000005	-126.237441	0.121506	-128.893014	-0.484207	-91.818823	-0.059330	-125.283433	-0.172231
6110.000005	-140.902488	-0.377225	-123.850098	0.209130	-85.981332	-0.375332	-133.629100	0.170937
6120.000005	-127.009258	0.004643	-127.350486	-0.300854	-86.225389	0.363068	-124.912709	-0.391689
6130.000005	-125.161344	-0.200562	-125.915555	0.137668	-87.267112	-0.172281	-129.693172	-0.308594
6140.000005	-130.735904	-0.123275	-121.565082	-0.285524	-87.370051	0.467495	-124.386764	0.020709
6150.000005	-151.325157	0.318743	-135.850082	0.051698	-91.038350	0.246101	-130.503591	0.138748
6160.000005	-122.092812	0.021198	-137.449946	-0.059437	-91.729692	-0.148232	-131.134547	0.334183
6170.000005	-144.629570	0.159395	-122.852312	0.049860	-83.646285	0.012673	-123.756278	0.089603
6180.000005	-129.962739	-0.292508	-120.340181	0.099658	-89.580347	0.495630	-125.583800	-0.028532
6190.000005	-136.560592	0.206617	-129.987686	-0.071199	-86.766844	0.217690	-133.197130	-0.013187
6200.000005	-127.390314	0.136494	-143.210619	0.486547	-87.829221	0.093300	-117.845132	-0.487405
6210.000006	-127.031571	-0.425230	-131.535183	-0.452567	-93.390885	-0.475056	-125.322083	-0.027858
6220.000006	-125.905901	-0.227426	-132.883234	-0.312411	-95.175125	0.147727	-125.773175	-0.388681
6230.000006	-123.463461	-0.414539	-119.913571	-0.405438	-88.332092	0.089563	-132.792698	0.062718
6240.000006	-136.845424	-0.051322	-126.060475	0.226261	-86.634622	-0.415562	-129.265215	0.400827
6250.000006	-135.797647	-0.393342	-132.218972	-0.225088	-83.630172	-0.479587	-118.521442	-0.401538
6260.000006	-124.285952	-0.158861	-125.300178	-0.168292	-97.675554	0.385718	-129.334882	0.003104
6270.000006	-124.641069	0.198422	-129.085735	0.168327	-87.138163	-0.492985	-122.027023	-0.003801
6280.000006	-119.504152	-0.146631	-137.218754	0.301254	-85.347457	-0.379814	-124.844298	0.425215
6290.000006	-126.719985	-0.168646	-128.334995	-0.023975	-101.203035	0.009038	-125.708168	-0.458529
6300.000006	-123.123574	-0.047619	-121.462890	0.023093	-85.225047	-0.002348	-127.459334	-0.162539
6310.000006	-134.466695	-0.231901	-123.353605	-0.043603	-95.813170	0.416343	-131.988863	0.117855
6320.000006	-132.873050	-0.233644	-121.303536	-0.204578	-90.245345	0.193232	-125.924441	0.194308
6330.000006	-124.744192	0.192400	-123.845227	0.247308	-86.846010	-0.032997	-133.607282	0.311810
6340.000006	-139.133126	0.122934	-126.618011	0.293395	-89.197310	0.385714	-124.947803	-0.102346
6350.000006	-135.259560	-0.028928	-132.965797	0.129224	-90.035262	0.450265	-119.173935	-0.012491
6360.000006	-122.968053	0.032151	-128.452336	-0.390805	-88.726047	0.207952	-129.071384	-0.024330
6370.000006	-121.995368	-0.212721	-124.354624	-0.252092	-96.251234	-0.495154	-152.939197	0.198062
6380.000006	-132.202123	-0.226570	-125.145271	-0.417595	-85.210995	0.015570	-129.348606	0.492747
6390.000006	-138.407700	-0.391605	-124.788046	-0.209647	-86.525431	-0.375319	-131.631307	-0.027099
6400.000006	-145.763453	-0.132250	-129.077688	0.343774	-83.978868	-0.256363	-115.791810	-0.052395
6410.000006	-136.810004	-0.007728	-127.180860	-0.266758	-89.531602	-0.480792	-141.062347	0.207347
6420.000006	-124.184117	-0.441139	-121.888676	0.096247	-87.379926	-0.152897	-128.693821	0.406225
6430.000006	-122.477452	0.392139	-122.888370	-0.302138	-93.362860	0.157863	-122.829727	0.360027
6440.000006	-132.888877	0.422512	-127.428729	-0.425289	-92.890189	0.259593	-126.110159	0.388399
6450.000006	-123.274519	0.465194	-122.165612	0.450816	-97.049677	-0.360496	-146.371319	0.438370
6460.000006	-123.306913	-0.311550	-124.408651	0.347381	-91.748803	-0.001523	-137.468519	0.349913
6470.000006	-128.435492	-0.363340	-137.332481	-0.244641	-84.921461	0.485129	-121.354971	-0.136579
6480.000006	-118.097407	-0.295291	-125.692264	0.067297	-94.421995	0.387085	-125.820702	-0.446224
6490.000006	-123.059860	-0.399118	-129.782034	-0.439419	-87.209715	0.083965	-125.651701	0.498029
6500.000006	-127.151008	0.049675	-145.688907	0.246759	-89.707048	-0.208604	-132.520276	-0.469630
6510.000006	-131.721637	0.056794	-126.643394	0.256167	-89.058119	0.353566	-125.792749	-0.274592
6520.000006	-125.973922	0.349644	-132.087803	-0.038968	-87.113888	-0.200748	-126.247269	-0.475670
6530.000006	-126.962016	-0.157730	-137.928103	-0.485021	-93.094720	-0.201742	-130.141383	-0.280424
6540.000006	-132.028309	-0.138151	-128.201086	0.012029	-91.635779	-0.420130	-127.325006	-0.219229
6550.000006	-130.656541	0.170350	-134.922350	0.429110	-87.227402	-0.315340	-125.251790	0.331247
6560.000006	-133.848982	0.419365	-119.950606	0.118555	-86.951191	0.469103	-126.171782	-0.264676
6570.000006	-122.721773	-0.408739	-122.596716	0.355997	-85.759502	0.117679	-124.954320	0.169564
6580.000006	-129.992858	0.188239	-131.934994	-0.314476	-84.009097	0.095291	-128.240314	0.324360
6590.000006	-127.202759	-0.210272	-122.699878	-0.277330	-85.289729	0.337834	-128.653564	0.141780
6600.000006	-125.777973	-0.454041	-124.768191	-0.255528	-98.481093	-0.432372	-122.928263	0.431565
6610.000006	-121.762350	0.302066	-130.386793	0.211395	-96.071964	0.125954	-124.020105	0.047560
6620.000006	-129.207125	-0.022979	-118.059038	-0.081230	-91.097310	-0.474071	-121.331153	-0.144472
6630.000006	-132.245424	0.089450	-128.368955	0.045747	-86.968754	0.352206	-134.990825	-0.011345
6640.000006	-120.531405	0.224156	-132.532518	-0.004767	-84.876196	-0.327924	-122.611908	0.246813
6650.000006	-131.506964	-0.208113	-129.610480	-0.230245	-88.063470	0.030986	-131.461743	-0.093703
6660.000006	-120.000671	-0.211245	-119.807494	-0.045762	-100.748286	0.468794	-125.432885	-0.307285
6670.000006	-122.101391	-0.284492	-122.395135	-0.433116	-87.398143	0.376640	-129.963800	0.294416
6680.000006	-133.942813	-0.213459	-144.103411	0.042562	-92.521850	0.435945	-126.200111	-0.036324
6690.000006	-136.737046	0.485553	-128.086513	-0.451425	-87.666326	-0.301011	-122.230481	-0.479407
6700.000006	-127.681041	-0.013030	-127.880710	-0.189096	-86.416872	0.301505	-126.195842	0.214849
6710.000006	-125.530855	0.456084	-123.350269	-0.445687	-86.805153	0.390443	-123.512523	0.425013
6720.000006	-129.281776	0.442759	-131.128362	-0.057309	-90.618549	0.208159	-131.882873	0.005727
6730.000006	-120.233578	-0.120767	-118.180607	-0.477318	-104.219634	-0.131654	-132.095732	-0.396420
6740.000006	-119.620530	-0.337821	-132.427671	-0.060166	-84.583796	-0.375775	-129.174707	-0.415925
6750.000006	-124.872124	-0.047608	-131.418953	-0.002792	-94.796297	0.499106	-123.921818	0.285369
6760.000006	-123.778310	-0.134667	-121.288849	0.307477	-88.809633	0.121366	-125.144008	0.114022
6770.000006	-123.174549	-0.039997	-125.303624	-0.159951	-93.555964	-0.351710	-131.023179	-0.371251
6780.000006	-132.025735	0.090409	-120.714934	0.201854	-89.331392	0.332826	-128.240910	0.245694
6790.000006	-144.111140	0.052139	-132.890076	-0.034806	-86.347053	-0.083430	-121.973300	0.446858
6800.000006	-132.252187	-0.115720	-128.561830	-0.483163	-86.282551	-0.224693	-112.756517	-0.072877
6810.000006	-143.146364	0.044231	-130.930527	-0.499924	-93.577089	-0.201467	-125.441384	-0.015218
6820.000006	-125.393831	-0.229136	-125.630411	0.244471	-86.054996	-0.094462	-123.725778	-0.023095
6830.000006	-134.243654	0.340648	-134.894825	0.301078	-102.180283	-0.345192	-123.085432	0.095493
6840.000006	-134.486062	-0.101367	-128.803879	-0.334632	-99.151267	0.344962	-127.336288	0.352213
6850.000006	-136.815027	-0.121818	-120.689180	0.115411	-93.020648	0.369059	-121.850739	0.111839
6860.000006	-135.688258	-0.365736	-121.642169	-0.430050	-84.739868	-0.372957	-132.808258	-0.206612
6870.000006	-126.600770	-0.102484	-124.848609	-0.071356	-99.154589	0.139754	-120.652142	0.091542
6880.000006	-133.158540	-0.013407	-122.208888	-0.382202	-90.950118	-0.253189	-127.766740	0.451706
6890.000006	-124.147789	0.221223	-132.149720	-0.165458	-85.974775	-0.363559	-122.737832	0.047785
6900.000006	-126.342653	-0.148796	-128.411567	0.302942	-93.143287	0.492399	-131.509517	0.027127
6910.000006	-121.456093	0.380461	-122.916481	-0.443328	-94.535975	0.301780	-127.739400	0.350953
6920.000006	-131.860281	0.163182	-126.984618	-0.011882	-105.856233	0.251613	-121.359357	-0.459996
6930.000006	-137.743629	-0.249734	-129.442088	0.361692	-87.344862	-0.102001	-121.742609	0.393355
6940.000006	-130.289687	-0.448738	-122.196773	0.288777	-93.779476	0.020047	-121.817060	0.257048
6950.000006	-131.377221	-0.323012	-130.629397	0.142014	-93.388017	-0.260653	-135.354767	-0.017231
6960.000006	-122.991762	0.407627	-120.605571	0.303140	-82.055877	0.083645	-123.991188	0.459579
6970.000006	-121.146561	0.023630	-129.299600	-0.322912	-87.147389	0.132553	-131.254020	-0.105265
6980.000006	-124.247969	-0.152744	-125.329653	-0.269183	-89.159860	-0.315878	-122.565339	-0.211509
6990.000006	-156.622616	0.348346	-129.641476	-0.439165	-90.414115	0.094719	-134.572305	0.157612
7000.000006	-133.089865	0.359172	-123.148344	0.178634	-101.603549	-0.310833	-122.372583	-0.125155
7010.000006	-141.289142	0.368041	-123.949959	0.328062	-82.324375	0.373825	-128.629497	0.412720
7020.000006	-133.007299	-0.473532	-141.684422	-0.432212	-89.595085	0.425521	-124.059070	0.487461
7030.000006	-127.019188	0.399218	-145.636144	-0.215811	-87.530972	-0.025766	-123.400801	-0.089690
7040.000006	-125.278333	-0.022209	-121.074973	-0.214231	-89.714623	-0.229960	-122.910761	-0.468532
7050.000006	-126.609958	0.092482	-122.256829	0.222584	-85.987477	-0.099556	-128.942558	-0.147556
7060.000006	-125.881500	-0.120608	-130.181412	0.138328	-92.095392	0.109036	-130.702890	0.407249
7070.000006	-131.078870	0.240426	-125.115561	0.298826	-98.701651	0.485171	-123.871906	0.373901
7080.000006	-125.944689	0.228522	-128.065530	0.454753	-86.056649	-0.295873	-121.348342	0.130022
7090.000006	-139.938173	0.298072	-127.047634	-0.288151	-83.309572	-0.326044	-124.183438	-0.364482
7100.000006	-125.243507	-0.145380	-123.462342	0.115278	-92.269438	0.239861	-115.216344	0.053956
7110.000006	-123.798254	-0.483221	-125.179070	0.252470	-84.924583	0.079402	-127.802048	0.070967
7120.000006	-151.223859	-0.387300	-125.982277	-0.232578	-87.550807	-0.499251	-123.718001	-0.095070
7130.000006	-125.462070	0.182169	-123.710624	0.193298	-96.686825	-0.189885	-126.986760	0.003295
7140.000006	-131.834327	0.121992	-139.655236	-0.019888	-88.546276	-0.119443	-135.963446	-0.274954
7150.000006	-126.819560	-0.479323	-117.229092	0.312600	-97.452878	0.076973	-129.543657	0.421121
7160.000006	-130.627354	0.081908	-132.723570	0.167682	-89.017851	-0.325343	-122.280809	0.375695
7170.000006	-119.101584	-0.421824	-133.863392	-0.442998	-90.518423	-0.037831	-130.962777	-0.490589
7180.000006	-126.220874	-0.059151	-125.056686	0.392976	-92.971570	0.373727	-125.456947	-0.228562
7190.000006	-125.948362	0.180185	-134.720369	0.062302	-95.429629	-0.341571	-137.004116	-0.256291
7200.000006	-126.943270	-0.095946	-123.259357	-0.133341	-86.507245	-0.102133	-115.044426	0.367048
7210.000006	-131.651618	0.263059	-120.235768	0.177787	-89.515666	-0.309306	-126.675889	-0.320084
7220.000006	-129.126169	-0.330944	-132.479428	0.423513	-86.312730	0.267129	-131.385485	0.215806
7230.000006	-139.801591	0.156342	-119.239554	0.445216	-88.024698	0.075241	-122.805369	0.354681
7240.000006	-133.025590	0.341763	-133.789114	-0.424934	-88.145151	-0.104267	-135.284964	0.231330
7250.000006	-124.855292	-0.354896	-131.183499	-0.176511	-87.237785	0.380612	-125.105062	0.457371
7260.000006	-129.218519	0.424481	-133.584416	0.396901	-92.504988	-0.480004	-131.788873	0.006788
7270.000006	-127.717508	-0.092075	-127.828339	-0.389141	-90.149935	-0.401237	-130.904221	-0.051178
7280.000006	-124.624904	-0.433457	-130.837092	-0.235012	-88.302177	-0.193210	-139.482222	0.454185
7290.000006	-127.778800	0.258590	-135.527774	0.127829	-88.086062	0.232674	-127.092268	-0.190723
7300.000006	-124.155019	0.232021	-134.998247	-0.320477	-91.275953	-0.393639	-120.389756	0.231078
7310.000006	-124.123878	0.040615	-124.128754	-0.042512	-86.483691	0.399479	-126.271295	-0.125806
7320.000006	-124.784012	-0.174083	-119.832540	-0.131868	-103.298394	-0.216313	-128.536346	-0.032425
7330.000006	-124.152657	0.423200	-131.100481	-0.151432	-99.994215	0.142922	-126.739078	-0.072758
7340.000007	-133.679923	-0.053058	-133.586985	0.119717	-86.649257	-0.484266	-140.669643	0.203175
7350.000007	-136.146505	0.454813	-120.731493	0.396247	-90.939623	0.403714	-126.719739	0.379540
7360.000007	-141.959671	0.314750	-122.566434	0.312289	-85.969227	0.377974	-137.628890	-0.353104
7370.000007	-127.132400	0.091978	-126.565744	0.282083	-95.305162	0.396272	-135.798403	-0.164349
7380.000007	-123.489908	-0.087149	-141.359918	-0.351577	-84.896697	0.214131	-122.749848	0.346036
7390.000007	-123.865500	-0.328253	-139.479696	-0.412801	-92.647173	0.292153	-120.873536	0.349986
7400.000007	-128.605911	0.026328	-121.088648	-0.112254	-97.062005	0.390099	-124.582226	-0.161726
7410.000007	-130.910896	0.328925	-128.386068	-0.191250	-84.159253	0.273714	-123.959610	-0.202732
7420.000007	-122.035749	0.469901	-131.544284	-0.162420	-87.745028	-0.148905	-124.857791	0.123653
7430.000007	-125.902291	-0.425504	-127.678478	-0.177904	-92.191962	-0.257892	-126.235637	-0.032073
7440.000007	-122.244137	0.216761	-128.813306	-0.454203	-82.461403	0.226051	-124.987074	-0.284137
7450.000007	-140.963327	0.207987	-129.497616	-0.251004	-91.841352	0.000117	-118.906657	-0.219809
7460.000007	-128.271670	-0.430291	-127.635220	0.209915	-87.426325	0.015006	-124.303179	0.101107
7470.000007	-122.698746	0.314595	-126.643457	-0.391810	-92.843977	0.266221	-137.225350	-0.470534
7480.000007	-128.765820	0.376100	-128.611026	0.405323	-85.444612	-0.400616	-132.610254	0.206017
7490.000007	-121.197641	0.427710	-133.393895	-0.306162	-91.313629	0.197256	-121.943011	-0.108438
7500.000007	-126.729416	0.451577	-126.270111	0.016600	-89.831000	0.140252	-126.827055	-0.076000
7510.000007	-133.810098	-0.227460	-128.405373	0.081801	-86.129993	0.132613	-123.187212	-0.317491
7520.000007	-131.405336	0.413515	-123.388296	-0.474823	-86.434868	-0.303065	-120.533010	0.375458
7530.000007	-131.879516	-0.444717	-143.825627	-0.289863	-92.844182	0.034647	-118.688323	0.490552
7540.000007	-124.459588	0.442987	-121.286325	0.229878	-92.721800	0.006396	-135.479381	-0.464287
7550.000007	-133.824962	0.127268	-126.349601	0.366175	-85.489085	0.052966	-127.949362	-0.109680
7560.000007	-128.240071	0.371365	-130.741658	-0.060060	-91.916006	-0.203757	-129.727636	-0.448435
7570.000007	-127.568318	-0.293299	-130.249041	0.425246	-100.946435	-0.289189	-124.656430	-0.364717
7580.000007	-126.115046	0.000222	-123.273810	0.354416	-89.001960	0.308093	-125.207244	-0.038851
7590.000007	-129.504622	-0.183426	-134.902881	-0.287267	-88.819336	0.208301	-127.327071	0.115761
7600.000007	-122.515573	-0.453947	-128.868759	-0.357688	-93.395438	-0.092001	-117.517222	-0.176495
7610.000007	-129.355129	0.218532	-123.395661	0.215008	-84.133557	-0.227917	-129.741279	0.071005
7620.000007	-131.532731	0.168499	-123.501790	0.360009	-83.782638	-0.135478	-126.622425	-0.115551
7630.000007	-134.891700	-0.338157	-125.166780	0.041629	-91.893460	0.463815	-143.568403	0.088735
7640.000007	-129.098492	-0.131852	-127.920347	-0.086892	-92.552431	-0.031770	-123.901336	-0.327185
7650.000007	-127.898680	0.158928	-131.898057	0.390468	-94.522491	0.494494	-127.185484	0.239726
7660.000007	-130.195009	-0.478145	-124.610186	-0.488730	-89.514655	-0.262016	-134.458667	-0.203943
7670.000007	-126.117269	0.044841	-128.671936	-0.197897	-87.353395	0.315169	-122.099905	0.239375
7680.000007	-130.757377	0.101448	-117.495027	0.289950	-97.231311	0.448368	-120.453676	0.082234
7690.000007	-128.890785	0.133754	-121.279765	-0.358628	-89.521049	0.312478	-123.933772	0.496786
7700.000007	-120.202018	-0.007371	-125.390850	-0.058696	-85.803540	0.098896	-136.664185	0.365652
7710.000007	-127.544094	0.271091	-126.552952	-0.119316	-90.063643	0.492224	-121.665448	0.175789
7720.000007	-126.192927	0.243487	-120.872841	0.021996	-88.491609	0.016169	-129.243150	-0.240612
7730.000007	-125.561059	-0.158027	-130.451370	0.008417	-97.794899	-0.279322	-125.851580	-0.410854
7740.000007	-127.643787	-0.435880	-127.598317	0.336447	-89.321739	-0.157157	-117.856770	-0.411605
7750.000007	-128.013500	0.207637	-129.495937	0.228307	-86.889954	-0.409614	-123.334057	-0.032129
7760.000007	-126.751168	0.186280	-133.983218	0.083587	-81.717447	-0.432831	-130.044726	0.429817
7770.000007	-127.673057	-0.318896	-126.322492	-0.223230	-87.810156	0.276900	-131.177813	-0.140975
7780.000007	-119.335651	0.291939	-128.759544	-0.402876	-91.372452	0.162159	-123.771081	-0.134800
7790.000007	-120.275171	0.474962	-126.697973	0.094449	-90.494193	0.228691	-122.299095	0.213780
7800.000007	-121.995822	-0.398288	-121.445204	0.279515	-89.149620	-0.114715	-123.371423	-0.486771
7810.000007	-130.293101	-0.472254	-123.550325	0.252837	-84.456999	0.400426	-130.861754	0.225080
7820.000007	-120.564914	-0.208642	-130.686155	-0.105933	-92.144071	0.189813	-120.833599	-0.240137
7830.000007	-123.709175	0.262916	-135.809920	0.377799	-92.724742	0.308229	-120.850055	0.463385
7840.000007	-123.793470	0.028772	-136.398280	0.215243	-95.325186	-0.054095	-122.715053	0.196494
7850.000007	-131.984552	0.281629	-124.493629	-0.454896	-98.242005	0.067282	-119.360857	0.403350
7860.000007	-124.335898	-0.424208	-127.026600	0.298601	-89.639503	-0.178607	-122.300184	0.466719
7870.000007	-124.212323	-0.047774	-121.878133	-0.082017	-94.486994	0.341552	-128.022699	0.146593
7880.000007	-133.887041	0.061807	-123.343861	0.136504	-83.461197	0.169745	-124.253243	0.157002
7890.000007	-120.507086	0.033459	-126.399762	-0.373801	-89.147063	-0.480235	-126.617011	0.085762
7900.000007	-124.817147	-0.264327	-121.781207	0.113542	-85.651324	0.227676	-122.580372	0.430405
7910.000007	-123.136338	-0.359713	-126.062687	-0.177875	-101.260576	-0.422882	-126.562251	0.352189
7920.000007	-135.050519	-0.432988	-127.089171	0.496539	-93.074412	0.151682	-118.005468	0.478169
7930.000007	-124.842060	-0.442397	-123.754459	0.158878	-94.368831	-0.311367	-122.598735	0.392097
7940.000007	-126.841596	-0.245739	-125.634713	0.468076	-85.944725	-0.205683	-133.023164	0.334687
7950.000007	-126.641437	0.470619	-122.908758	0.046027	-93.551322	0.176856	-127.070380	0.419818
7960.000007	-133.894124	0.009025	-124.919067	0.035629	-100.085366	0.018738	-129.525726	0.029059
7970.000007	-136.288393	-0.207051	-128.634035	0.425463	-94.321080	0.318674	-130.344474	0.201463
7980.000007	-125.427720	0.082443	-129.586706	0.061315	-85.904399	0.422572	-122.748586	-0.497001
7990.000007	-129.127806	0.489466	-126.476349	-0.179059	-87.458291	0.411162	-126.631377	-0.090740
8000.000007	-120.179034	-0.028616	-125.984911	0.089631	-92.171585	-0.087901	-121.545396	0.075719
8010.000007	-126.812441	0.079894	-129.712645	0.219581	-100.138767	0.134979	-129.717406	0.381577
8020.000007	-129.974689	-0.144622	-119.115188	0.162869	-90.969532	0.089813	-124.110063	0.245814
8030.000007	-138.010433	-0.298396	-122.099248	-0.171372	-92.885622	-0.064389	-131.703180	-0.463044
8040.000007	-122.508244	-0.349320	-131.676966	-0.483427	-85.283073	0.078467	-124.036283	0.421000
8050.000007	-131.332852	0.321286	-131.418439	-0.397465	-87.077365	0.437826	-126.334306	-0.310991
8060.000007	-128.078966	0.159124	-119.792496	0.115677	-86.359908	-0.339218	-128.434830	-0.060748
8070.000007	-130.515841	-0.261603	-147.642093	-0.047094	-87.930247	0.027363	-128.668137	-0.316919
8080.000007	-128.257303	0.452385	-123.081445	0.319568	-90.855728	-0.252190	-131.908743	0.017102
8090.000007	-121.463806	-0.466460	-121.152844	-0.192185	-88.009004	0.087530	-124.359827	-0.036693
8100.000007	-139.001113	0.443842	-124.907683	-0.430716	-89.262980	0.315453	-118.444771	-0.247536
8110.000007	-130.636786	-0.492868	-134.146232	-0.345068	-92.526130	0.404147	-137.113052	-0.353557
8120.000007	-118.953700	-0.427413	-132.032972	0.196651	-86.960305	0.403093	-123.066475	-0.353816
8130.000007	-124.007212	0.199329	-127.882164	0.173317	-92.762115	-0.059160	-133.040546	0.408003
8140.000007	-137.577810	0.349568	-125.692990	0.189453	-85.430315	0.089692	-131.685437	-0.486485
8150.000007	-120.384332	-0.043264	-127.949305	0.226583	-91.431098	0.449154	-123.626745	-0.202761
8160.000007	-128.231253	0.244910	-134.175629	-0.131068	-101.299710	0.165306	-131.637340	0.097445
8170.000007	-134.924309	0.371629	-119.670678	-0.378566	-84.973585	-0.058862	-126.113336	0.159632
8180.000007	-121.073176	0.358190	-125.409916	-0.481893	-90.138011	0.192060	-126.313691	0.233369
8190.000007	-127.881869	0.393810	-141.401110	0.067543	-92.785741	0.218470	-128.569744	0.442493
8200.000007	-134.173490	0.113603	-128.888276	0.269772	-87.978635	-0.070743	-125.607367	0.275308
8210.000007	-125.814555	-0.417949	-121.944775	-0.481381	-90.191170	-0.146902	-127.186750	-0.168630
8220.000007	-128.138024	-0.244324	-129.254781	-0.098300	-97.518532	0.215625	-118.921602	-0.415500
8230.000007	-128.813206	-0.366864	-125.200478	-0.196359	-86.455997	0.398737	-124.257213	0.408422
8240.000007	-155.978778	0.044147	-128.408396	-0.265389	-86.955835	0.423461	-128.265982	0.390013
8250.000007	-119.034291	0.475396	-142.828969	0.418637	-88.553751	-0.394560	-127.501185	-0.157139
8260.000007	-128.685830	0.348979	-122.934343	-0.211817	-90.922030	0.494729	-121.548714	-0.461022
8270.000007	-123.036006	-0.383719	-136.923009	0.192871	-90.154557	-0.312160	-118.541725	-0.440152
8280.000007	-120.223491	0.195471	-121.828115	-0.299170	-90.294913	-0.136652	-124.808214	0.249365
8290.000007	-122.897778	0.285610	-124.124922	-0.286974	-96.994014	0.270673	-137.538534	0.474236
8300.000007	-136.931530	0.158633	-126.443869	-0.019804	-86.220854	0.135435	-125.063301	-0.138923
8310.000007	-123.945966	0.237947	-124.774435	0.101179	-89.028265	0.167985	-133.638990	-0.030652
8320.000007	-128.141899	-0.037450	-120.204643	-0.171691	-92.827638	-0.317651	-128.357161	0.214450
8330.000007	-126.884392	0.107075	-132.848408	0.475829	-93.831451	-0.147782	-118.778884	0.273873
8340.000007	-122.307404	-0.022612	-130.116236	-0.368722	-91.247175	-0.045053	-122.313846	-0.045522
8350.000007	-137.581472	-0.298914	-120.013245	-0.046279	-98.514498	0.489598	-125.527325	0.208847
8360.000007	-124.110887	-0.118455	-126.592421	-0.344743	-87.166362	-0.039772	-125.336800	-0.117152
8370.000007	-119.464604	0.467211	-126.624640	0.084353	-81.845798	-0.008433	-121.954847	-0.425460
8380.000007	-129.041576	0.343394	-125.529104	-0.449812	-88.569840	-0.371102	-126.770643	-0.116302
8390.000007	-125.035142	-0.090228	-122.719136	-0.010164	-85.169489	-0.097406	-130.724629	0.448587
8400.000007	-119.530690	0.152083	-121.845548	-0.213345	-87.930805	0.050378	-141.618199	0.457654
8410.000007	-125.807741	0.102758	-127.779020	-0.124578	-98.524760	-0.342458	-134.680440	0.295572
8420.000007	-129.284402	-0.373769	-135.339493	-0.246305	-86.621841	-0.088002	-122.301260	-0.168503
8430.000007	-131.430103	-0.003176	-137.248751	-0.464540	-89.365506	-0.127560	-122.965799	0.443446
8440.000007	-134.299274	-0.155002	-126.567367	0.115946	-94.122689	0.421072	-126.928554	-0.008459
8450.000007	-127.656725	-0.121237	-128.025153	0.200088	-99.063261	0.425105	-126.852665	-0.322868
8460.000007	-124.862813	-0.264179	-131.873341	-0.370287	-92.241686	0.437728	-130.766366	-0.352328
8470.000008	-136.123709	-0.171460	-125.707479	-0.440265	-89.817372	-0.462535	-127.283140	-0.045238
8480.000008	-122.562029	-0.446115	-125.106610	-0.097482	-97.744408	-0.330652	-125.632003	0.393410
8490.000008	-117.645859	-0.276264	-125.444821	0.461568	-87.802772	-0.195840	-128.119420	0.133478
8500.000008	-126.114329	-0.286109	-126.004324	0.014876	-93.278257	-0.156257	-131.056774	-0.455187
8510.000008	-123.819394	-0.020143	-130.654874	-0.206909	-98.101760	0.159651	-122.193093	0.066345
8520.000008	-125.800245	0.411630	-126.217556	0.331747	-97.745834	0.230525	-122.202720	-0.444697
8530.000008	-120.051720	0.035005	-134.332320	0.374135	-89.145785	0.152648	-124.563007	-0.094759
8540.000008	-123.760465	-0.356294	-133.927955	-0.308129	-89.636300	-0.169235	-122.049091	0.425414
8550.000008	-129.547521	-0.256704	-119.480978	0.352623	-96.236270	-0.074488	-129.172020	0.139054
8560.000008	-132.000053	0.258236	-125.343893	0.433851	-98.784399	0.403459	-125.058541	0.299482
8570.000008	-122.799593	-0.358699	-129.102745	-0.024129	-86.820124	0.269976	-121.510656	-0.300854
8580.000008	-143.422089	0.080995	-125.870995	0.346593	-85.212456	-0.147260	-126.453288	-0.232334
8590.000008	-140.616311	-0.351932	-125.019411	-0.290426	-94.680963	-0.316633	-130.197295	0.299669
8600.000008	-120.502798	-0.308355	-130.700903	-0.017774	-89.891602	-0.253163	-117.828453	0.136747
8610.000008	-127.241598	0.462246	-118.286779	-0.357663	-89.369280	0.094229	-133.275715	-0.300244
8620.000008	-120.563578	-0.413088	-122.222951	0.342455	-121.615205	-0.344153	-120.379363	-0.499713
8630.000008	-125.971296	0.250784	-122.164497	0.250336	-92.453068	-0.324628	-131.431694	-0.361834
8640.000008	-126.153195	-0.186902	-123.243642	-0.061343	-97.306953	-0.334635	-128.823767	-0.207085
8650.000008	-129.260011	0.359634	-125.151934	0.237865	-87.293764	-0.321303	-129.337128	-0.254399
8660.000008	-126.908185	0.225996	-135.643680	-0.065007	-90.996132	0.255822	-130.263923	-0.044463
8670.000008	-122.358031	-0.305653	-125.818150	0.158596	-90.199647	-0.071273	-135.284287	0.304741
8680.000008	-121.591107	-0.335830	-131.429966	0.202970	-84.435787	-0.059716	-136.404910	-0.253900
8690.000008	-128.491007	0.333968	-141.597203	0.131264	-91.485986	-0.422346	-129.907842	0.270929
8700.000008	-129.991116	-0.406752	-129.853058	0.116640	-86.680718	-0.351396	-119.691406	0.400548
8710.000008	-127.847934	0.242458	-127.696064	-0.139241	-92.282541	-0.331037	-123.580291	0.494845
8720.000008	-126.993440	-0.442541	-122.256694	-0.081092	-86.387469	0.075069	-121.075856	-0.046474
8730.000008	-135.386358	0.379211	-120.765402	-0.291762	-97.946822	0.286175	-133.239774	-0.163622
8740.000008	-122.611153	-0.133698	-129.855164	-0.315667	-82.301849	-0.012988	-126.311704	0.311846
8750.000008	-127.662450	0.385650	-131.025410	-0.343840	-85.212347	0.138114	-125.319359	0.332601
8760.000008	-127.175608	-0.049543	-123.448556	0.010380	-89.086278	-0.493662	-131.758718	-0.466325
8770.000008	-130.179190	-0.452279	-134.058705	0.091953	-87.994515	-0.165449	-121.308817	0.206529
8780.000008	-125.112019	-0.413044	-124.734360	-0.177260	-85.363785	-0.446249	-127.204107	-0.209604
8790.000008	-122.060133	0.492386	-124.195183	-0.219365	-87.500989	0.260361	-119.485963	-0.216620
8800.000008	-120.779276	0.009443	-129.763976	-0.356406	-105.071315	0.315821	-114.771259	0.082381
8810.000008	-143.254122	0.477707	-126.378124	-0.255679	-87.278059	0.079864	-129.832750	-0.102510
8820.000008	-120.525807	-0.314910	-129.725832	-0.430751	-88.741980	-0.100575	-126.934634	-0.038338
8830.000008	-119.543722	0.145637	-123.148368	-0.214953	-86.046272	0.234887	-126.290422	0.296953
8840.000008	-126.653775	-0.281943	-123.589713	-0.087282	-94.452679	-0.464207	-124.474657	0.016721
8850.000008	-127.689153	0.452389	-126.217584	0.110620	-87.759357	-0.104322	-123.078710	-0.481426
8860.000008	-122.949795	-0.404030	-124.144493	-0.218422	-85.662594	0.031836	-129.038026	0.054547
8870.000008	-125.383665	-0.216180	-124.833898	-0.222858	-91.529987	0.000255	-126.650423	-0.498011
8880.000008	-129.779157	-0.269706	-124.284453	-0.095162	-90.871696	-0.453130	-131.619397	0.164151
8890.000008	-127.676437	-0.147842	-121.765650	0.308052	-90.974956	-0.085953	-139.905738	-0.394592
8900.000008	-135.891590	0.110872	-123.118586	-0.298197	-93.931061	0.089411	-116.823304	0.388619
8910.000008	-128.236299	0.266301	-121.537562	0.010509	-90.633404	-0.069837	-137.114503	-0.269789
8920.000008	-133.145923	0.076480	-128.122522	0.189511	-92.859050	0.083229	-120.906906	0.189811
8930.000008	-126.160787	0.083144	-138.319511	0.108682	-90.507035	0.437185	-125.498707	0.212311
8940.000008	-120.397094	0.171418	-125.779312	0.135319	-90.285067	-0.100523	-124.868776	-0.006697
8950.000008	-138.777191	-0.013561	-117.395593	0.112695	-87.683027	0.357060	-127.609898	0.177712
8960.000008	-126.309633	0.358936	-124.718785	-0.004737	-85.331680	0.291552	-124.665283	-0.106386
8970.000008	-120.333650	-0.392123	-125.617808	-0.000953	-94.011559	-0.240538	-127.051379	-0.193739
8980.000008	-122.302402	0.229423	-146.120353	-0.328632	-84.072402	0.463194	-129.749282	-0.385858
8990.000008	-126.601658	0.365763	-121.826906	0.160288	-84.018652	0.312839	-126.589386	-0.478443
9000.000008	-120.943907	0.208013	-122.511855	0.291185	-91.172710	-0.317973	-121.328980	0.174330
9010.000008	-130.564645	-0.407740	-126.203508	0.273081	-87.064978	0.047184	-134.676004	0.465108
9020.000008	-126.009402	0.309698	-131.399366	-0.491500	-88.747836	0.112072	-126.371861	-0.233917
9030.000008	-125.012653	0.426139	-126.404349	0.460823	-100.771255	0.111591	-131.145149	0.356553
9040.000008	-128.291604	-0.384582	-127.674285	0.232754	-91.154062	0.046386	-133.268462	-0.265562
9050.000008	-124.761431	0.390941	-125.382274	-0.067320	-92.711570	-0.062345	-124.504156	-0.492820
9060.000008	-124.747679	-0.002698	-127.547770	0.227536	-87.941947	-0.393653	-127.206827	-0.178176
9070.000008	-136.338801	0.338970	-117.101694	0.291439	-107.668666	-0.489004	-120.005200	-0.456592
9080.000008	-126.506837	0.209685	-134.634395	-0.100627	-84.554595	0.159705	-124.142807	-0.094262
9090.000008	-127.511611	0.079162	-123.777488	0.206729	-82.547023	0.256187	-127.369585	-0.117203
9100.000008	-127.928934	-0.412016	-143.158918	-0.468882	-89.131002	-0.314703	-128.717237	-0.152517
9110.000008	-124.842618	-0.110896	-132.488698	0.034336	-89.702172	-0.238881	-139.951588	-0.055782
9120.000008	-118.464298	0.086959	-135.478602	0.006959	-91.449808	0.278382	-124.541253	0.139484
9130.000008	-122.335087	0.038906	-127.739466	0.149232	-91.997267	-0.447834	-124.115314	0.099324
9140.000008	-120.972872	0.312331	-121.214288	0.364033	-90.125433	0.257708	-131.204778	0.267283
9150.000008	-141.200634	0.233768	-122.858294	0.112318	-87.426593	-0.215353	-123.266349	0.331517
9160.000008	-131.957100	-0.354340	-123.556668	-0.217927	-96.492311	0.237235	-128.003830	0.275135
9170.000008	-124.707140	-0.226049	-132.799737	-0.164752	-95.182523	-0.424694	-125.179271	0.031908
9180.000008	-127.079533	-0.276623	-132.475231	0.360538	-106.579987	0.354808	-132.851399	-0.266976
9190.000008	-124.040773	0.332859	-127.355476	0.057703	-87.795729	0.018440	-123.423337	0.193803
9200.000008	-141.767633	0.481096	-122.578515	-0.031647	-91.507547	-0.160516	-115.111956	-0.476253
9210.000008	-124.263677	0.088187	-122.964440	0.260633	-89.039873	0.491639	-122.568433	-0.056078
9220.000008	-136.529648	-0.324816	-120.372850	0.281471	-88.691147	-0.071727	-123.550930	-0.139486
9230.000008	-132.395055	0.284800	-133.092040	0.309631	-86.276803	-0.433920	-126.537516	-0.296907
9240.000008	-125.281933	0.056913	-121.392804	0.376576	-106.732210	0.407713	-126.855385	-0.235413
9250.000008	-121.873288	0.128406	-125.389991	0.310417	-85.134487	-0.395440	-122.372187	-0.463010
9260.000008	-136.570380	-0.194243	-125.203067	-0.232094	-87.887373	-0.076514	-128.136488	-0.169460
9270.000008	-122.113422	-0.473483	-123.621881	-0.356539	-96.584806	-0.433053	-126.488572	0.333668
9280.000008	-133.214766	-0.361710	-122.075423	-0.178407	-90.559210	-0.327984	-126.457118	-0.314261
9290.000008	-139.635059	-0.077132	-120.047206	0.221201	-98.630972	-0.462064	-129.036499	0.325942
9300.000008	-124.968626	-0.438591	-125.110690	0.229915	-102.595357	0.007613	-118.461745	-0.231105
9310.000008	-127.186234	0.285547	-129.003406	0.175486	-95.999588	0.093089	-121.648838	-0.023361
9320.000008	-125.269400	-0.287343	-129.186967	-0.235673	-85.766855	0.448505	-122.982592	-0.436949
9330.000008	-123.333092	-0.148767	-132.070647	-0.153278	-94.602045	-0.084387	-130.412434	-0.204878
9340.000008	-117.568475	0.207878	-135.367455	0.154869	-91.352000	-0.027296	-134.829068	-0.498891
9350.000008	-121.169536	-0.189029	-122.950813	0.225386	-85.142588	-0.404424	-119.777071	0.023669
9360.000008	-124.009626	-0.043295	-132.495846	0.140067	-88.423812	0.383925	-125.808399	0.200905
9370.000008	-126.498172	-0.138710	-126.431125	-0.002163	-90.538085	0.241830	-134.211311	0.344333
9380.000008	-122.153180	0.166968	-120.383359	0.157416	-96.144534	-0.356405	-127.847043	-0.303468
9390.000008	-125.378074	-0.003031	-129.034261	-0.011515	-88.942597	-0.442468	-132.131863	-0.413251
9400.000008	-134.562073	-0.109787	-121.119953	0.277789	-96.057989	-0.071693	-116.200453	0.439504
9410.000008	-127.455148	-0.440957	-131.733031	0.276667	-90.300062	0.468879	-128.836326	-0.125829
9420.000008	-122.293441	-0.121004	-122.796229	0.473769	-84.353823	-0.164870	-129.394696	-0.467859
9430.000008	-122.919548	-0.146300	-119.377155	-0.455561	-85.622906	-0.021859	-121.770469	0.433334
9440.000008	-123.728269	0.437596	-127.275033	-0.472397	-92.688240	0.261565	-142.883184	0.290842
9450.000008	-123.791505	-0.342305	-123.776719	0.326251	-87.838189	-0.184515	-121.825662	0.026100
9460.000008	-133.380697	-0.491924	-127.631696	0.175490	-86.079268	0.066063	-125.201776	0.281414
9470.000008	-124.776518	-0.018383	-122.766028	0.106623	-88.542336	-0.353779	-126.940432	-0.314411
9480.000008	-123.772263	-0.353988	-123.210823	-0.382334	-87.586496	-0.164996	-125.674844	0.187060
9490.000008	-134.690713	0.447923	-130.979798	0.476039	-87.768085	-0.495200	-129.225413	-0.009862
9500.000008	-127.205532	0.072151	-129.268337	0.249634	-94.898288	0.307435	-124.357559	-0.121229
9510.000008	-119.046401	0.296605	-124.995180	-0.307230	-100.666583	-0.381361	-122.135097	0.371971
9520.000008	-124.256583	0.413918	-144.461374	0.403966	-103.955976	-0.011346	-128.643652	-0.111980
9530.000008	-124.674549	-0.323145	-125.292937	-0.067917	-86.016469	-0.050799	-126.634186	-0.479712
9540.000008	-124.454295	0.441850	-123.673580	0.430502	-88.897804	-0.018120	-120.098394	0.378670
9550.000008	-126.968305	-0.056407	-139.058671	-0.416511	-90.838698	0.004592	-126.564739	0.048822
9560.000008	-124.787483	0.028066	-131.489462	-0.227335	-99.297991	0.373912	-127.381373	-0.400872
9570.000008	-128.798639	-0.349317	-120.971516	0.045803	-98.099418	0.289614	-122.396641	0.422337
9580.000008	-137.662159	0.423350	-124.777930	0.211577	-88.535402	0.219954	-135.147119	0.063100
9590.000008	-130.170105	0.490165	-126.914365	0.324532	-89.480086	0.237039	-122.575703	0.081506
9600.000009	-124.675587	-0.331025	-125.310233	0.026503	-86.950278	0.224559	-122.459787	0.040934
9610.000009	-123.866557	0.062612	-126.161616	0.077061	-93.904913	-0.207895	-120.288687	-0.240915
9620.000009	-124.034958	-0.271159	-131.138113	-0.278864	-100.857267	-0.069727	-132.417908	0.034431
9630.000009	-127.836096	-0.397346	-132.788297	0.045657	-89.139989	-0.493674	-132.388932	-0.054310
9640.000009	-125.082467	-0.248784	-123.981161	-0.493330	-93.230077	-0.466568	-122.116087	-0.078408
9650.000009	-125.030740	0.453769	-129.927978	-0.358382	-91.064225	0.409031	-155.288475	0.270510
9660.000009	-126.118993	-0.110367	-124.726538	0.134313	-92.491893	-0.093923	-127.324733	0.050288
9670.000009	-122.838861	-0.182082	-141.705612	0.488049	-85.347689	0.255118	-126.223205	-0.495324
9680.000009	-120.541239	-0.418127	-118.206776	-0.489493	-88.083766	-0.415771	-128.081876	-0.277638
9690.000009	-122.819912	-0.212853	-126.542877	-0.239736	-93.842044	-0.247378	-134.657603	-0.495144
9700.000009	-131.815005	0.242834	-128.189414	-0.472631	-86.742819	0.012418	-120.961374	-0.359963
9710.000009	-130.788982	-0.015877	-123.313101	-0.237007	-88.637726	-0.310849	-130.707434	-0.017463
9720.000009	-130.113815	-0.078990	-133.940507	-0.102768	-96.977042	0.093931	-124.043857	0.118599
9730.000009	-120.803015	0.421199	-124.059131	0.371265	-93.980238	-0.215420	-130.302971	0.302276
9740.000009	-131.617117	-0.215627	-123.071050	0.499298	-83.531348	0.474819	-143.085965	-0.148463
9750.000009	-132.007536	-0.069510	-120.855633	-0.222113	-104.961537	-0.310173	-119.685731	0.474873
9760.000009	-129.424978	0.074641	-118.946325	-0.000511	-87.751952	-0.085868	-122.884640	0.130192
9770.000009	-122.280568	0.033707	-122.312350	-0.015636	-90.515711	-0.059299	-123.327700	-0.196220
9780.000009	-128.876206	-0.097082	-127.940477	0.360167	-84.634845	0.179870	-126.158883	0.145367
9790.000009	-122.227932	-0.158448	-136.271822	0.449895	-90.073588	0.210786	-121.748642	0.459365
9800.000009	-126.743892	-0.051026	-125.969400	-0.182721	-87.324210	0.425224	-116.080172	-0.145609
9810.000009	-127.032704	0.368702	-123.973691	-0.421038	-95.098614	0.451743	-124.053510	0.480281
9820.000009	-141.094914	-0.183657	-117.117442	0.306318	-91.479105	0.401186	-129.250102	0.456733
9830.000009	-125.430062	-0.332990	-131.107147	-0.378979	-89.447797	0.007360	-123.432335	-0.480095
9840.000009	-124.143964	-0.172377	-126.148901	0.401235	-88.899426	-0.214801	-134.232410	-0.412716
9850.000009	-122.460072	0.486918	-136.896556	0.188391	-87.008802	-0.203932	-131.080165	0.370154
9860.000009	-127.898903	-0.458701	-125.181373	0.326896	-87.355703	0.129292	-126.232529	0.013433
9870.000009	-125.993097	-0.016460	-134.570278	-0.267851	-99.226641	-0.085985	-122.749885	-0.225555
9880.000009	-122.144917	0.214112	-127.343322	0.402076	-86.977427	-0.162616	-131.971848	-0.475016
9890.000009	-127.624475	-0.307651	-133.918677	0.246318	-88.109458	-0.130232	-122.437135	-0.224348
9900.000009	-127.677031	0.456442	-126.290074	-0.475685	-90.869571	-0.262947	-115.704245	0.165947
9910.000009	-120.867188	-0.130840	-132.776076	-0.412934	-84.054017	-0.241677	-130.260396	-0.216096
9920.000009	-122.676797	0.331570	-137.320826	0.093321	-94.664935	-0.061179	-135.621033	0.103144
9930.000009	-120.087412	0.458631	-132.205446	0.416301	-83.596119	-0.375803	-120.542467	-0.115360
9940.000009	-123.023598	0.092238	-125.866882	-0.136670	-85.430598	0.239567	-131.766251	0.228458
9950.000009	-121.691958	-0.083119	-125.095038	-0.393704	-106.416268	0.117838	-126.774102	0.474452
9960.000009	-125.255693	0.292111	-129.036912	-0.137666	-93.451486	-0.366286	-123.888702	-0.411348
9970.000009	-133.651333	0.057409	-120.413756	-0.336039	-90.718125	0.386240	-128.491231	-0.428579
9980.000009	-126.340846	-0.437243	-124.590390	-0.229831	-88.647873	-0.288631	-123.512932	-0.060239
9990.000009	-127.617809	-0.486955	-134.763959	-0.481720	-85.786410	-0.036621	-122.621712	0.106341
10000.000009	-128.076401	0.160591	-126.542008	-0.412012	-87.810028	-0.340428	-123.946176	0.450828
