% f72.txt
% Date Sat, Jun 26, 2021 5:20 PM
% Sine seq
% Response spectrum
% Stim level (V pk) 0.500, 0 dB filter gain, 120.0 dB attenuation
% Stim RMS (V) 0.000
% Freq [Hz]	Ch0 Mag [dB]	Ch0 Phase [cyc]	Ch1 Mag [dB]	Ch1 Phase [cyc]	Ch2 Mag [dB]	Ch2 Phase [cyc]	Ch3 Mag [dB]	Ch3 Phase [cyc]
%%end
10.000000	-118.948387	0.246416	-112.216503	0.008269	-83.522186	0.317046	-123.230292	0.230638
20.000000	-114.695367	0.081073	-123.281766	-0.182262	-67.853111	0.160763	-122.348617	0.364645
30.000000	-121.821349	-0.430057	-127.199606	0.452011	-72.524410	0.022291	-116.257816	-0.493393
40.000000	-119.640968	-0.438643	-119.973394	0.128273	-60.668495	-0.099936	-116.209704	0.400326
50.000000	-123.041811	-0.140410	-133.053407	-0.496473	-63.567038	-0.460891	-117.288531	-0.128023
60.000000	-96.899888	0.425084	-89.574174	-0.304428	-66.399464	0.035026	-100.721984	0.140767
70.000000	-119.153554	0.122255	-118.364763	-0.469799	-61.875541	-0.498135	-116.826885	0.019043
80.000000	-123.905129	-0.305498	-116.881267	-0.122948	-64.504106	-0.284825	-122.166289	-0.038222
90.000000	-128.514241	-0.186119	-118.912148	0.001162	-61.904052	0.130274	-121.448572	0.392442
100.000000	-125.290877	-0.445964	-119.472588	0.001501	-61.718898	0.112886	-122.160540	-0.444918
110.000000	-132.927063	0.117705	-122.053507	0.140152	-63.521482	-0.136492	-118.090607	-0.126922
120.000000	-127.489304	0.255025	-124.327371	0.379832	-67.134331	0.457055	-126.823262	-0.496200
130.000000	-120.447484	0.411004	-132.810044	0.205148	-66.196434	0.383481	-125.061834	0.364711
140.000000	-144.506755	-0.171708	-133.780661	-0.351100	-61.958916	-0.046100	-132.086983	0.301864
150.000000	-122.375349	0.447999	-124.630743	-0.368671	-61.895637	0.258597	-130.451443	0.405178
160.000000	-123.366892	-0.055145	-124.976326	-0.123035	-61.145191	0.012849	-124.950451	-0.219882
170.000000	-129.670331	0.397191	-123.447317	-0.285608	-64.788216	-0.331872	-127.690283	-0.105892
180.000000	-105.268564	-0.375320	-93.522398	-0.397181	-63.044106	-0.074315	-95.002258	-0.030084
190.000000	-126.722176	0.301477	-135.206169	0.055472	-63.260074	0.484566	-123.231113	0.410435
200.000000	-122.872019	0.400310	-123.756951	-0.123915	-65.843160	0.266462	-131.768047	-0.398684
210.000000	-123.218761	0.430169	-117.305560	-0.436461	-62.058422	0.183257	-129.591800	0.091861
220.000000	-124.944157	0.419962	-119.799835	-0.106616	-62.738434	-0.409871	-129.642506	-0.054319
230.000000	-127.299063	0.443403	-116.694458	-0.327252	-65.068498	0.286909	-122.373438	-0.042174
240.000000	-121.148543	-0.250786	-119.371677	-0.160459	-61.225509	-0.370652	-118.570310	-0.347096
250.000000	-126.773805	-0.138047	-122.568568	0.153398	-60.579438	0.152615	-123.555070	0.306274
260.000000	-123.211468	-0.075648	-124.232827	0.385923	-64.374860	0.121888	-127.137771	-0.150875
270.000000	-122.592741	0.471214	-123.675281	-0.245492	-62.485943	-0.037278	-127.946133	-0.353131
280.000000	-122.074187	0.226448	-126.117681	-0.198334	-63.709192	0.030013	-126.173104	0.320210
290.000000	-121.778058	-0.228541	-143.132806	0.394325	-67.007160	0.254058	-123.760615	-0.149123
300.000000	-108.727645	0.022274	-105.403032	-0.473419	-64.498572	0.052421	-110.580370	-0.184307
310.000000	-122.821072	0.067884	-122.878059	0.152347	-64.552026	-0.122467	-123.009186	-0.025594
320.000000	-121.714733	0.375616	-118.778041	0.471590	-20.892624	-0.321605	-25.731967	-0.238550
330.000000	-127.718031	-0.000266	-122.008102	-0.187638	-76.202200	0.066888	-136.609829	0.078615
340.000000	-118.219116	-0.299465	-126.613713	-0.261513	-64.631949	-0.443777	-135.561488	-0.156616
350.000000	-128.744879	0.482447	-122.923942	0.441214	-63.135583	0.235680	-125.549086	0.188755
360.000000	-132.369038	0.491240	-123.836081	-0.100885	-61.770518	0.267344	-121.431181	-0.298965
370.000000	-126.058906	-0.075422	-118.642258	0.054301	-66.254984	-0.171924	-118.780006	-0.034911
380.000000	-126.195418	0.244080	-121.797715	0.081126	-65.091821	0.458939	-126.583510	0.218352
390.000000	-132.242061	-0.134157	-126.401781	0.347659	-66.237611	-0.476456	-123.341638	-0.144339
400.000000	-138.870116	-0.121241	-122.061074	0.422339	-76.851761	-0.058496	-120.010560	-0.311615
410.000000	-124.380389	0.481008	-139.163245	-0.226887	-71.338592	0.107890	-121.922436	-0.199591
420.000000	-117.676463	0.005030	-110.138139	0.018375	-64.900659	0.002777	-134.791685	0.256563
430.000000	-122.600308	0.355938	-128.148858	-0.257213	-69.912123	0.159785	-125.425887	0.053124
440.000000	-126.031672	0.122884	-130.908877	0.150580	-73.424610	-0.050284	-118.476468	0.149237
450.000000	-128.737345	0.475087	-135.213630	-0.108380	-69.175771	-0.034441	-122.398409	-0.141654
460.000000	-134.047912	0.217298	-132.914454	-0.253869	-65.224379	-0.419442	-118.429952	-0.211841
470.000000	-121.472021	-0.498353	-122.110018	0.449289	-75.025361	-0.381335	-129.881017	-0.186126
480.000000	-121.034771	-0.491513	-125.291693	-0.261741	-88.287010	0.270654	-126.723312	-0.181967
490.000000	-122.979705	0.068394	-126.217284	0.192265	-64.274580	-0.321592	-123.313920	0.171129
500.000000	-118.348428	-0.176566	-117.567047	-0.218480	-72.442225	0.174470	-127.580060	-0.408200
510.000000	-128.373767	-0.377526	-135.205528	-0.206921	-68.000736	-0.469499	-125.696779	0.239741
520.000000	-125.233527	0.379211	-132.904895	-0.302572	-69.939028	0.331141	-133.071053	0.420099
530.000000	-129.427545	-0.484401	-134.610167	-0.424859	-72.540350	0.476255	-122.325342	0.370637
540.000000	-116.650143	0.146597	-106.117216	0.350760	-65.953672	-0.263450	-122.303806	0.385514
550.000000	-117.405675	0.453589	-125.968217	0.492900	-75.973758	-0.409015	-129.850374	0.466518
560.000000	-125.617185	-0.462860	-122.605459	0.281106	-72.075174	-0.496529	-124.496582	0.125538
570.000001	-128.938533	0.317824	-132.646710	-0.045545	-69.081924	0.079832	-132.178049	0.101946
580.000001	-129.071407	0.388503	-135.023916	-0.189176	-70.897872	-0.199220	-126.303549	0.281977
590.000001	-149.247714	-0.107660	-124.311822	-0.277896	-69.098071	0.287461	-118.144718	0.337446
600.000001	-128.685846	0.156376	-128.735716	0.263336	-76.681473	0.197353	-122.797851	0.230818
610.000001	-122.439046	0.078783	-119.368341	0.247032	-69.650986	-0.129941	-122.811391	-0.288481
620.000001	-128.002571	0.269033	-122.687075	0.409200	-70.939951	0.299320	-129.180923	-0.354411
630.000001	-131.348931	-0.079612	-123.422478	0.409169	-80.734448	-0.446684	-126.749737	-0.432336
640.000001	-134.119527	-0.305279	-122.487808	-0.352945	-72.694877	-0.057605	-87.240562	-0.477812
650.000001	-126.487934	-0.020141	-127.871971	0.408399	-72.466523	0.165461	-123.581250	-0.028870
660.000001	-117.438872	0.289119	-109.014106	0.217314	-71.452602	-0.472214	-126.394563	0.445622
670.000001	-125.672309	-0.084829	-130.093185	-0.219151	-71.811178	0.063721	-124.384295	0.273823
680.000001	-133.183196	0.209660	-132.443792	-0.446402	-67.685395	-0.114356	-125.905604	0.373043
690.000001	-118.376487	-0.405449	-125.582982	-0.362354	-74.716523	-0.364164	-121.226908	0.489023
700.000001	-128.863359	0.183330	-124.147068	0.099419	-72.245479	0.096887	-128.406055	0.144962
710.000001	-126.792786	-0.475092	-133.700153	-0.369561	-94.629780	-0.336821	-127.509851	-0.457006
720.000001	-123.066930	-0.479763	-122.421467	-0.194971	-71.295743	-0.357364	-124.458231	-0.155426
730.000001	-137.849684	-0.354345	-134.235459	-0.042710	-74.616396	-0.039927	-125.931409	0.094268
740.000001	-119.970829	-0.188011	-123.724661	-0.389821	-71.390650	-0.242340	-120.485997	-0.144159
750.000001	-126.375787	0.280397	-133.839152	0.040639	-65.273684	-0.087430	-123.323122	0.128622
760.000001	-122.480624	-0.082869	-130.586308	-0.333325	-67.981372	-0.240237	-124.938949	-0.073703
770.000001	-144.032953	0.099709	-123.294379	-0.080691	-67.690716	0.498547	-125.597652	-0.232659
780.000001	-121.061875	0.236340	-111.892129	-0.385156	-83.051733	0.176209	-122.837343	0.089028
790.000001	-129.587425	0.350870	-134.866359	0.439822	-65.206192	0.004550	-131.923729	0.051342
800.000001	-118.027219	0.421244	-130.904088	-0.245194	-68.111607	-0.423049	-132.192407	-0.168538
810.000001	-133.860060	-0.253814	-130.632121	0.173319	-69.626915	-0.171924	-120.835190	0.078459
820.000001	-132.380255	0.246386	-125.620817	0.239601	-70.545774	0.220836	-122.989089	0.110514
830.000001	-122.898221	0.390738	-125.506332	-0.316494	-67.866759	-0.182813	-127.253117	-0.264267
840.000001	-125.686508	0.469381	-132.843590	0.065676	-70.408278	-0.385210	-134.372860	0.224462
850.000001	-127.640894	0.247665	-130.694877	-0.161866	-74.719961	0.057157	-136.515247	0.252838
860.000001	-132.676927	0.352372	-121.113735	-0.325001	-72.676672	-0.261429	-124.045266	0.130384
870.000001	-125.932930	0.134402	-121.948108	-0.187629	-64.713960	-0.331872	-131.412798	0.042886
880.000001	-130.359184	-0.304785	-119.224364	0.488653	-67.226739	-0.026460	-123.169229	-0.004577
890.000001	-133.323690	-0.132024	-133.285318	-0.205173	-66.627185	0.476374	-131.876650	0.093495
900.000001	-119.754597	-0.358775	-118.027545	-0.471669	-79.774247	0.474620	-129.132395	-0.359579
910.000001	-124.220353	-0.214181	-135.260332	0.362820	-65.828884	0.370182	-132.768816	0.213793
920.000001	-129.573819	0.224241	-123.877642	0.068421	-67.914558	-0.128712	-128.944843	-0.349901
930.000001	-123.519487	-0.002744	-124.552290	0.266670	-69.497353	0.300338	-121.646495	-0.018831
940.000001	-139.066762	0.277961	-122.553233	0.147118	-68.319385	-0.334517	-133.387492	-0.158365
950.000001	-129.070770	0.208547	-124.971858	-0.039991	-68.757801	0.448878	-120.380838	-0.017019
960.000001	-127.876083	0.411062	-127.375710	-0.470595	-69.227751	0.389074	-93.087541	-0.150939
970.000001	-127.559681	0.358789	-125.664428	0.404368	-91.288595	0.190499	-131.175949	0.210912
980.000001	-137.167424	0.255765	-122.303937	-0.350850	-88.021132	-0.439148	-122.659884	-0.470630
990.000001	-125.653830	0.361090	-132.439530	-0.360295	-79.101266	-0.370135	-123.306780	0.310383
1000.000001	-118.493975	-0.368112	-124.846757	-0.230605	-84.705571	-0.393591	-125.789444	-0.456141
1010.000001	-132.745385	0.108024	-129.760895	-0.106747	-66.938766	0.122469	-127.659312	0.203563
1020.000001	-124.670285	-0.344577	-115.422093	-0.150460	-73.980094	0.401097	-124.907429	0.447548
1030.000001	-135.671554	-0.192728	-136.479119	-0.264602	-68.313260	0.081412	-133.419911	-0.271706
1040.000001	-132.712282	0.038959	-129.542640	-0.117996	-69.173549	-0.257236	-123.942188	0.147998
1050.000001	-129.549613	-0.497199	-124.166489	-0.310396	-70.309980	-0.034337	-124.359469	-0.466612
1060.000001	-122.614571	0.145573	-123.844264	-0.310470	-72.900937	-0.395841	-124.135483	-0.100370
1070.000001	-133.691762	-0.104157	-128.500182	0.160506	-72.140747	-0.446462	-126.858102	0.385990
1080.000001	-120.290023	0.261102	-120.435964	0.474689	-79.006204	0.116489	-120.644796	0.210411
1090.000001	-122.079492	0.246349	-133.267262	0.269642	-79.702135	0.397821	-136.110276	0.286337
1100.000001	-128.922870	-0.317380	-132.242350	0.454557	-75.688587	-0.078793	-125.118051	-0.266316
1110.000001	-122.907399	-0.238621	-129.607070	-0.411528	-82.821306	-0.046404	-128.608024	-0.055909
1120.000001	-134.088967	-0.195710	-128.198522	-0.027425	-86.333050	0.196677	-124.413927	-0.051189
1130.000001	-125.975256	0.002636	-116.846001	-0.224820	-82.418552	-0.390424	-124.493071	-0.067388
1140.000001	-119.449692	0.029174	-128.994492	-0.064994	-67.477516	0.194662	-126.715488	0.446731
1150.000001	-129.698145	-0.379391	-126.411513	0.299120	-72.226094	0.371560	-120.851513	-0.401894
1160.000001	-124.820743	0.161210	-128.429907	0.438517	-83.380659	0.056926	-129.149699	0.431984
1170.000001	-134.226024	-0.068885	-134.566103	0.479530	-72.191311	0.416358	-137.560345	-0.137514
1180.000001	-125.313906	0.095305	-129.328872	0.410207	-78.036223	0.131013	-129.276830	0.211373
1190.000001	-129.349919	-0.109776	-122.542132	-0.473237	-74.393807	0.458547	-123.303143	-0.449065
1200.000001	-132.519555	0.214951	-117.410676	-0.236322	-94.585772	0.412562	-132.782601	-0.134739
1210.000001	-129.949712	-0.306387	-124.583360	0.378488	-77.801533	0.315934	-120.036661	-0.335136
1220.000001	-122.370777	-0.335936	-115.063150	0.359126	-78.622488	0.261832	-122.782719	-0.039437
1230.000001	-124.662793	-0.213864	-119.115072	-0.070711	-72.920172	-0.098612	-126.288653	0.129549
1240.000001	-123.884706	0.186660	-119.667106	0.375605	-70.149775	-0.087499	-124.687856	0.074492
1250.000001	-122.930723	0.104281	-125.804222	0.168932	-76.799365	0.409194	-130.764485	-0.243889
1260.000001	-125.553508	0.066904	-116.041769	0.228727	-75.399553	0.233864	-131.400798	-0.078222
1270.000001	-121.115776	-0.361105	-113.686753	-0.072364	-86.350229	-0.239108	-136.721813	0.310581
1280.000001	-125.929432	-0.305028	-127.018511	0.388306	-70.591781	-0.103846	-96.907373	0.035519
1290.000001	-128.653574	-0.473981	-117.097914	-0.319261	-78.258433	0.329218	-126.049761	0.375708
1300.000001	-134.021878	-0.320152	-115.219738	-0.187191	-72.398778	0.469791	-127.175141	-0.033300
1310.000001	-144.058682	-0.473820	-116.247331	-0.456562	-79.529920	-0.145535	-133.803535	-0.218185
1320.000001	-128.850458	-0.157022	-124.198508	0.464167	-70.652942	-0.406377	-117.599454	-0.361716
1330.000001	-120.200512	-0.391729	-118.075800	0.134283	-74.859288	-0.328855	-132.251623	0.264335
1340.000001	-127.487983	0.054057	-111.509233	-0.340933	-74.653742	-0.160794	-125.008425	-0.193714
1350.000001	-127.316713	0.251879	-114.581463	0.239372	-67.117733	-0.323899	-120.534936	-0.144777
1360.000001	-127.031523	0.117956	-111.582934	-0.472604	-73.972003	-0.388925	-125.231483	0.197090
1370.000001	-124.464719	-0.294647	-113.574572	0.333426	-80.818213	-0.499682	-120.401182	0.095501
1380.000001	-123.446218	-0.420650	-109.850313	-0.323456	-73.549526	-0.400366	-122.969031	-0.365776
1390.000001	-130.297085	-0.205736	-115.093704	0.163386	-77.076648	0.255795	-126.127006	-0.383927
1400.000001	-144.177001	-0.164522	-114.861100	-0.053323	-70.031266	0.406036	-128.921108	-0.308015
1410.000001	-120.241750	-0.400186	-112.993617	-0.100723	-68.262523	-0.343301	-120.898837	-0.374768
1420.000001	-119.914287	0.390517	-112.705832	0.161377	-81.442082	-0.115520	-126.773218	0.019079
1430.000001	-134.220526	-0.304615	-118.468619	-0.102320	-75.156325	-0.135404	-128.319387	0.247887
1440.000001	-131.319124	0.258922	-114.838742	-0.219709	-73.911921	0.097363	-139.495067	-0.133938
1450.000001	-140.363065	0.158109	-119.599235	0.374751	-77.220180	0.092154	-123.057602	0.049206
1460.000001	-126.425070	-0.321994	-119.202438	0.006876	-72.113516	0.258690	-120.192059	-0.191091
1470.000001	-134.912966	0.309311	-113.740582	-0.407828	-68.739535	-0.064521	-129.126797	-0.111491
1480.000001	-131.400461	-0.227142	-110.624197	-0.045737	-72.016141	-0.372111	-125.969875	0.456191
1490.000001	-124.436280	0.191569	-119.368303	0.442582	-73.736561	-0.034535	-130.283890	-0.460354
1500.000001	-117.954949	0.497523	-119.971814	0.088042	-73.319191	0.213195	-125.358794	0.366455
1510.000001	-133.820784	-0.457659	-120.965036	-0.364114	-71.476227	0.081303	-135.221774	0.465919
1520.000001	-125.258361	0.497161	-123.928889	0.319208	-77.696784	-0.213651	-132.412440	0.279200
1530.000001	-121.045387	-0.226827	-117.471834	0.248075	-73.102272	-0.082266	-124.696953	-0.495672
1540.000001	-126.201254	-0.349057	-119.915822	0.289360	-77.034001	-0.448095	-121.634229	-0.196558
1550.000001	-122.319648	-0.301772	-130.134627	0.028914	-80.030751	-0.049524	-125.183823	-0.159035
1560.000001	-123.787055	-0.083803	-121.354897	0.378848	-73.239565	-0.373672	-125.363084	0.317727
1570.000001	-127.804704	0.122722	-129.429261	0.428312	-73.870817	0.085221	-131.432692	0.126690
1580.000001	-132.913298	0.449995	-128.466718	-0.349571	-82.407299	-0.122613	-142.753584	0.298686
1590.000001	-120.569220	0.447361	-119.644327	0.296846	-74.112484	-0.440344	-135.684262	-0.325599
1600.000001	-129.460983	0.434758	-124.838057	-0.467231	-82.802648	-0.282101	-93.948166	-0.199413
1610.000001	-120.302236	-0.171952	-129.682165	-0.240735	-79.651533	-0.453705	-130.949527	-0.201433
1620.000001	-129.888975	-0.476895	-116.905616	-0.185151	-94.872653	-0.196897	-134.089297	0.496134
1630.000001	-119.452821	-0.227093	-118.480138	0.406213	-84.441169	-0.478580	-129.180851	0.403188
1640.000001	-142.817016	-0.197990	-124.447211	0.074511	-80.249001	-0.133626	-130.236806	0.174005
1650.000001	-125.207776	-0.016048	-127.964905	0.167417	-82.215802	-0.297048	-129.031094	0.257999
1660.000001	-118.221558	-0.090364	-121.459468	0.128810	-77.204490	0.366686	-125.628983	-0.486840
1670.000001	-130.701762	-0.200412	-121.047348	-0.121176	-78.642430	-0.196053	-128.044604	-0.176723
1680.000001	-124.551392	-0.475574	-121.932703	0.119883	-82.663494	0.409488	-121.480520	0.143672
1690.000001	-124.761235	0.151463	-126.103650	0.198254	-84.497938	-0.461280	-135.655944	0.059478
1700.000002	-119.216363	0.424607	-129.014589	0.391740	-75.211492	-0.082590	-129.866356	-0.211873
1710.000002	-126.610845	0.463517	-139.284567	0.132899	-77.942795	0.177301	-126.092257	0.248772
1720.000002	-125.391537	-0.313535	-129.503456	-0.465522	-79.562660	-0.352394	-128.875933	0.101466
1730.000002	-129.443287	0.286874	-123.007512	0.388062	-82.034238	-0.418040	-134.687446	-0.002687
1740.000002	-120.053143	-0.398151	-123.464044	-0.182651	-71.875808	0.066410	-131.896119	0.400165
1750.000002	-123.452705	-0.496629	-128.903912	-0.314358	-81.758808	-0.337623	-124.040139	-0.473804
1760.000002	-124.178786	-0.078013	-116.460641	-0.096524	-74.677684	-0.089197	-129.291933	0.203039
1770.000002	-122.510038	-0.106773	-123.744928	-0.032824	-75.277094	0.189875	-121.452873	-0.291811
1780.000002	-123.376521	0.212928	-124.851050	-0.110744	-73.485700	0.443157	-123.863601	0.370381
1790.000002	-135.195153	-0.429325	-132.538776	-0.313040	-78.997205	-0.174013	-130.150921	0.429588
1800.000002	-132.848204	0.034547	-117.710700	-0.146133	-84.166023	0.380077	-128.776199	-0.275547
1810.000002	-121.405850	0.499573	-127.635037	0.073125	-68.821877	-0.235357	-132.003266	-0.028403
1820.000002	-137.508287	-0.415428	-131.971431	0.441518	-80.633450	0.374506	-127.172060	0.083631
1830.000002	-124.333039	0.382415	-134.106792	0.037997	-78.338139	0.054878	-141.165523	0.239571
1840.000002	-128.907023	-0.173951	-123.982983	-0.110855	-76.480724	0.245332	-125.355639	0.208842
1850.000002	-134.425171	-0.267850	-144.981257	0.325953	-73.265085	-0.190620	-143.008490	0.138865
1860.000002	-143.258563	0.275698	-118.776626	-0.005808	-74.460237	-0.375703	-126.983780	0.121902
1870.000002	-127.077570	0.393469	-131.660116	-0.155983	-75.967846	-0.224603	-132.780379	-0.103142
1880.000002	-129.100639	-0.228937	-119.123752	0.102644	-80.961207	-0.142824	-119.647801	-0.015565
1890.000002	-130.966731	0.112002	-131.670837	-0.478744	-84.725613	-0.346826	-130.562383	0.376254
1900.000002	-121.476533	-0.114384	-129.182667	-0.053395	-78.754741	-0.354997	-123.228202	0.361923
1910.000002	-118.256896	0.431743	-125.970694	0.124207	-81.012605	-0.067564	-123.109925	0.240358
1920.000002	-135.851792	-0.003354	-123.305861	-0.008827	-73.575170	-0.380811	-101.882090	0.068380
1930.000002	-122.289590	-0.022761	-126.196761	0.237819	-73.796349	0.329577	-124.280322	-0.252379
1940.000002	-131.979268	-0.367787	-136.247324	-0.159691	-92.597671	-0.252167	-128.010597	0.256028
1950.000002	-128.156179	0.223983	-123.355632	0.345569	-73.228223	0.071609	-127.666307	0.195643
1960.000002	-122.945550	-0.412993	-134.408629	-0.274874	-79.022975	0.243815	-128.908490	-0.223893
1970.000002	-133.751131	-0.041630	-121.926178	-0.069931	-90.548870	-0.268254	-123.901858	0.198656
1980.000002	-126.394125	0.497236	-127.232133	-0.266233	-73.899814	-0.343816	-119.378412	-0.474331
1990.000002	-122.964947	-0.373808	-122.322969	-0.260029	-86.041305	-0.274436	-130.387077	0.181515
2000.000002	-123.914569	-0.425500	-119.129631	0.370399	-81.930416	0.259863	-126.930742	-0.134456
2010.000002	-140.173957	-0.072156	-125.207757	-0.365608	-86.346474	-0.263685	-128.876533	0.078305
2020.000002	-124.038515	-0.003134	-125.238128	0.023420	-81.274328	0.011905	-134.228820	0.252050
2030.000002	-134.424801	-0.468766	-128.322402	-0.178323	-75.889532	-0.226457	-126.180719	0.343494
2040.000002	-125.820127	-0.115698	-125.910004	-0.010119	-76.517132	0.067473	-127.249475	-0.271013
2050.000002	-134.090741	-0.246133	-146.738919	-0.281548	-80.037158	-0.019388	-121.012684	0.126139
2060.000002	-135.418396	-0.157664	-124.201729	0.306226	-72.948316	0.059005	-127.526132	0.122836
2070.000002	-134.126505	0.184708	-121.388668	-0.225978	-85.841835	0.281029	-123.644872	-0.038022
2080.000002	-135.065186	-0.104590	-121.597152	-0.486407	-76.865907	-0.494857	-124.309842	0.064657
2090.000002	-124.686621	-0.310525	-123.779449	-0.153980	-78.524185	0.105454	-123.639092	-0.166496
2100.000002	-124.929977	0.213948	-121.973446	0.200900	-78.525835	0.227063	-128.689097	0.025719
2110.000002	-125.560633	0.483432	-126.489711	0.288760	-73.514560	-0.448998	-122.012885	-0.448872
2120.000002	-121.850153	0.178490	-127.040514	-0.147097	-84.335214	-0.347298	-121.068567	0.260332
2130.000002	-121.738764	0.076993	-128.179971	0.430657	-76.611283	-0.258546	-123.300873	-0.217597
2140.000002	-125.035646	0.271952	-121.993369	-0.164072	-76.148404	-0.258703	-136.613153	0.393739
2150.000002	-127.284855	0.348527	-125.808992	-0.009474	-83.633592	0.224214	-131.691226	0.171562
2160.000002	-121.066952	-0.397477	-126.698232	0.247786	-78.632625	-0.296189	-123.008829	-0.226579
2170.000002	-124.353091	-0.043381	-126.135500	0.372411	-83.853540	0.393393	-124.950477	-0.200913
2180.000002	-126.675039	-0.179782	-128.251501	-0.185759	-83.828436	0.113583	-131.515343	0.207660
2190.000002	-129.628838	0.271804	-124.026566	-0.185180	-83.041402	0.206291	-123.932964	0.218795
2200.000002	-134.293083	-0.183653	-124.444746	-0.337836	-80.673330	0.494905	-126.691260	-0.236920
2210.000002	-120.200679	0.309058	-120.967117	0.383943	-75.136533	-0.117403	-133.112374	0.373416
2220.000002	-132.781563	-0.109050	-126.863646	0.312071	-80.789715	-0.409262	-121.891184	-0.399600
2230.000002	-130.271186	0.249640	-123.010112	0.014767	-73.767889	0.227345	-125.922726	-0.273452
2240.000002	-127.187861	0.147934	-123.014938	-0.402692	-82.228030	0.310631	-100.443957	-0.162513
2250.000002	-124.289346	-0.225408	-129.616509	-0.162553	-85.806125	0.372577	-122.253268	-0.264097
2260.000002	-132.624639	-0.054358	-126.537667	0.211042	-88.559744	-0.324116	-127.825472	-0.349542
2270.000002	-127.125895	0.328393	-120.115256	0.356184	-94.746025	-0.338653	-134.343776	-0.373993
2280.000002	-127.116753	-0.306771	-126.988778	-0.458028	-73.126821	0.175229	-128.951042	0.080328
2290.000002	-140.727865	-0.333507	-136.092100	0.059616	-76.762249	-0.392778	-122.530904	0.104344
2300.000002	-127.173661	0.078007	-133.198064	-0.016571	-91.115659	-0.498530	-126.443500	0.252594
2310.000002	-124.278460	0.480733	-121.746195	-0.138618	-78.676490	-0.158962	-134.768992	-0.046743
2320.000002	-122.965820	-0.038466	-127.522562	-0.205001	-89.121369	-0.060049	-130.385448	-0.214255
2330.000002	-127.558970	-0.393104	-125.787212	-0.123636	-77.514948	0.353550	-127.450162	0.034924
2340.000002	-123.441588	-0.218193	-130.464671	0.218072	-73.541253	-0.161294	-128.528866	-0.426464
2350.000002	-135.821288	-0.002949	-126.110711	-0.360869	-77.131870	-0.025382	-148.983084	-0.075564
2360.000002	-131.799249	0.095905	-118.645476	-0.387113	-80.119928	0.356787	-131.135837	0.158276
2370.000002	-132.033085	-0.105644	-127.986821	-0.310289	-91.809899	-0.240988	-120.823304	0.194287
2380.000002	-128.263352	0.368967	-128.286095	0.271143	-84.195249	0.092900	-125.965082	0.170860
2390.000002	-121.714318	0.087369	-135.939087	-0.162105	-77.277254	0.483411	-141.926595	0.148441
2400.000002	-122.913448	-0.134535	-124.520537	0.012751	-80.947361	0.223016	-127.939188	0.219878
2410.000002	-120.055205	-0.167889	-138.902018	0.254765	-77.455387	0.143074	-128.065716	-0.222116
2420.000002	-121.135825	-0.030122	-119.423756	-0.024073	-76.609878	0.328972	-127.760812	-0.194777
2430.000002	-134.814464	-0.113162	-127.528842	0.138859	-80.197471	0.390127	-122.432262	0.205789
2440.000002	-128.856396	0.115074	-123.901359	-0.393722	-76.495470	-0.474810	-125.051105	-0.200303
2450.000002	-122.889713	0.299800	-132.597120	-0.042563	-86.897341	0.302252	-130.495015	-0.043258
2460.000002	-121.228566	-0.256252	-132.128111	0.381119	-79.880107	0.390797	-132.890169	-0.443424
2470.000002	-127.457459	0.387497	-127.471930	0.303274	-79.087522	0.301959	-128.569642	0.023856
2480.000002	-142.216393	-0.110939	-121.956588	0.314446	-76.085170	0.414782	-122.996836	0.037907
2490.000002	-121.386859	-0.190409	-126.269877	-0.264161	-72.783349	-0.432237	-128.993139	0.167996
2500.000002	-130.545555	0.405554	-125.846957	-0.017898	-79.740177	-0.224052	-124.362070	-0.364851
2510.000002	-125.156188	-0.421450	-129.997994	-0.113939	-75.251369	-0.416741	-121.761014	0.485384
2520.000002	-120.747759	0.445310	-131.445724	0.236996	-75.365956	0.276256	-117.735243	-0.292797
2530.000002	-123.500826	0.227775	-122.668813	0.186090	-78.891776	0.436520	-122.494569	-0.063221
2540.000002	-125.065013	-0.265445	-125.810259	0.090360	-91.045359	0.142702	-132.934936	0.281497
2550.000002	-129.625621	0.217124	-123.352937	0.140048	-75.273855	-0.366229	-123.101745	0.327245
2560.000002	-122.280341	-0.135961	-129.112037	-0.450284	-85.634153	-0.488401	-100.112829	0.089810
2570.000002	-139.423679	0.191903	-126.822738	0.018025	-83.101148	0.107120	-124.888967	0.171999
2580.000002	-128.961568	-0.484734	-140.673637	0.429210	-76.038877	-0.097410	-133.354675	-0.019539
2590.000002	-124.999087	0.015440	-126.573185	0.297000	-73.034130	-0.251298	-128.695930	0.204595
2600.000002	-130.613317	-0.279106	-124.105288	-0.273362	-76.986928	-0.015536	-122.478769	0.462892
2610.000002	-125.382369	-0.370558	-130.112296	0.426794	-82.966669	-0.172357	-138.537788	-0.358461
2620.000002	-126.251997	-0.479695	-126.697651	0.235797	-79.634560	0.317941	-125.670408	-0.426993
2630.000002	-123.192401	-0.358450	-126.147356	-0.379501	-102.732789	-0.042491	-125.380774	0.437030
2640.000002	-125.521203	0.191788	-127.949629	-0.076542	-85.720337	0.324708	-130.192156	-0.295500
2650.000002	-126.649647	0.293144	-121.988241	-0.352856	-87.598738	-0.302758	-125.111146	-0.025043
2660.000002	-121.251368	-0.291552	-126.153744	-0.182458	-83.566732	-0.268259	-127.527374	-0.233581
2670.000002	-122.584630	0.320970	-121.298724	-0.083558	-81.074461	-0.141794	-120.902454	-0.432761
2680.000002	-126.759151	0.296069	-121.151531	0.462283	-75.724899	0.296590	-131.639303	0.423933
2690.000002	-135.076082	0.008916	-126.935128	0.088525	-80.413739	-0.458006	-123.944603	0.052788
2700.000002	-137.665248	-0.216321	-122.518574	-0.271724	-86.190436	0.124438	-125.406525	0.483309
2710.000002	-122.637818	0.476510	-121.655047	-0.446279	-82.922503	0.176889	-126.625952	-0.224112
2720.000002	-125.494418	0.248921	-124.906066	-0.306571	-80.814691	0.460929	-127.744089	-0.103855
2730.000002	-134.492856	-0.349974	-125.958685	0.205305	-85.989355	0.396504	-122.326404	-0.461408
2740.000002	-141.156866	0.083047	-129.281940	-0.054887	-83.755022	0.194739	-129.765609	-0.258326
2750.000002	-127.818569	-0.286491	-132.266135	-0.194876	-81.382496	0.215359	-133.006917	0.103363
2760.000002	-134.226339	-0.281667	-127.379436	0.451419	-75.554957	0.321253	-126.656509	0.143374
2770.000002	-122.045747	0.199595	-123.703129	0.096992	-77.191929	-0.253946	-124.246808	0.395896
2780.000002	-138.112645	-0.289085	-128.840972	-0.382008	-87.775872	-0.460820	-117.917483	-0.307882
2790.000002	-123.879552	0.295699	-122.520892	-0.132270	-85.590854	0.396531	-129.833395	0.488414
2800.000002	-120.637656	0.484865	-124.598948	0.124302	-83.636691	-0.306617	-127.763324	0.078159
2810.000002	-122.185299	0.029539	-127.754580	-0.497686	-84.398387	-0.211479	-132.631362	0.251526
2820.000002	-145.557872	-0.144357	-127.251152	-0.091334	-88.722103	-0.276070	-125.422107	-0.090115
2830.000003	-122.351354	-0.333829	-126.470711	0.198778	-76.014934	-0.390736	-122.048906	-0.112507
2840.000003	-130.574961	-0.102405	-123.493805	-0.190525	-75.242847	0.305788	-140.631736	0.244651
2850.000003	-128.110393	0.247316	-125.116636	0.156282	-84.516282	0.157023	-126.279002	0.444501
2860.000003	-128.126261	0.393912	-126.655746	-0.003725	-76.679733	0.005794	-119.799253	0.163016
2870.000003	-134.201827	0.400996	-121.808435	0.290292	-84.221641	0.022842	-127.017328	0.247429
2880.000003	-134.347952	-0.398330	-121.973704	-0.186200	-78.591537	0.112818	-99.102017	0.354657
2890.000003	-127.804340	-0.477116	-124.298571	0.360140	-78.740630	0.032484	-121.733411	-0.489505
2900.000003	-127.803131	-0.238546	-127.724122	-0.347615	-97.953037	0.452587	-123.957788	0.490063
2910.000003	-121.235089	-0.333394	-128.735350	0.256351	-82.658289	-0.303773	-122.325463	-0.038716
2920.000003	-120.053744	-0.079488	-141.121398	-0.356258	-76.590705	0.287806	-120.716937	-0.018587
2930.000003	-123.399727	-0.406940	-129.676811	-0.048898	-86.209891	0.397375	-132.036980	-0.129470
2940.000003	-127.324001	0.316793	-122.573016	0.147175	-80.438615	0.356635	-129.382755	-0.169524
2950.000003	-128.046034	0.411221	-124.508716	-0.144073	-79.124448	-0.356389	-124.160956	-0.417675
2960.000003	-128.098850	-0.296883	-124.791301	0.170901	-81.434666	-0.325001	-124.721610	-0.447113
2970.000003	-120.353637	0.220948	-129.978953	-0.024719	-81.771611	-0.011201	-127.783692	0.296764
2980.000003	-139.094309	0.183855	-121.659803	0.427681	-88.353536	0.099171	-123.176515	0.061072
2990.000003	-128.589571	0.347032	-120.716484	-0.477867	-80.414219	-0.234423	-141.294998	-0.415595
3000.000003	-135.969275	-0.007510	-149.945282	0.167237	-81.985681	-0.063366	-123.749533	-0.418741
3010.000003	-127.905669	0.416114	-122.618268	0.430174	-77.200891	0.491368	-127.140075	-0.499955
3020.000003	-131.342660	-0.281315	-132.008658	0.261032	-81.310308	0.369863	-128.443234	-0.109099
3030.000003	-121.185922	-0.117286	-126.084290	-0.298998	-81.070546	0.263318	-121.716756	-0.340110
3040.000003	-132.851136	-0.021563	-130.644435	0.040941	-80.535488	-0.170077	-141.442852	-0.105403
3050.000003	-126.388180	0.210054	-124.942455	0.026187	-86.102410	0.233314	-125.778104	0.375791
3060.000003	-122.693398	-0.069233	-124.000255	0.224783	-80.427310	-0.443935	-132.885729	0.385822
3070.000003	-126.341125	0.229901	-119.671643	0.050717	-77.700852	0.158070	-125.053741	0.198938
3080.000003	-121.949692	0.184172	-123.246245	-0.059717	-84.510835	0.021851	-127.904083	0.470358
3090.000003	-118.295737	-0.035107	-140.210947	0.482047	-86.449541	-0.264445	-126.474818	-0.112573
3100.000003	-124.597843	-0.143632	-124.287146	0.271292	-79.182346	0.366802	-122.212594	0.017946
3110.000003	-122.123662	-0.157571	-130.467949	0.007667	-80.076625	0.495052	-132.823140	0.384438
3120.000003	-128.504384	0.424524	-125.110206	-0.004750	-85.277376	0.386016	-129.222522	-0.080751
3130.000003	-118.292105	-0.070017	-124.974126	-0.112028	-75.998304	0.019188	-122.316624	-0.100231
3140.000003	-128.292145	0.150147	-121.737150	-0.160277	-81.878503	0.420967	-137.539587	0.292967
3150.000003	-126.299863	-0.140000	-123.842847	-0.314008	-86.606027	0.248024	-141.507797	0.073212
3160.000003	-141.394039	0.119499	-124.182985	-0.233217	-79.963351	-0.420617	-128.641880	-0.209707
3170.000003	-130.002507	-0.291087	-126.904082	0.359998	-82.418665	0.267475	-127.594895	-0.499665
3180.000003	-126.065753	-0.405165	-118.491545	0.491787	-80.717920	-0.453676	-121.968209	0.384789
3190.000003	-122.721684	0.170616	-133.595351	-0.052815	-80.407910	0.350036	-130.098072	-0.499754
3200.000003	-129.517351	0.412338	-120.290302	0.256726	-82.049367	0.128912	-106.764045	-0.384568
3210.000003	-129.167377	0.052015	-134.243331	0.201015	-82.773336	0.296365	-131.843144	0.167177
3220.000003	-129.784905	0.442670	-124.566898	0.080225	-86.761010	-0.320527	-131.472457	-0.022224
3230.000003	-128.111450	-0.188196	-138.109520	0.429704	-81.626116	0.188505	-128.745820	-0.106315
3240.000003	-135.097852	-0.206163	-127.871200	0.352806	-84.639886	0.298384	-127.798193	0.151173
3250.000003	-119.784408	-0.374330	-120.110093	-0.114417	-78.924118	0.069853	-127.555212	-0.282355
3260.000003	-123.064664	-0.428654	-125.494883	0.472952	-89.473122	0.420151	-123.285771	0.347783
3270.000003	-127.739506	0.261517	-135.251022	-0.478322	-81.446868	-0.461502	-132.164365	0.288079
3280.000003	-122.116465	0.452426	-145.028971	0.440492	-88.921460	0.167936	-122.192258	-0.284471
3290.000003	-121.615774	-0.237059	-134.675011	0.270512	-86.268574	0.377337	-126.985892	0.136225
3300.000003	-126.119433	-0.419540	-134.339393	-0.208717	-92.096903	0.368972	-124.956350	0.396322
3310.000003	-127.862412	0.042816	-128.757436	0.042650	-81.567140	-0.008172	-135.236250	0.242839
3320.000003	-127.286727	0.084741	-120.012718	-0.317149	-80.444223	0.071976	-125.110814	-0.165862
3330.000003	-131.163213	0.392792	-134.542299	-0.266958	-83.027073	-0.205277	-133.749498	-0.198348
3340.000003	-129.327313	-0.038542	-128.663491	0.174115	-79.135100	0.488777	-120.212274	-0.409574
3350.000003	-136.027046	0.147837	-127.016010	-0.491228	-88.909086	-0.118021	-124.968329	0.237233
3360.000003	-129.143004	0.297961	-125.742199	0.017034	-88.007518	0.083473	-127.460341	-0.469665
3370.000003	-125.941333	-0.322846	-125.228534	-0.379809	-83.606156	-0.097066	-125.771614	-0.057019
3380.000003	-128.096971	0.221613	-124.544942	0.485802	-75.375150	0.112516	-120.806042	-0.084673
3390.000003	-128.294234	-0.463057	-129.922953	-0.378579	-89.164028	0.223810	-123.474685	0.149237
3400.000003	-126.746316	0.267526	-123.429766	-0.360104	-93.653399	-0.441513	-133.020653	0.249954
3410.000003	-129.296523	-0.112099	-124.893314	-0.366907	-86.993597	0.121074	-121.289413	0.198298
3420.000003	-134.866597	0.373470	-126.788874	-0.042623	-80.614113	0.422446	-120.601687	0.251446
3430.000003	-128.848254	-0.319455	-128.492812	0.040042	-82.333032	-0.230501	-126.721848	0.484354
3440.000003	-124.291174	-0.239712	-127.667696	0.000725	-82.689302	0.177325	-127.494273	0.441212
3450.000003	-121.278271	0.249096	-124.170827	-0.217053	-78.913443	0.235513	-123.593424	-0.446157
3460.000003	-122.743447	0.385189	-120.324906	0.364187	-77.830183	-0.385694	-122.544078	0.307138
3470.000003	-128.581813	-0.007621	-130.286227	-0.355326	-87.688714	-0.257268	-130.163722	0.151467
3480.000003	-128.239877	0.426813	-127.441968	-0.119271	-84.532505	-0.046199	-130.199570	0.198038
3490.000003	-124.799383	0.279255	-123.446392	0.239542	-82.502150	0.388301	-123.190690	0.469824
3500.000003	-128.558107	0.381367	-125.366827	-0.239863	-86.881211	-0.287904	-127.036141	-0.299282
3510.000003	-128.026335	-0.381374	-122.889043	0.167230	-83.863534	0.133956	-126.557069	-0.001286
3520.000003	-139.862172	0.018448	-130.180795	-0.348665	-76.593950	-0.077941	-102.029562	-0.126974
3530.000003	-119.106879	0.297620	-123.661427	-0.020136	-82.530493	-0.190822	-132.621424	-0.456328
3540.000003	-129.819029	-0.121201	-127.034021	-0.411736	-84.625220	0.438943	-132.509896	-0.224606
3550.000003	-121.039387	-0.370852	-125.347905	0.477873	-89.287122	0.240656	-122.332735	-0.303413
3560.000003	-126.957113	-0.030151	-133.720358	0.328631	-90.023610	-0.351930	-125.728835	0.406125
3570.000003	-124.391121	0.219862	-123.440318	0.088820	-83.012428	-0.271724	-128.996031	0.333240
3580.000003	-124.799432	-0.037405	-125.799250	0.228161	-78.409432	0.024169	-131.065762	-0.053932
3590.000003	-136.169461	-0.020048	-124.906131	-0.460472	-77.699643	0.318206	-132.968491	0.330116
3600.000003	-121.556110	0.373467	-125.748135	-0.017928	-86.688496	0.019322	-139.618539	-0.083973
3610.000003	-127.253500	0.214533	-130.303089	-0.373057	-81.923684	-0.117684	-121.422047	0.038672
3620.000003	-125.176760	-0.292144	-127.532673	0.197123	-78.035029	0.102323	-129.356491	-0.139397
3630.000003	-134.934597	-0.366397	-135.078989	-0.190784	-89.880611	0.076876	-128.228349	0.135634
3640.000003	-129.193132	-0.183082	-138.287194	-0.242774	-81.969836	0.118324	-131.213820	-0.278563
3650.000003	-125.214799	-0.013131	-124.187912	-0.046516	-81.890155	0.495237	-126.245200	-0.279782
3660.000003	-134.559984	0.440210	-119.819755	-0.047578	-78.852855	-0.451231	-119.980453	0.118371
3670.000003	-125.897967	0.253516	-124.992533	0.388450	-83.123681	0.478015	-124.871850	-0.001780
3680.000003	-125.181318	0.234506	-126.286741	0.136727	-81.931418	0.048721	-126.785017	0.345544
3690.000003	-124.397477	-0.170805	-125.115107	-0.322287	-83.303843	0.302178	-126.066035	-0.255536
3700.000003	-120.850794	0.111008	-125.793518	-0.324302	-80.940428	0.362494	-123.060001	-0.402730
3710.000003	-133.588049	-0.486419	-132.872440	-0.025220	-84.591464	0.335287	-123.253167	-0.421374
3720.000003	-129.102312	-0.277247	-123.875273	-0.313721	-107.247314	0.355656	-129.268382	-0.099880
3730.000003	-119.013483	-0.210327	-128.769483	-0.097557	-81.290733	-0.357391	-125.889057	0.233252
3740.000003	-124.568528	-0.289827	-122.012666	-0.131019	-83.851163	-0.437882	-132.138749	-0.229597
3750.000003	-126.766805	-0.377916	-127.166118	-0.469128	-78.721343	-0.331446	-135.334744	-0.012043
3760.000003	-118.527188	-0.074169	-135.310434	0.060402	-84.983263	-0.309408	-143.979152	-0.169238
3770.000003	-122.512217	-0.282456	-124.116460	0.164094	-98.469586	-0.425146	-121.644212	0.169616
3780.000003	-127.868585	-0.345765	-126.410717	-0.264598	-83.594330	-0.368703	-125.655557	0.180982
3790.000003	-122.994523	-0.477215	-134.522014	0.131126	-87.387229	0.489631	-126.335874	-0.459359
3800.000003	-117.615153	0.215926	-129.968665	-0.387870	-81.584734	-0.345406	-125.413584	-0.077792
3810.000003	-129.564079	-0.090635	-123.543444	0.016631	-87.384166	-0.405502	-136.038861	0.398218
3820.000003	-127.851411	-0.091141	-133.821631	-0.010869	-87.778306	0.387460	-124.407741	-0.385765
3830.000003	-119.645573	-0.196705	-121.177200	-0.350962	-80.435228	-0.262138	-128.957490	0.220450
3840.000003	-125.468950	-0.388003	-125.107071	0.029528	-85.291613	0.204390	-118.215989	0.088991
3850.000003	-122.880104	-0.218778	-127.011309	-0.479899	-82.893980	-0.105571	-129.146655	-0.431850
3860.000003	-118.186362	0.411401	-130.137594	-0.469095	-89.508026	0.197806	-137.372390	-0.234954
3870.000003	-126.398943	0.098361	-132.609106	0.201312	-81.051026	0.199289	-129.513736	0.242501
3880.000003	-121.531111	-0.267382	-131.126070	-0.246290	-86.071583	0.200647	-118.973870	0.074487
3890.000003	-138.160016	-0.277197	-133.346973	0.059700	-86.687053	0.386676	-126.863785	-0.317739
3900.000003	-130.549554	-0.456392	-124.155447	-0.225022	-85.569363	0.274053	-130.153059	-0.417188
3910.000003	-126.541899	-0.125403	-127.386875	-0.105420	-80.173221	0.082553	-135.306923	0.272255
3920.000003	-131.513982	-0.363532	-118.270883	0.225095	-88.684486	0.292380	-124.715765	0.356707
3930.000003	-127.058803	-0.031986	-122.700928	0.136078	-82.532479	0.452622	-131.173190	0.248403
3940.000003	-130.808085	0.030151	-151.041801	-0.023312	-81.004216	0.390147	-138.005519	-0.365044
3950.000003	-125.599877	-0.302536	-123.731007	-0.042314	-82.607428	0.090253	-124.095149	-0.140414
3960.000004	-122.729358	0.328183	-118.324746	0.328593	-77.160765	-0.247654	-123.952053	0.308693
3970.000004	-130.447490	0.086696	-140.992996	-0.002813	-90.150605	0.317994	-140.173032	0.316977
3980.000004	-122.362502	0.032518	-129.914343	0.294671	-84.987135	-0.330226	-120.040355	0.078399
3990.000004	-135.624555	-0.199858	-121.143672	-0.305006	-81.207718	0.399495	-118.303564	-0.283173
4000.000004	-131.466341	-0.235148	-121.750313	0.459648	-80.697240	0.240757	-123.798552	0.483236
4010.000004	-126.645735	0.195619	-120.775974	0.372562	-87.404833	0.473052	-125.207276	-0.445280
4020.000004	-123.367399	-0.121374	-124.696004	-0.150056	-85.361894	0.338949	-129.530070	-0.449019
4030.000004	-133.270191	-0.318874	-141.279487	0.254039	-86.100975	0.205668	-122.528639	-0.205783
4040.000004	-147.079008	0.316589	-122.940489	-0.393940	-86.006154	-0.428338	-130.104588	-0.425512
4050.000004	-136.325224	-0.285188	-123.702945	0.138429	-84.031980	0.003692	-131.037824	-0.335302
4060.000004	-121.757608	-0.000672	-127.343868	0.093519	-75.684377	0.080278	-132.302387	0.494865
4070.000004	-127.592075	0.386156	-125.116434	0.459509	-93.644189	0.359460	-121.887116	-0.490993
4080.000004	-129.541743	0.157178	-150.663935	-0.276292	-93.179125	0.360983	-126.220079	0.098207
4090.000004	-132.631606	-0.180848	-125.186048	0.162504	-76.063787	0.160236	-121.464333	0.384132
4100.000004	-151.471750	0.499182	-124.711283	0.388677	-78.799530	-0.370625	-122.515353	-0.208982
4110.000004	-121.483292	-0.315039	-127.616038	-0.354420	-87.088624	0.118537	-130.031933	-0.040149
4120.000004	-125.745793	0.086188	-127.466645	0.222438	-87.632123	0.336349	-124.474029	0.396217
4130.000004	-125.735407	0.213742	-121.110389	-0.202847	-86.000633	-0.471228	-127.341545	-0.112178
4140.000004	-130.135319	-0.087185	-116.114716	0.153722	-86.634297	-0.148897	-130.130834	0.423859
4150.000004	-117.962125	-0.034753	-128.585619	0.429345	-88.869490	-0.173804	-126.286543	-0.276543
4160.000004	-125.301337	-0.195933	-130.115536	-0.176706	-94.244171	0.027882	-107.109662	-0.089144
4170.000004	-125.921690	-0.249544	-122.611045	-0.384832	-88.404802	0.396619	-136.174691	0.094731
4180.000004	-130.262062	0.117163	-131.929936	-0.230341	-83.584254	0.339641	-129.894736	0.145574
4190.000004	-119.135729	-0.333279	-117.606263	-0.322910	-80.251591	-0.358499	-125.861473	0.342580
4200.000004	-133.839680	-0.123129	-128.325866	-0.011993	-82.000329	0.208358	-121.332781	0.006615
4210.000004	-129.656360	-0.083283	-131.689193	0.297989	-84.206606	0.427742	-133.563861	0.302592
4220.000004	-121.076170	-0.376985	-121.195999	-0.402434	-85.266896	-0.304061	-129.931090	0.205413
4230.000004	-121.102378	-0.108686	-125.379505	-0.046874	-87.440112	-0.256968	-121.629015	0.499259
4240.000004	-126.822868	-0.268913	-126.149489	-0.274365	-86.159149	0.395212	-127.673205	-0.161603
4250.000004	-139.737666	-0.286689	-126.120752	-0.473798	-88.259431	0.279940	-141.740894	-0.371093
4260.000004	-123.516051	0.167850	-130.763948	-0.437473	-88.803343	0.468054	-132.493654	0.427947
4270.000004	-134.157718	0.133995	-130.730757	-0.387579	-79.174057	-0.442054	-124.147836	-0.438907
4280.000004	-128.869202	-0.383678	-124.830255	-0.139513	-84.373575	-0.258502	-127.202777	-0.273921
4290.000004	-126.244601	0.464045	-130.013675	0.433149	-79.780271	0.242420	-116.752540	0.183718
4300.000004	-124.188445	-0.278852	-131.436745	-0.450971	-83.949174	-0.005116	-124.765281	-0.166659
4310.000004	-119.723111	-0.303938	-127.557713	0.349910	-94.334152	-0.429899	-126.958205	-0.329650
4320.000004	-127.449166	0.216302	-129.477113	-0.216822	-76.010583	-0.272763	-128.639010	-0.408143
4330.000004	-122.431119	-0.363241	-139.284445	-0.204836	-86.082616	-0.123690	-124.855082	-0.054834
4340.000004	-133.923008	0.363846	-129.087254	-0.497582	-78.454616	-0.233059	-125.827151	-0.031774
4350.000004	-121.016445	0.239079	-127.202016	0.351267	-91.595952	0.366015	-135.294320	0.362369
4360.000004	-127.141367	-0.402923	-130.064568	-0.101913	-83.724899	0.160000	-124.706183	0.319030
4370.000004	-142.411359	0.366382	-131.818415	-0.101295	-82.061548	-0.333695	-126.570036	0.267242
4380.000004	-128.234598	0.407746	-126.397640	0.384894	-90.139657	0.200273	-129.296530	-0.194166
4390.000004	-121.579276	-0.462645	-127.178077	-0.348848	-75.592355	-0.002966	-117.092195	0.308433
4400.000004	-136.418093	0.262455	-127.249404	0.195892	-77.981234	0.256986	-124.516277	-0.452697
4410.000004	-121.769764	-0.056106	-122.711451	-0.429673	-82.565315	0.385486	-130.995234	-0.115814
4420.000004	-126.583492	0.191160	-120.101437	0.324793	-86.242177	-0.492792	-130.517125	-0.139169
4430.000004	-128.411978	0.349237	-125.425727	0.034915	-80.150951	-0.242700	-123.735981	0.298598
4440.000004	-122.383019	-0.064573	-118.850504	-0.202593	-90.660158	-0.033278	-129.245074	-0.395194
4450.000004	-124.034139	0.383029	-127.569337	-0.251634	-80.970584	-0.015200	-118.078247	0.205818
4460.000004	-143.736138	-0.040424	-127.310974	-0.094254	-90.103036	-0.157794	-131.221879	0.176965
4470.000004	-132.951318	0.138448	-132.202586	-0.320007	-82.833780	-0.498047	-130.593158	0.332501
4480.000004	-126.305224	-0.313563	-124.377107	-0.497681	-81.386045	-0.192161	-103.209674	0.167956
4490.000004	-121.198315	-0.350946	-141.848545	-0.113094	-80.179769	-0.482360	-128.790579	0.247938
4500.000004	-135.405796	-0.301651	-122.671502	0.452316	-80.805716	0.196962	-126.693703	0.399182
4510.000004	-126.097601	-0.069417	-128.114574	-0.292570	-84.340740	0.275291	-123.922959	0.317286
4520.000004	-126.164856	-0.414912	-121.781807	-0.320755	-99.695079	-0.192100	-120.741683	0.161000
4530.000004	-128.093745	-0.419603	-128.037204	-0.267485	-86.731826	0.346455	-129.811749	0.440910
4540.000004	-123.304436	-0.341325	-129.194575	-0.485093	-89.063599	-0.047001	-138.807678	0.216115
4550.000004	-134.481686	0.483607	-125.291490	-0.196342	-87.102073	-0.228954	-128.684684	-0.435244
4560.000004	-131.628700	0.425565	-133.697401	0.323258	-98.282595	0.451521	-125.466557	-0.414923
4570.000004	-125.264086	-0.245967	-119.753952	-0.392082	-86.291652	0.417700	-119.134074	0.316609
4580.000004	-124.369524	0.466427	-129.625115	-0.075362	-78.407433	-0.414326	-120.464677	0.107299
4590.000004	-119.585338	0.425572	-134.739315	0.466269	-81.354003	0.036874	-125.557582	0.340839
4600.000004	-127.235292	0.061131	-130.506653	0.132137	-86.606912	0.387880	-122.862721	-0.342161
4610.000004	-127.224449	-0.457263	-129.746450	0.386441	-84.116663	3.865523E-5	-119.972926	0.358969
4620.000004	-126.661470	0.312637	-129.564483	0.225204	-78.959907	-0.072191	-123.615207	0.123423
4630.000004	-133.963853	0.449191	-126.234310	-0.421073	-85.239721	0.110692	-126.166846	0.253575
4640.000004	-133.818456	-0.244605	-139.189053	-0.370011	-85.841827	-0.297831	-142.030504	-0.008313
4650.000004	-123.670300	0.225939	-122.269452	-0.490635	-85.210321	-0.106536	-127.385278	-0.349834
4660.000004	-123.979193	0.354209	-128.912054	-0.008420	-82.870885	-0.185528	-128.226264	-0.185100
4670.000004	-120.681784	0.213302	-122.827715	0.127976	-83.221240	0.047941	-120.101138	0.236429
4680.000004	-145.806150	0.420182	-128.684193	0.100317	-90.700628	-0.325243	-126.806616	0.030042
4690.000004	-130.957178	0.447242	-122.630940	-0.022904	-88.286197	-0.406280	-119.146784	-0.243722
4700.000004	-125.336608	0.087377	-127.542514	0.498614	-86.659403	-0.438082	-123.920899	-0.241587
4710.000004	-126.808570	0.071163	-125.128290	0.231532	-79.626237	0.243966	-119.615975	0.097211
4720.000004	-129.862231	0.250781	-125.867165	-0.080544	-79.659852	0.158108	-126.401081	-0.112877
4730.000004	-126.206264	-0.426045	-126.605860	0.488773	-87.933747	-0.491974	-130.713833	0.156237
4740.000004	-127.766078	-0.499977	-132.503862	-0.346490	-83.123352	0.034980	-132.844487	0.361975
4750.000004	-125.282988	-0.488638	-138.909919	0.050410	-81.230189	0.160424	-147.746171	0.256322
4760.000004	-128.641358	0.210326	-124.523327	0.367636	-76.093035	0.280498	-120.827223	0.131807
4770.000004	-122.416566	-0.172359	-125.028325	0.394048	-75.916230	-0.258534	-126.570417	0.406990
4780.000004	-122.187482	0.161334	-128.791194	0.211231	-79.298970	-0.451590	-126.311718	0.431067
4790.000004	-121.877110	0.383736	-123.402833	-0.447298	-86.584214	0.260536	-131.987485	0.365256
4800.000004	-123.650820	-0.052198	-122.929039	0.307579	-86.088255	0.383150	-103.501809	0.426337
4810.000004	-123.049720	0.038616	-129.303296	0.373984	-87.730064	-0.297254	-128.242856	-0.194076
4820.000004	-124.171606	0.272100	-130.980570	0.067357	-84.231169	0.146278	-128.765518	-0.032155
4830.000004	-120.187682	-0.474262	-122.838594	0.431271	-89.955268	0.333884	-128.105650	-0.366381
4840.000004	-138.202227	-0.052394	-124.555363	-0.087642	-90.786992	0.187749	-130.302023	-0.114348
4850.000004	-131.000799	-0.186570	-130.846420	0.234889	-81.126039	-0.184053	-123.194068	0.403461
4860.000004	-128.890961	-0.249131	-134.953338	0.310392	-79.327127	0.206328	-124.945914	-0.182495
4870.000004	-123.902296	-0.460895	-131.295385	0.128080	-85.086811	0.143962	-130.219111	0.021948
4880.000004	-127.818991	0.008412	-131.594141	0.305989	-80.777231	-0.222473	-131.435490	-0.429091
4890.000004	-133.875945	0.237030	-122.680484	-0.207585	-80.523084	-0.072176	-132.137300	0.379020
4900.000004	-126.859030	-0.245613	-128.093951	-0.370874	-86.968576	0.013071	-138.616709	0.335904
4910.000004	-129.788735	0.017782	-126.313970	-0.289850	-83.166283	-0.210553	-127.888291	-0.131465
4920.000004	-131.395410	-0.218856	-130.503525	-0.472401	-83.341122	0.375883	-132.326891	0.410952
4930.000004	-124.169425	-0.412266	-126.761584	-0.489107	-94.540636	-0.379917	-124.690763	-0.319741
4940.000004	-135.812553	-0.415644	-130.489837	0.035523	-91.362493	0.181971	-139.444086	0.172976
4950.000004	-134.962236	0.038340	-129.017571	0.492228	-83.802979	-0.113385	-120.903281	-0.107784
4960.000004	-134.568365	0.235313	-120.891981	-0.110235	-83.437536	-0.130324	-125.171978	-0.171381
4970.000004	-129.079987	0.321983	-136.944306	-0.223315	-77.542501	-0.294020	-126.673459	-0.377547
4980.000004	-126.377209	-0.119293	-137.227032	0.438258	-88.668618	-0.495900	-128.399404	-0.366788
4990.000004	-130.497835	0.313399	-128.778480	0.363658	-81.070951	-0.282327	-134.343595	0.132202
5000.000004	-122.035646	0.061190	-131.397224	-0.466625	-79.833370	-0.181260	-121.863772	-0.142240
5010.000004	-131.340397	-0.395932	-123.172491	-0.250370	-75.888735	-0.139415	-128.257766	-0.143272
5020.000004	-127.241619	-0.121168	-127.489807	-0.183963	-84.964688	-0.205475	-121.479048	-0.182035
5030.000004	-130.712944	-0.405705	-128.666340	-0.311320	-83.088621	0.108539	-124.745308	-0.414090
5040.000004	-119.769200	-0.116259	-132.678644	-0.356973	-85.096758	-0.398303	-127.840797	0.156131
5050.000004	-124.072227	-0.451968	-134.762598	-0.259692	-91.876314	0.499724	-125.095874	-0.486733
5060.000004	-129.498086	-0.161290	-123.309394	0.293966	-76.387085	0.167745	-127.906326	0.369580
5070.000004	-130.647574	0.456912	-122.987136	-0.013577	-82.611027	0.497705	-127.672967	0.238496
5080.000005	-122.087889	-0.433240	-129.606899	-0.208103	-87.974371	-0.388805	-130.985473	-0.410967
5090.000005	-141.501094	0.066422	-127.866704	0.100513	-82.395298	0.231001	-125.626773	-0.108086
5100.000005	-125.604783	-0.038783	-127.730757	-0.344806	-82.879771	0.227147	-150.267774	-0.464433
5110.000005	-126.718574	-0.452999	-126.461684	0.279544	-82.882372	-0.393376	-121.243640	0.317110
5120.000005	-131.167560	0.479622	-122.868023	-0.439954	-83.291894	0.429966	-120.079717	0.331810
5130.000005	-121.227596	0.364369	-156.075698	0.455552	-75.654108	-0.046218	-128.015412	0.454589
5140.000005	-127.964459	0.459869	-128.163647	0.008488	-77.695044	-0.446921	-125.053595	-0.186093
5150.000005	-124.653376	0.192561	-133.757198	-0.120973	-90.423667	0.232851	-128.775448	0.191755
5160.000005	-126.257119	-0.253270	-123.473468	-0.096952	-79.036085	-0.002057	-129.570839	-0.022723
5170.000005	-131.191511	-0.009691	-121.988624	-0.176957	-85.085328	-0.320975	-127.571214	0.172957
5180.000005	-123.177217	-0.256999	-123.203161	-0.276912	-87.804305	-0.068629	-130.501271	-0.009068
5190.000005	-119.830920	0.372631	-121.761542	0.309536	-79.447096	0.045025	-120.607071	0.472534
5200.000005	-124.272623	-0.176539	-129.836418	-0.478063	-88.211311	-0.351927	-125.167430	-0.050052
5210.000005	-127.828570	0.426092	-122.046381	0.154150	-86.433516	0.250532	-134.457266	0.499891
5220.000005	-122.660303	-0.223376	-135.995950	-0.001976	-88.624605	-0.220481	-127.465199	-0.354413
5230.000005	-130.146309	-0.214745	-120.450145	-0.466896	-88.210096	0.404184	-134.900368	-0.280003
5240.000005	-130.318678	0.184168	-122.487210	-0.234196	-81.211029	0.109778	-133.114279	-0.057513
5250.000005	-119.598834	0.184073	-129.455721	-0.072124	-90.369987	0.438706	-122.777503	0.370912
5260.000005	-133.302308	0.459266	-140.038750	0.225091	-84.857613	0.258042	-122.872726	0.499084
5270.000005	-129.047261	-0.114818	-144.870156	-0.317951	-84.903745	0.043830	-128.658301	0.495608
5280.000005	-130.160066	-0.473298	-126.039962	-0.364026	-85.085916	-0.128275	-135.300566	-0.010832
5290.000005	-139.547126	0.468868	-125.122640	-0.187065	-84.117332	-0.070612	-142.875646	-0.386158
5300.000005	-123.433647	0.064452	-132.042701	0.393424	-89.318218	-0.348249	-122.667087	0.102277
5310.000005	-127.571057	0.071056	-137.132729	-0.348173	-95.530554	-0.444481	-133.994814	-0.049076
5320.000005	-122.011896	-0.347410	-130.277461	-0.202943	-89.814322	-0.107988	-121.951756	-0.325533
5330.000005	-118.142952	0.061852	-124.878628	0.483906	-81.805163	0.034858	-122.568713	-0.001222
5340.000005	-121.012811	-0.193717	-126.307733	-0.275786	-103.094992	-0.328191	-121.398352	-0.390815
5350.000005	-126.263466	0.185267	-120.483601	0.212317	-78.943821	0.261942	-118.625087	-0.005855
5360.000005	-120.272979	-0.444736	-122.852270	-0.493788	-89.080298	-0.074804	-136.711403	0.194600
5370.000005	-124.627988	-0.113765	-131.880597	-0.180143	-100.746386	0.357672	-125.268092	-0.392212
5380.000005	-133.908437	-0.362471	-136.071759	-0.456220	-90.134485	-0.242840	-129.377176	-0.437963
5390.000005	-137.614886	0.101604	-124.720440	0.471365	-87.570110	-0.314515	-134.559660	-0.366475
5400.000005	-126.276896	-0.011711	-130.331064	-0.426938	-89.184807	-0.128482	-136.000000	0.341767
5410.000005	-128.943887	0.020832	-120.533121	-0.485446	-81.965003	0.393204	-136.379985	-0.184920
5420.000005	-124.372216	-0.200506	-124.052490	-0.386916	-87.924545	-0.491370	-126.972600	-0.214214
5430.000005	-124.333506	-0.168233	-129.883888	-0.164113	-82.905690	-0.005606	-123.372621	-0.355564
5440.000005	-136.616333	0.280292	-129.365089	-0.067010	-88.340768	0.050905	-106.483773	0.438798
5450.000005	-123.838978	-0.442950	-135.075435	0.242202	-80.977721	0.296807	-128.495317	0.425655
5460.000005	-126.275224	0.245172	-124.969867	0.247553	-82.945947	0.087672	-123.134625	-0.180895
5470.000005	-123.071384	-0.205544	-126.087745	-0.277772	-80.742760	-0.308883	-126.844586	-0.003725
5480.000005	-126.800537	-0.162968	-123.596686	-0.340616	-87.656878	0.341905	-123.241495	0.133873
5490.000005	-134.290323	-0.129392	-131.179014	-0.119037	-80.309696	-0.314411	-124.908483	-0.028972
5500.000005	-124.826681	-0.102064	-123.181586	-0.292296	-84.803630	-0.489176	-123.845614	-0.238434
5510.000005	-123.922429	0.308089	-131.049797	0.339252	-80.446692	-0.112156	-127.967205	0.431098
5520.000005	-124.376214	0.066851	-122.550803	0.094062	-89.035963	0.042129	-126.822406	0.043406
5530.000005	-133.069200	0.236258	-124.846327	0.249202	-83.758429	-0.321091	-125.855463	0.121768
5540.000005	-139.060603	0.150086	-123.985012	0.275564	-82.707689	-0.043121	-121.956631	0.061520
5550.000005	-123.053694	-0.354648	-125.458603	0.249338	-87.658746	-0.383239	-128.000043	0.455449
5560.000005	-129.655417	0.128897	-129.049273	-0.449556	-94.555894	-0.052729	-124.397941	-0.212827
5570.000005	-135.171197	-0.217144	-120.098607	0.186237	-80.952542	-0.078480	-125.516017	0.229671
5580.000005	-135.968615	0.377301	-141.635343	-0.111668	-80.609215	0.396330	-124.698978	-0.251158
5590.000005	-128.948681	-0.082733	-127.093663	-0.406546	-87.019000	-0.176749	-121.030068	-0.399270
5600.000005	-129.575396	-0.139227	-125.554013	0.265630	-86.373331	-0.101777	-129.662297	0.303365
5610.000005	-127.647201	0.246720	-126.199629	0.002632	-92.163008	0.486888	-122.095437	0.044013
5620.000005	-133.782962	-0.408018	-119.175935	0.254997	-79.603297	-0.350357	-127.424745	-0.194908
5630.000005	-129.947377	-0.185748	-124.444915	0.384950	-83.897642	-0.244906	-126.728406	-0.024794
5640.000005	-133.883103	-0.384027	-124.833136	-0.129406	-86.767866	-0.153353	-124.245961	0.134084
5650.000005	-129.694305	-0.015059	-119.800103	-0.256474	-82.636103	0.286937	-147.669552	-0.199213
5660.000005	-137.041494	0.322402	-121.201403	0.303443	-93.988347	0.046807	-134.593594	0.370958
5670.000005	-132.900858	-0.474956	-138.390357	0.322225	-83.459335	0.159239	-133.226933	0.302718
5680.000005	-122.366179	-0.496459	-128.208272	0.290448	-87.320220	0.230998	-123.919148	-0.470947
5690.000005	-136.313919	-0.021252	-131.972535	-0.013808	-86.305883	0.006573	-120.814760	-0.291428
5700.000005	-136.970368	0.316990	-132.747121	-0.076280	-81.557626	-0.030963	-124.920256	0.344746
5710.000005	-123.712710	0.187770	-123.808732	0.206154	-86.620314	-0.177747	-126.311281	0.080473
5720.000005	-128.045263	0.417533	-134.567600	-0.218276	-83.868923	-0.088255	-133.265305	0.109714
5730.000005	-134.925178	-0.214974	-126.493814	0.297024	-87.526703	0.177139	-124.044889	-0.156171
5740.000005	-127.221178	0.429870	-131.730478	0.346620	-83.291085	-0.208597	-145.799417	0.086652
5750.000005	-120.780309	-0.417987	-128.158025	-0.279768	-94.059866	0.182190	-125.009313	-0.437975
5760.000005	-123.129363	-0.118092	-138.185705	0.097323	-86.749194	0.307275	-104.420282	-0.302703
5770.000005	-127.528487	-0.045680	-123.998325	0.078927	-90.940060	-0.302005	-120.308893	0.198351
5780.000005	-132.997851	0.261270	-124.414702	0.193064	-81.435905	-0.239510	-133.244550	-0.205579
5790.000005	-134.665821	-0.362147	-128.532452	-0.052841	-83.652023	0.135086	-133.359241	0.478676
5800.000005	-134.935207	0.412769	-124.593619	0.436723	-85.974137	-0.458644	-119.881698	0.144288
5810.000005	-122.805314	-0.069347	-130.840455	0.126490	-80.704228	-0.018999	-135.603583	0.096325
5820.000005	-117.498155	0.003058	-131.225840	-0.145881	-80.997429	0.317817	-125.281901	0.251362
5830.000005	-131.720805	-0.375978	-127.579419	-0.243964	-86.536772	-0.054412	-128.621068	-0.341729
5840.000005	-127.999448	-0.021074	-119.373613	-0.291926	-83.209822	-0.086113	-129.060124	0.392683
5850.000005	-125.952478	-0.131804	-125.206546	-0.488458	-82.377826	-0.389215	-125.001690	0.010704
5860.000005	-122.648038	0.397187	-121.743821	-0.268614	-98.842129	-0.338273	-127.962513	-0.282263
5870.000005	-121.510539	-0.247177	-120.879299	0.417485	-90.635719	-0.265470	-123.625264	-0.146512
5880.000005	-126.832591	0.307486	-125.712912	-0.038414	-93.196142	-0.098588	-122.834551	-0.108029
5890.000005	-124.430562	-0.474024	-124.209148	0.394531	-89.811495	-0.126322	-125.712235	0.306138
5900.000005	-130.158342	-0.225817	-136.806656	-0.188377	-82.288349	-0.229246	-135.670857	-0.011342
5910.000005	-129.452548	-0.119963	-129.121100	-0.104513	-87.585046	0.085752	-130.395091	-0.313289
5920.000005	-129.556162	0.264015	-125.642083	-0.368835	-88.718154	0.091637	-126.775992	0.132976
5930.000005	-133.895605	0.416439	-125.249114	0.189671	-84.738987	0.470031	-128.455521	-0.205200
5940.000005	-121.400482	0.209222	-122.835592	-0.330040	-81.178387	0.200346	-128.588805	0.190932
5950.000005	-119.228060	-0.495001	-123.932008	0.106413	-81.239597	0.054545	-125.015721	0.428877
5960.000005	-129.166483	-0.125283	-135.067993	0.183953	-81.385326	0.263244	-128.049367	0.100570
5970.000005	-117.299560	0.053658	-123.787038	0.100604	-90.117198	-0.090951	-126.909645	-0.496365
5980.000005	-125.087651	0.179697	-119.971626	-0.115904	-93.578270	-0.193633	-120.250510	0.003299
5990.000005	-125.430343	0.353065	-122.282183	-0.010697	-85.393252	-0.478681	-120.639431	-0.275142
6000.000005	-125.379129	0.189132	-128.673319	0.124041	-83.104840	-0.289908	-133.290564	0.232643
6010.000005	-131.107440	0.069977	-130.031314	0.231775	-85.569176	-0.195742	-133.241002	-0.141973
6020.000005	-143.515506	0.334677	-122.450194	0.359448	-102.195979	0.422895	-140.017626	-0.307733
6030.000005	-122.478153	-0.089460	-131.635606	0.089306	-81.349409	-0.175307	-124.059753	0.494168
6040.000005	-132.353866	-0.370376	-125.172663	0.261624	-89.041385	0.325030	-127.935528	-0.179951
6050.000005	-127.016982	0.281701	-126.974888	0.347348	-84.251126	0.048454	-128.173843	0.494687
6060.000005	-121.448063	0.076883	-121.305260	-0.082161	-84.457607	-0.229087	-131.292052	0.109634
6070.000005	-123.142455	0.245140	-125.264907	0.003504	-83.978201	0.194765	-123.860989	0.373351
6080.000005	-125.460694	0.177762	-147.724123	0.232099	-93.376980	0.145815	-112.863312	0.413428
6090.000005	-124.199190	0.333292	-132.576727	0.160409	-84.628576	0.036095	-126.599648	-0.320737
6100.000005	-127.901894	-0.080092	-125.305791	-0.324373	-84.292716	0.126649	-120.111354	0.122454
6110.000005	-125.341772	0.184417	-126.303123	-0.272324	-80.656623	-0.396109	-137.457898	-0.067682
6120.000005	-124.904353	0.108284	-129.075538	0.064715	-78.714998	0.335608	-132.039476	-0.428757
6130.000005	-124.945635	-0.414211	-124.706566	0.494723	-88.945730	0.360366	-125.187242	0.298183
6140.000005	-125.353679	0.129281	-126.775852	0.069620	-88.830695	-0.070745	-125.566162	0.210931
6150.000005	-133.025663	-0.053921	-127.597521	-0.496874	-95.177732	-0.446448	-122.635572	-0.374510
6160.000005	-133.053952	-0.003556	-126.421944	0.421127	-100.101788	0.254975	-129.167383	0.348230
6170.000005	-125.382298	-0.369782	-128.055894	0.437789	-84.235715	0.103319	-124.573684	0.148446
6180.000005	-125.531496	-0.171005	-127.377539	-0.153210	-86.782680	-0.236463	-127.865442	-0.256860
6190.000005	-124.913878	-0.321002	-127.467119	0.003493	-96.372774	0.296285	-125.152636	-0.167437
6200.000005	-132.904923	0.153237	-125.274412	0.380588	-86.994399	-0.478272	-123.325247	0.448417
6210.000006	-127.116274	-0.145582	-118.976274	0.271312	-88.018773	0.181938	-123.018572	-0.456618
6220.000006	-129.255996	0.360829	-128.560002	-0.203494	-87.789981	0.202195	-121.889240	0.330328
6230.000006	-125.634218	0.350081	-123.802252	0.375609	-83.384906	0.483079	-133.351782	0.094594
6240.000006	-128.057156	-0.469726	-128.309013	0.160787	-85.411633	-0.004043	-130.035889	-0.323321
6250.000006	-132.230061	-0.453244	-146.449090	-0.163140	-84.978976	0.343806	-123.588028	-0.032759
6260.000006	-131.296626	-0.247805	-137.071914	-0.332648	-89.387052	0.027232	-119.149780	0.196233
6270.000006	-133.882845	0.445095	-123.760154	-0.024116	-82.743607	0.492225	-137.960809	-0.456731
6280.000006	-118.230424	-0.014004	-131.084143	0.085132	-85.680415	0.297712	-120.659039	0.095048
6290.000006	-121.587228	0.263760	-123.878330	0.303406	-84.237018	0.079716	-126.423160	0.063842
6300.000006	-122.339772	0.164548	-129.598278	0.091471	-80.859671	0.498730	-122.711838	0.395957
6310.000006	-123.556996	0.379675	-122.989283	-0.379902	-81.144833	0.447078	-126.628223	0.161554
6320.000006	-128.700336	0.135416	-125.024339	-0.281623	-92.951812	0.347209	-123.017211	0.172519
6330.000006	-129.246599	0.104927	-124.048514	0.005971	-88.190077	-0.042046	-121.734840	-0.086908
6340.000006	-123.743522	0.373160	-123.209081	0.308218	-82.316972	0.310426	-123.335274	0.239059
6350.000006	-139.449735	-0.020580	-127.659662	-0.150373	-95.403561	-0.395040	-119.437112	0.474592
6360.000006	-135.140418	0.398621	-137.693460	0.111834	-82.351266	0.234044	-122.235159	-0.031147
6370.000006	-130.221636	0.187427	-130.306907	0.472265	-87.955864	-0.301798	-120.256663	-0.444592
6380.000006	-126.870164	0.380891	-124.935701	0.058546	-81.372305	-0.111624	-126.030462	-0.366669
6390.000006	-119.017485	-0.271393	-125.196787	0.321923	-89.513615	0.154356	-135.506259	0.395799
6400.000006	-125.247361	0.468233	-135.507993	0.391042	-83.164202	0.157696	-113.615116	0.242713
6410.000006	-134.660558	-0.073699	-123.913022	-0.484767	-88.458152	-0.237305	-129.999803	-0.449125
6420.000006	-134.307684	0.469245	-125.917127	0.298740	-81.086800	-0.316486	-135.137656	-0.325660
6430.000006	-128.495447	-0.126297	-134.625683	0.342005	-84.520937	-0.474268	-119.742608	-0.216923
6440.000006	-119.796708	0.356838	-130.165129	0.341636	-82.650829	-0.368900	-131.534594	-0.297800
6450.000006	-127.848163	-0.059035	-122.313990	-0.111596	-85.417911	0.390064	-128.605147	0.088412
6460.000006	-119.600827	-0.264305	-127.144535	-0.390931	-98.934907	-0.206223	-143.238680	0.062138
6470.000006	-127.619974	0.269304	-123.638743	0.299414	-89.232008	-0.230403	-119.226353	0.020276
6480.000006	-127.215349	0.460876	-124.906831	0.311271	-83.547716	0.077378	-119.905001	0.325912
6490.000006	-129.825256	-0.105613	-127.979787	-0.218561	-89.472227	0.238509	-134.958346	0.133692
6500.000006	-133.187452	0.033892	-136.146453	-0.225325	-82.931922	-0.310028	-118.556651	-0.014163
6510.000006	-123.323812	0.310413	-127.182155	0.200370	-88.661902	-0.325575	-123.865275	-0.499889
6520.000006	-119.580733	-0.373617	-131.604673	-0.165011	-86.573771	0.187803	-130.768034	0.431104
6530.000006	-126.726669	0.462405	-124.063633	-0.433736	-85.114597	0.136688	-124.839003	-0.249985
6540.000006	-134.106424	-0.403679	-137.265008	-0.481704	-93.773675	-0.244882	-129.017719	0.331019
6550.000006	-133.399189	-0.038465	-124.799399	0.026001	-86.672767	-0.056325	-131.048038	0.455191
6560.000006	-120.322614	-0.138648	-121.354220	0.006128	-87.187772	-0.276180	-122.744112	0.098898
6570.000006	-134.155323	-0.208210	-130.272987	-0.398130	-80.388655	0.087842	-125.177862	-0.304669
6580.000006	-126.291035	-0.205028	-125.212831	-0.012612	-89.969585	0.370225	-123.816791	-0.021383
6590.000006	-140.509221	0.104976	-132.939956	0.494139	-83.739359	0.029689	-123.630536	-0.083109
6600.000006	-127.280452	0.034110	-124.763621	-0.411434	-78.269469	0.032869	-127.229115	0.418170
6610.000006	-129.562003	0.191396	-120.162563	0.396194	-81.196257	-0.478337	-125.010991	0.373659
6620.000006	-123.555637	-0.387447	-119.581286	-0.480508	-86.864286	-0.154224	-129.378677	-0.214148
6630.000006	-122.319788	-0.269574	-126.225472	0.139480	-90.706278	-0.309231	-129.865445	-0.095452
6640.000006	-128.199026	0.276564	-126.366996	-0.345910	-94.890517	0.129066	-123.802267	-0.425337
6650.000006	-129.270795	0.466934	-136.586263	0.266407	-90.992656	0.345656	-126.286863	0.164164
6660.000006	-131.199618	-0.299451	-124.195438	-0.325952	-89.548499	0.380502	-128.103074	-0.307117
6670.000006	-139.114642	0.122359	-127.961850	0.397966	-81.101153	-0.285528	-122.793243	-0.293772
6680.000006	-131.586283	0.180676	-127.355680	0.095605	-89.437486	0.393308	-120.668723	0.287014
6690.000006	-129.664362	0.497955	-129.930178	0.394902	-85.929923	-0.200575	-130.995946	-0.036662
6700.000006	-126.969903	-0.002226	-129.328309	-0.144832	-85.063497	-0.138036	-124.529458	-0.010215
6710.000006	-121.832054	-0.360113	-122.873471	-0.125963	-81.940769	0.447165	-127.826381	0.378404
6720.000006	-129.525967	0.250383	-127.358038	0.238238	-96.235077	0.348975	-103.611410	-0.008853
6730.000006	-130.041806	0.434192	-139.634171	0.359501	-85.779936	-0.101522	-119.724788	0.308702
6740.000006	-121.544678	-0.108110	-120.172267	-0.065413	-86.985139	-0.091011	-125.365748	-0.005276
6750.000006	-118.234226	-0.136662	-120.835666	-0.029596	-85.014416	0.203617	-124.859868	0.055966
6760.000006	-126.353437	-0.064700	-123.219133	-0.360200	-90.702173	0.118528	-123.445360	0.492079
6770.000006	-126.550332	-0.498176	-122.877311	-0.418768	-85.849135	0.043335	-122.907757	0.328263
6780.000006	-132.074259	-0.068659	-121.031579	0.036312	-86.127244	0.453200	-130.066492	0.071508
6790.000006	-124.103947	0.302567	-126.140082	0.186522	-82.931413	-0.112847	-126.240149	0.262426
6800.000006	-121.624947	0.462980	-125.570814	-0.204597	-85.565032	0.204344	-126.846728	-0.442848
6810.000006	-121.119366	0.459823	-131.324561	0.024906	-87.095814	-0.291994	-125.393782	-0.474974
6820.000006	-130.406480	0.116842	-128.888459	0.212814	-84.913365	0.073383	-135.657046	0.396613
6830.000006	-127.656333	0.438936	-122.345259	0.473496	-89.303435	-0.443856	-123.013621	0.349377
6840.000006	-125.970570	-0.381888	-133.742024	-0.054280	-80.116615	-0.458554	-124.446143	-0.469018
6850.000006	-124.206624	0.470122	-124.708000	0.255109	-82.731046	0.261770	-137.618481	-0.492960
6860.000006	-143.091179	-0.495740	-127.467556	-0.085603	-89.072713	0.408963	-128.430117	-0.293547
6870.000006	-146.050310	0.169725	-123.213914	-0.119356	-92.529459	0.339584	-121.135571	0.238566
6880.000006	-124.568584	-0.347073	-123.846752	-0.475700	-83.623958	-0.348280	-124.783198	0.254544
6890.000006	-129.702497	0.358541	-133.120885	-0.111123	-79.859569	-0.097889	-127.054971	0.352308
6900.000006	-123.613953	-0.448563	-139.219607	-0.029110	-82.952911	0.381987	-126.712524	0.203637
6910.000006	-128.723657	-0.162924	-126.058788	0.470996	-83.004417	-0.261403	-123.582225	-0.291958
6920.000006	-124.555503	-0.318049	-135.405672	-0.399907	-90.558070	0.163344	-121.670551	-0.226169
6930.000006	-136.300227	-0.123688	-131.055544	0.244023	-86.822139	0.298801	-129.302793	-0.130484
6940.000006	-122.749908	0.139936	-134.318311	0.220929	-82.930728	-0.248085	-117.082084	0.090500
6950.000006	-124.499645	0.413217	-127.116084	0.079148	-82.849048	0.360800	-127.964037	-0.380152
6960.000006	-133.019314	-0.009873	-129.346884	0.206385	-84.510710	0.419150	-122.305256	0.443297
6970.000006	-127.682040	-0.057252	-125.438123	0.050512	-91.094007	0.454269	-122.187882	0.287207
6980.000006	-131.174176	-0.251940	-121.025287	0.149409	-93.433326	0.017280	-128.887414	-0.193206
6990.000006	-129.863127	-0.405844	-140.610656	0.064191	-88.004210	-0.471484	-125.458199	0.461590
7000.000006	-134.908857	0.396426	-121.970300	0.357237	-85.752434	0.250293	-128.789772	-0.499770
7010.000006	-129.051999	-0.106054	-123.823415	0.120700	-83.725166	0.355372	-125.026946	-0.300375
7020.000006	-132.955599	0.089757	-130.623035	0.113107	-88.513108	-0.210282	-133.647926	0.316227
7030.000006	-132.897630	0.468526	-139.121123	-0.267428	-85.705628	0.100470	-121.845427	-0.182715
7040.000006	-131.822425	0.202044	-132.746811	0.483175	-86.830167	-0.421904	-104.816700	0.242618
7050.000006	-122.353822	-0.327760	-130.046468	-0.358844	-84.710301	-0.477512	-128.938553	-0.288688
7060.000006	-130.376179	0.113793	-120.637668	0.311772	-85.129268	0.169880	-125.183432	0.258992
7070.000006	-128.179940	-0.328466	-121.424162	-0.157769	-82.975275	-0.100341	-125.558502	-0.138508
7080.000006	-124.141243	0.456777	-133.089972	-0.093390	-80.185124	-0.230801	-130.538608	0.290875
7090.000006	-122.420723	-0.138205	-128.721684	0.464910	-93.978044	0.330781	-123.772296	0.135218
7100.000006	-121.443929	0.416026	-127.808707	-0.192235	-84.467440	-0.375325	-123.207106	-0.167264
7110.000006	-128.030667	0.209581	-123.594928	0.119923	-89.938653	-0.227118	-123.411742	0.042421
7120.000006	-127.203558	0.439412	-123.480516	-0.110071	-87.945364	-0.088635	-125.125603	-0.221974
7130.000006	-129.056638	-0.477926	-138.392340	0.341272	-92.282116	-0.192511	-133.817924	0.433448
7140.000006	-128.286696	0.474966	-146.318242	0.081806	-101.588468	0.122599	-129.043834	-0.423740
7150.000006	-136.205698	-0.340688	-136.538525	-0.424817	-88.160532	-0.021998	-140.531097	-0.488692
7160.000006	-134.741005	-0.102950	-123.157337	-0.265760	-89.439384	0.221693	-125.980347	0.040452
7170.000006	-122.925157	-0.382410	-128.430651	-0.356135	-81.692314	-0.362901	-126.923752	-0.166232
7180.000006	-124.820072	-0.064566	-118.751924	-0.201240	-81.278963	-0.206086	-127.780128	-0.052044
7190.000006	-122.367110	0.155664	-126.986507	0.121998	-85.963528	-0.194707	-122.765525	-0.261703
7200.000006	-122.781012	0.027779	-125.106306	0.196699	-97.761381	0.427814	-123.085474	0.027274
7210.000006	-124.766657	-0.323689	-123.022878	-0.484138	-84.635090	0.033970	-145.171061	0.217738
7220.000006	-127.718432	-0.001476	-126.037173	0.149570	-90.625169	0.125392	-130.783252	0.213101
7230.000006	-126.496523	0.415038	-117.041804	0.088633	-83.976673	-0.449747	-117.910066	0.055490
7240.000006	-131.782707	0.071369	-129.714943	-0.110639	-110.978592	-0.437911	-125.871915	0.072850
7250.000006	-126.276391	-0.034756	-140.007108	-0.429006	-95.359465	0.076495	-122.606401	-0.409983
7260.000006	-124.678448	-0.412430	-126.042234	-0.287183	-97.431515	0.143805	-127.426586	0.187930
7270.000006	-138.248491	0.302787	-130.624553	-0.050866	-88.945551	0.246072	-128.300650	0.252550
7280.000006	-123.506272	-0.023232	-135.763338	-0.311714	-96.617672	-0.425679	-125.912368	0.004085
7290.000006	-127.312177	-0.058984	-126.289809	0.108129	-102.433074	0.290934	-121.208248	0.180343
7300.000006	-127.123114	0.057536	-129.886407	-0.406685	-84.004451	0.067182	-125.632645	-0.332344
7310.000006	-131.570563	-0.148075	-125.734886	0.104732	-90.705457	-0.229112	-127.601925	-0.177756
7320.000006	-126.499782	0.234493	-121.385719	0.058098	-80.496412	0.481924	-126.839518	-0.418380
7330.000006	-131.566541	0.134583	-122.709718	-0.019241	-88.018518	-0.085117	-120.588911	0.058365
7340.000007	-129.617771	0.056309	-130.168235	-0.029457	-88.862778	-0.005673	-130.577581	-0.455046
7350.000007	-119.043061	-0.134316	-125.881099	-0.482916	-85.173271	-0.325123	-133.738095	-0.485237
7360.000007	-122.999713	-0.071309	-123.824169	-0.031746	-101.317737	-0.429640	-112.058415	0.023616
7370.000007	-121.202644	0.401634	-126.005388	0.373155	-84.368802	-0.346490	-124.356058	0.490815
7380.000007	-122.915143	-0.141475	-125.743264	0.153032	-80.277239	0.464643	-124.554017	0.333178
7390.000007	-134.463195	0.190366	-125.948596	0.232253	-91.065231	0.197441	-133.617621	0.119822
7400.000007	-127.034743	-0.109836	-127.041415	-0.150151	-92.818863	0.238440	-121.957477	-0.326900
7410.000007	-132.165954	0.365169	-127.845736	-0.456165	-100.538380	-0.132371	-132.919967	0.103613
7420.000007	-129.173561	0.153718	-135.009118	-0.271875	-83.836674	0.453785	-128.929654	0.443553
7430.000007	-130.926073	-0.255651	-126.755459	0.221810	-83.532657	0.311621	-121.592890	-0.001744
7440.000007	-129.942717	-0.342157	-120.386488	-0.030096	-83.566929	0.019757	-131.135002	0.358872
7450.000007	-130.670410	-0.383262	-122.186426	0.429771	-91.214531	-0.243455	-132.141580	0.090361
7460.000007	-126.340033	0.086631	-136.054592	0.005825	-87.874111	0.093567	-120.696407	0.312316
7470.000007	-135.197184	-0.384411	-126.015764	0.387737	-92.908627	-0.316197	-126.052547	-0.287461
7480.000007	-135.911226	-0.023646	-129.410251	-0.049673	-87.257043	-0.198627	-135.367704	0.163404
7490.000007	-130.222001	-0.006791	-126.459322	0.076561	-98.056308	0.384090	-139.030409	-0.453698
7500.000007	-129.735850	0.157002	-123.438928	0.190968	-93.364812	-0.473993	-125.684241	0.147345
7510.000007	-140.814411	0.397121	-134.931610	0.473334	-79.980952	0.005303	-132.760436	0.074285
7520.000007	-127.696540	-0.489783	-125.853750	-0.321188	-96.905436	0.455802	-130.725259	-0.038086
7530.000007	-122.576484	-0.481527	-121.124257	0.432713	-88.054573	-0.157710	-122.577594	0.365615
7540.000007	-130.203062	0.063761	-139.121880	-0.318318	-89.608095	0.207392	-124.130106	-0.010217
7550.000007	-128.800184	0.466142	-121.157856	0.438919	-94.036956	-0.317106	-127.844900	-0.179162
7560.000007	-129.113345	0.055794	-123.842788	-0.192767	-95.149641	-0.429690	-122.469230	0.114570
7570.000007	-126.128986	0.072816	-120.669549	-0.193246	-88.674511	0.115983	-131.148529	-0.493130
7580.000007	-122.427751	0.055200	-136.191243	-0.074654	-81.796788	-0.224718	-124.101212	0.151588
7590.000007	-130.200013	0.358310	-130.677751	0.130895	-85.382917	0.311888	-131.465650	0.266497
7600.000007	-133.717345	-0.216052	-122.706076	0.102288	-88.539662	0.050839	-122.881204	0.490366
7610.000007	-128.586931	0.222516	-122.690288	-0.133748	-84.604418	-0.104583	-118.162310	0.480024
7620.000007	-123.949183	0.447152	-126.575156	0.105788	-87.147982	0.360511	-131.744360	-0.495399
7630.000007	-127.734907	0.051142	-123.751524	0.404624	-86.362780	0.388417	-126.211784	0.432187
7640.000007	-130.251803	0.048486	-135.457694	-0.246973	-93.963706	-0.385714	-125.938021	0.110595
7650.000007	-136.556250	0.183891	-126.612987	-0.152554	-89.344572	0.386222	-127.163399	-0.343047
7660.000007	-136.123939	0.014854	-126.831892	0.161492	-87.066335	0.312576	-127.487942	0.411560
7670.000007	-122.533517	-0.255853	-127.024009	0.214923	-85.045965	0.288344	-133.174092	0.221080
7680.000007	-123.833120	0.425380	-132.140179	-0.443911	-97.786451	0.114430	-112.080349	0.228705
7690.000007	-128.897461	-0.484141	-123.544908	-0.300045	-88.649456	0.043166	-127.237091	0.267087
7700.000007	-123.987397	-0.396206	-129.123246	0.325159	-85.053332	0.261079	-127.278437	-0.425825
7710.000007	-129.548643	0.024727	-129.847128	-0.121412	-86.954588	-0.033478	-122.847184	0.252892
7720.000007	-123.627355	-0.054511	-121.951226	-0.057040	-104.397347	0.071417	-123.701840	-0.409341
7730.000007	-124.706791	-0.455119	-122.928949	0.046434	-82.559504	-0.057609	-124.601898	-0.285743
7740.000007	-134.100950	-0.295131	-117.927381	-0.289813	-86.836839	-0.221142	-124.183060	-0.070150
7750.000007	-127.141908	0.460163	-134.865156	-0.378652	-84.136762	-0.112924	-134.095304	-0.438700
7760.000007	-119.928210	-0.064923	-122.576836	-0.429854	-92.578179	-0.408027	-127.556102	0.104856
7770.000007	-130.761103	-0.394989	-130.840257	0.168347	-84.820159	0.494911	-125.958104	-0.273559
7780.000007	-132.485378	-0.256970	-124.430637	-0.343082	-94.038345	-0.204564	-126.340453	0.364873
7790.000007	-137.286307	-0.147397	-122.918285	0.363315	-87.987915	-0.346786	-121.136897	0.325875
7800.000007	-131.557544	-0.073044	-132.387521	0.445895	-85.239155	0.057408	-124.922524	0.100519
7810.000007	-125.241320	-0.401620	-121.343681	-0.308627	-94.608997	-0.311518	-123.001470	0.395246
7820.000007	-122.864821	0.313134	-125.722140	-0.231463	-93.546896	0.266284	-124.577088	0.448447
7830.000007	-126.194902	0.223560	-133.947378	0.096227	-87.265121	-0.071765	-126.681524	-0.234301
7840.000007	-137.023250	0.422134	-124.113041	-0.078608	-84.361242	-0.106976	-136.559284	-0.260783
7850.000007	-125.067267	-0.174848	-121.705430	-0.381944	-96.233682	-0.200223	-129.661483	0.453210
7860.000007	-129.417769	-0.488474	-119.956568	0.133155	-90.686508	0.293914	-127.434346	-0.255781
7870.000007	-126.193870	-0.246101	-126.575388	0.045742	-83.472359	-0.268027	-125.111782	-0.467962
7880.000007	-125.802204	0.370648	-126.136172	0.372088	-87.894349	-0.420429	-123.421199	-0.071269
7890.000007	-124.355920	0.117558	-129.387748	0.232676	-91.410225	0.426656	-125.389220	0.159667
7900.000007	-129.141234	-0.040882	-130.874357	-0.301980	-86.954912	0.325456	-123.295753	0.387892
7910.000007	-132.070358	-0.436925	-131.731488	-0.473185	-86.497379	0.455204	-126.947650	-0.034735
7920.000007	-127.033296	0.408898	-131.066936	0.323787	-93.499620	0.374106	-135.732318	0.278139
7930.000007	-118.623736	-0.373639	-129.697560	-0.446452	-107.991723	0.497035	-125.339607	-0.111472
7940.000007	-119.105039	0.420369	-127.687875	0.319871	-86.897626	-0.168257	-126.092096	0.492231
7950.000007	-120.811618	-0.184114	-126.260482	0.025305	-86.573443	0.123080	-123.482046	0.418904
7960.000007	-130.363673	0.331199	-128.615051	0.169639	-87.315373	-0.194767	-133.286560	0.336278
7970.000007	-124.152917	-0.336295	-124.781722	-0.269675	-85.090006	0.375485	-125.932235	-0.284081
7980.000007	-122.381737	0.424116	-129.398403	-0.249751	-86.858319	-0.171388	-126.445758	0.454816
7990.000007	-130.946688	0.364752	-125.217431	-0.256708	-88.669160	0.320743	-127.356607	-0.495112
8000.000007	-126.099625	0.211280	-137.154337	0.144604	-84.845839	-0.107422	-107.093007	-0.465715
8010.000007	-117.724054	0.323517	-127.565280	0.348982	-86.951555	0.303316	-139.587016	-0.040940
8020.000007	-135.277450	0.054378	-125.839925	0.377814	-85.072530	-0.464540	-136.915392	0.272467
8030.000007	-131.439133	-0.304240	-130.635138	0.230349	-96.365830	-0.448969	-133.900849	-0.392227
8040.000007	-127.558140	-0.211213	-127.322082	0.470504	-90.128706	0.116272	-129.705545	-0.460898
8050.000007	-120.099979	0.304812	-126.040779	-0.027354	-82.809524	0.248098	-142.705967	0.163202
8060.000007	-130.026043	0.096115	-125.725901	-0.464814	-80.761179	-0.020068	-129.815632	0.210474
8070.000007	-121.554478	-0.213226	-125.995579	-0.271506	-82.368986	0.148406	-134.700403	-0.444993
8080.000007	-122.740123	0.097813	-123.267574	0.456706	-82.102739	-0.425366	-129.058465	-0.315762
8090.000007	-138.833032	-0.359058	-121.391519	-0.309376	-80.126087	-0.110795	-125.867863	0.180331
8100.000007	-135.162178	0.245314	-137.337586	-0.347376	-89.295677	-0.252584	-121.799366	0.285992
8110.000007	-122.836927	0.089516	-134.073721	-0.270984	-87.356237	-0.498561	-128.996544	-0.113028
8120.000007	-128.938928	0.335315	-126.512540	0.051353	-83.187040	-0.359442	-123.438657	-0.135889
8130.000007	-123.811075	0.026153	-131.486143	-0.054186	-79.688009	-0.266585	-135.135923	-0.224061
8140.000007	-131.498162	0.009554	-127.467460	-0.051207	-86.419047	0.278401	-114.560195	-0.051677
8150.000007	-122.879010	-0.273868	-122.108265	0.496416	-89.779191	0.140461	-126.766250	0.286530
8160.000007	-122.878218	0.232092	-131.344870	0.362491	-93.988795	0.193734	-124.161065	0.110189
8170.000007	-120.186032	-0.112159	-127.517560	-0.453983	-85.181760	0.428673	-129.084828	-0.225785
8180.000007	-124.226542	-0.294195	-122.298839	0.347629	-81.885245	0.441660	-129.595320	0.430781
8190.000007	-124.951032	-0.144594	-130.790301	-0.059125	-83.479959	-0.460821	-129.171760	-0.007282
8200.000007	-123.045191	-0.105381	-130.304818	0.420681	-85.112868	-0.377177	-124.948208	-0.367217
8210.000007	-123.316589	-0.333708	-124.886927	-0.145046	-80.808793	0.058801	-126.681978	0.400708
8220.000007	-125.719037	-0.087673	-141.941438	-0.087765	-95.082496	-0.043547	-119.059346	-0.120182
8230.000007	-118.850846	-0.137789	-126.511144	-0.003485	-87.358452	0.140716	-122.105231	-0.347447
8240.000007	-128.885714	0.030220	-128.351867	0.362585	-86.758053	0.197699	-118.738665	0.210909
8250.000007	-121.999212	-0.380039	-137.673570	-0.200648	-93.192285	0.346030	-123.062374	-0.217504
8260.000007	-122.867932	-0.051942	-130.987733	-0.108230	-82.897072	-0.045442	-133.793135	-0.055590
8270.000007	-128.799433	-0.010160	-128.193991	-0.299045	-88.868086	-0.209296	-131.052063	-0.394790
8280.000007	-130.506875	-0.129718	-122.923826	-0.253978	-82.269671	0.443437	-126.557447	-0.235518
8290.000007	-120.935322	0.313248	-119.972445	-0.377805	-80.497945	-0.469877	-131.459916	-0.432396
8300.000007	-124.187184	-0.159947	-125.530018	-0.270551	-93.267561	-0.473929	-143.917821	-0.204119
8310.000007	-127.567921	-0.123457	-124.128755	0.267129	-87.941011	0.042004	-126.069588	0.359536
8320.000007	-122.718262	-0.166615	-125.034250	0.119170	-83.051363	0.223836	-110.272211	-0.223999
8330.000007	-124.286549	0.220862	-128.685459	-0.380232	-79.709805	0.060236	-123.641255	-0.299544
8340.000007	-121.784621	-0.042199	-122.193334	0.266129	-80.097571	0.050550	-124.541127	0.122369
8350.000007	-127.005750	-0.177653	-124.784898	-0.314603	-85.142724	-0.145072	-127.234702	-0.176616
8360.000007	-124.353868	-0.404479	-125.412393	0.344687	-87.997896	-0.132341	-128.585812	-0.496117
8370.000007	-120.443090	0.175000	-126.238611	0.449586	-86.947942	-0.241074	-126.643116	-0.098774
8380.000007	-131.070465	0.329022	-122.361110	0.349694	-92.264479	0.156878	-127.750583	0.024056
8390.000007	-121.561429	-0.069819	-131.435785	-0.497088	-83.126084	-0.009193	-129.420779	0.460921
8400.000007	-122.497015	-0.274034	-125.478364	-0.286756	-86.442308	0.382328	-133.746462	0.207011
8410.000007	-126.911393	-0.021320	-129.055702	-0.062212	-96.219656	0.409731	-127.654633	-0.407192
8420.000007	-124.081818	0.249852	-130.538473	0.157858	-85.242503	0.151720	-126.299301	0.136723
8430.000007	-128.716413	0.313124	-127.735358	0.068541	-85.858519	0.228563	-127.499888	-0.265912
8440.000007	-131.128929	0.120727	-133.178444	-0.141945	-86.161245	0.339061	-131.282320	0.009927
8450.000007	-129.524201	-0.036423	-129.879420	0.171366	-83.973604	0.145040	-129.003787	0.082577
8460.000007	-122.268939	0.471957	-136.690984	0.028164	-83.351258	-0.020160	-138.953817	-0.117872
8470.000008	-125.880118	-0.021523	-136.174438	0.329164	-97.639119	-0.200526	-131.087407	-0.230224
8480.000008	-131.401692	-0.055041	-130.538084	0.048111	-87.390138	-0.073032	-124.395279	0.288291
8490.000008	-125.178311	-0.147010	-122.137018	-0.103426	-82.751884	0.142477	-124.129855	-0.230644
8500.000008	-120.784390	0.148179	-119.511281	0.244884	-92.714037	0.373220	-119.482781	0.221388
8510.000008	-128.566285	0.436505	-124.142912	0.428302	-91.898924	-0.169574	-121.886488	-0.288934
8520.000008	-129.207373	-0.141320	-124.653177	-0.498330	-103.184916	-0.018930	-127.579940	0.247234
8530.000008	-125.014789	0.135892	-118.568864	-0.141722	-97.850060	-0.060503	-123.095780	-0.399134
8540.000008	-132.259801	0.437187	-120.077028	-0.394024	-79.164172	-0.460216	-131.246567	0.246137
8550.000008	-132.619679	0.093019	-134.247495	0.219847	-84.775914	0.045878	-136.300571	0.302014
8560.000008	-134.814446	0.190461	-134.643228	0.176238	-85.816445	-0.271156	-123.513159	-0.406825
8570.000008	-131.855033	-0.014064	-141.809847	-0.100992	-85.464819	0.174411	-125.049712	-0.036231
8580.000008	-124.397389	-0.029360	-122.704902	-0.196638	-99.987172	-0.459203	-126.133601	-0.382732
8590.000008	-139.223050	-0.373447	-131.216279	-0.043025	-90.278760	0.001024	-117.161581	0.019826
8600.000008	-123.106154	0.025025	-137.223335	0.180548	-108.988321	-0.287153	-122.512634	0.154229
8610.000008	-124.146880	0.028114	-129.773729	0.192817	-97.278295	-0.029050	-133.307247	0.483462
8620.000008	-129.213633	-0.494599	-129.360790	0.437804	-92.207560	-0.139267	-120.196873	0.287667
8630.000008	-125.566091	0.264571	-127.089424	-0.083494	-83.980368	0.227105	-118.674965	-0.296255
8640.000008	-130.747804	0.189127	-126.190238	0.017424	-88.989814	0.104526	-113.817008	0.092318
8650.000008	-125.100956	0.199032	-125.130260	-0.008952	-85.096758	0.256755	-123.999781	0.290747
8660.000008	-127.495899	0.262163	-136.370884	0.172525	-89.463087	0.091820	-126.727323	-0.473943
8670.000008	-124.259858	0.432609	-138.588290	0.126635	-85.557684	-0.430550	-127.573672	0.123320
8680.000008	-128.363423	-0.267197	-133.485181	-0.163413	-88.223223	-0.043580	-124.226576	0.011089
8690.000008	-155.853491	0.175150	-131.558942	0.335682	-79.599936	-0.308658	-126.488389	0.065744
8700.000008	-132.114567	-0.039059	-124.168045	-0.133311	-85.066453	-0.171327	-126.363851	0.253520
8710.000008	-124.201687	0.480793	-129.427393	-0.381654	-88.528229	-0.126685	-127.340725	0.170477
8720.000008	-120.156182	0.133039	-128.109568	0.078321	-81.510208	0.209287	-138.641539	0.127158
8730.000008	-123.170964	0.476347	-122.472885	-0.245317	-90.311125	0.253346	-126.504551	-0.149203
8740.000008	-132.266144	0.180877	-138.977849	-0.282944	-84.716772	-0.034904	-125.892379	-0.040632
8750.000008	-127.490302	0.081599	-145.316037	0.208132	-82.793257	-0.491085	-122.458248	0.108014
8760.000008	-124.276071	0.458968	-122.654860	-0.299591	-86.311651	0.457167	-127.322874	0.295655
8770.000008	-132.981003	-0.109561	-130.394338	0.082749	-79.206166	0.061182	-129.775956	-0.063502
8780.000008	-131.513876	0.390540	-130.897826	-0.336066	-95.882861	-0.213318	-122.534895	-0.474798
8790.000008	-127.728143	-0.345101	-121.082217	-0.296719	-82.663282	0.458203	-127.339516	0.391869
8800.000008	-121.210644	-0.282589	-138.946942	-0.205096	-82.497504	-0.489316	-123.878275	-0.349475
8810.000008	-125.398142	-0.081954	-128.474787	0.140737	-81.483761	-0.208213	-126.298781	0.300672
8820.000008	-124.067500	-0.218377	-119.957504	-0.314895	-90.571108	0.442148	-122.064004	-0.267536
8830.000008	-120.219090	-0.486309	-131.820739	0.495843	-94.070248	0.011856	-120.368330	0.012141
8840.000008	-121.753998	-0.483290	-127.104620	-0.416469	-85.202742	0.080131	-120.815721	0.398743
8850.000008	-123.861226	0.443711	-129.649276	-0.058201	-83.099559	-0.481102	-136.130102	-0.104031
8860.000008	-125.711393	-0.379170	-122.236608	-0.176681	-85.847117	-0.083347	-130.582793	0.457178
8870.000008	-120.301987	0.056994	-122.718931	-0.017898	-86.499024	0.275991	-126.423955	-0.400037
8880.000008	-122.007963	-0.063734	-124.504706	0.333664	-83.555468	-0.021068	-124.913396	-0.058650
8890.000008	-127.701019	0.176361	-127.169821	0.018511	-94.592494	0.162966	-130.117496	-0.278297
8900.000008	-131.765202	0.276276	-126.979855	-0.235301	-85.655533	0.179846	-127.178613	0.426632
8910.000008	-127.171732	0.457661	-133.306597	0.487980	-90.377280	0.247347	-121.377006	0.391327
8920.000008	-129.210469	0.324945	-122.273565	0.362683	-89.221034	-0.292087	-132.965338	0.146415
8930.000008	-121.180369	-0.013463	-124.419102	-0.073406	-89.415904	0.222720	-136.343686	0.492783
8940.000008	-126.771330	-0.277073	-122.068975	0.402376	-95.528595	-0.482033	-119.821207	0.419833
8950.000008	-128.478542	0.009696	-121.936347	0.347582	-98.759463	-0.025602	-124.444973	0.053656
8960.000008	-125.840324	0.127566	-132.422949	-0.060164	-81.518310	0.284097	-114.115280	-0.126812
8970.000008	-124.286091	0.121354	-124.691277	0.227207	-83.545172	-0.042809	-121.681504	0.327240
8980.000008	-126.776874	0.318405	-127.734340	-0.440690	-82.062383	0.393764	-129.476020	0.320034
8990.000008	-126.742535	0.150274	-145.355438	0.320655	-81.654978	0.099321	-126.094366	-0.494983
9000.000008	-144.901581	0.498625	-123.787645	0.230350	-89.375336	0.090626	-128.964499	-0.232808
9010.000008	-121.295267	-0.447800	-128.221813	-0.247633	-96.185031	0.246155	-121.627211	-0.267275
9020.000008	-124.812509	0.283537	-121.348667	-0.047623	-97.854107	-0.341002	-123.946493	-0.108117
9030.000008	-131.258671	0.178472	-126.007902	0.386496	-83.716879	0.379690	-128.201775	0.344440
9040.000008	-127.628860	0.234665	-137.690044	0.193410	-89.498024	-0.019924	-128.952352	-0.274609
9050.000008	-126.665878	-0.473456	-131.572508	0.449162	-87.979232	0.126632	-124.951424	-0.099910
9060.000008	-127.589643	0.352798	-130.492620	0.093200	-83.313035	-0.108132	-130.833857	0.090100
9070.000008	-132.598217	0.282835	-127.010454	-0.115622	-85.000791	0.340243	-137.583504	-0.182796
9080.000008	-128.341628	0.293563	-123.160847	-0.469338	-83.199059	0.288681	-123.342038	0.442992
9090.000008	-131.209336	-0.037752	-135.468681	-0.392437	-105.192493	0.254038	-121.749265	-0.046105
9100.000008	-127.915469	0.438353	-121.400359	-0.193492	-87.540449	0.422108	-119.762185	-0.175633
9110.000008	-121.721875	-0.304984	-125.021989	-0.288557	-87.430837	-0.495193	-122.298231	-0.144055
9120.000008	-124.448266	-0.247594	-124.682389	0.029850	-87.143631	-0.434975	-128.657716	-0.436568
9130.000008	-133.179126	0.162451	-122.512885	-0.321541	-93.361985	-0.039036	-126.392277	0.354036
9140.000008	-117.812920	0.383708	-133.272002	0.427866	-84.207018	0.030264	-123.355743	0.482600
9150.000008	-122.704792	0.332370	-123.257612	-0.323512	-87.278999	-0.079243	-135.943923	-0.131160
9160.000008	-132.559911	-0.270400	-125.322494	-0.158792	-86.965461	-0.068824	-128.242102	0.475689
9170.000008	-137.421446	-0.382086	-122.884420	0.431497	-83.293800	0.458617	-118.340940	0.216060
9180.000008	-128.655865	0.380857	-122.529612	-0.360095	-86.059006	0.440806	-128.719806	0.208332
9190.000008	-127.618652	0.494453	-127.521092	-0.044668	-80.514603	0.258031	-126.191926	-0.292489
9200.000008	-132.782981	0.026075	-128.767138	0.378876	-80.710985	0.359195	-128.924596	-0.363157
9210.000008	-122.644166	0.452650	-130.618664	0.006655	-86.698403	0.301438	-141.201941	-0.392755
9220.000008	-128.157131	0.195653	-140.637585	0.437774	-88.624499	-0.265385	-132.076428	-0.154489
9230.000008	-128.773530	-0.339254	-122.078107	-0.224162	-85.752115	0.005183	-131.757708	-0.379286
9240.000008	-127.794990	0.426015	-123.395446	0.218424	-97.869556	-0.415245	-124.911478	-0.404504
9250.000008	-126.017889	-0.169844	-128.643541	0.272189	-92.092118	0.343710	-127.872746	0.101737
9260.000008	-123.248102	-0.369190	-132.683381	0.228367	-94.662895	0.459284	-129.190577	-0.484264
9270.000008	-135.044552	-0.013000	-126.650942	0.487109	-84.898102	-0.298278	-132.704177	-0.372088
9280.000008	-118.907904	-0.421879	-125.738770	0.233063	-86.033059	-0.457545	-111.959836	0.062486
9290.000008	-125.733110	-0.071151	-132.198795	0.224023	-99.072448	-0.372934	-120.077969	-0.356275
9300.000008	-124.544320	0.486336	-123.908371	-0.126365	-99.514948	-0.366529	-129.398548	-0.254446
9310.000008	-124.495390	-0.021348	-126.910197	-0.404443	-83.898171	0.047159	-125.870899	-0.177278
9320.000008	-119.948643	-0.239837	-118.580318	0.295984	-83.759987	0.276573	-135.960893	-0.041668
9330.000008	-121.912279	0.491004	-132.386873	-0.443926	-81.859473	-0.360482	-132.912760	0.181219
9340.000008	-120.346890	-0.100979	-136.561496	0.438467	-98.841312	-0.186874	-123.215443	0.145249
9350.000008	-132.313450	-0.451293	-124.845306	-0.459704	-80.454528	0.003623	-120.474772	0.310258
9360.000008	-128.850437	-0.401968	-124.023904	-0.263480	-86.952778	-0.344210	-125.152844	-0.322033
9370.000008	-146.116436	0.309655	-129.026441	0.193187	-90.559038	-0.438058	-125.475732	0.427799
9380.000008	-131.084890	0.393786	-130.718566	0.483229	-89.484243	0.274391	-130.351471	0.188537
9390.000008	-127.193884	0.267682	-144.857569	-0.343786	-82.779745	0.281308	-134.823149	0.203896
9400.000008	-120.837617	0.439300	-122.208776	-0.206707	-82.494402	-0.295261	-133.479417	0.257820
9410.000008	-125.716788	-0.276759	-132.191233	-0.441110	-89.755734	0.077175	-126.084800	-0.476315
9420.000008	-127.918290	0.089819	-122.203774	0.095825	-81.673858	-0.190490	-118.235918	0.378093
9430.000008	-136.060282	0.380678	-125.236976	-0.148620	-85.918904	-0.377377	-126.438685	0.220611
9440.000008	-134.323385	-0.226869	-133.977152	-0.017264	-96.883238	0.442981	-130.226660	-0.262919
9450.000008	-125.943787	-0.200819	-125.613012	0.092822	-88.298973	-0.410257	-135.030560	0.416839
9460.000008	-120.808979	0.463519	-137.669680	0.165663	-88.062902	0.103372	-136.096998	0.038646
9470.000008	-132.138557	-0.358542	-122.449200	-0.096996	-90.342042	-0.272787	-129.189255	-0.373316
9480.000008	-124.222017	0.186880	-126.220396	0.295730	-86.844933	-0.497978	-131.015663	0.003031
9490.000008	-131.693439	0.306085	-123.289303	-0.378252	-87.312822	0.335670	-129.596003	0.206746
9500.000008	-120.288281	-0.386663	-131.633495	0.039395	-89.174699	-0.254027	-133.559749	0.432885
9510.000008	-143.817245	0.380108	-125.826130	0.112730	-85.552800	0.364631	-123.603925	-0.404183
9520.000008	-126.174786	0.178807	-124.455509	0.262951	-85.601673	-0.257911	-133.004031	0.283920
9530.000008	-130.284166	-0.474754	-131.767783	-0.107976	-89.301769	0.015458	-124.033108	-0.147308
9540.000008	-134.836396	-0.186644	-122.102790	0.041377	-92.090168	-0.195247	-129.534440	0.092268
9550.000008	-127.345960	-0.387606	-124.029935	-0.211774	-89.478935	0.297389	-127.048075	-0.166612
9560.000008	-132.942164	0.205794	-129.202139	-0.271998	-97.685121	-0.035664	-141.293712	-0.258711
9570.000008	-125.427630	-0.294941	-128.933315	0.319636	-95.884166	-0.487973	-126.522174	0.262717
9580.000008	-133.742133	0.122736	-127.893095	0.294874	-88.742010	-0.042404	-137.284010	-0.323646
9590.000008	-122.094353	-0.126518	-130.471524	-0.443233	-83.269610	0.272641	-120.949629	-0.040210
9600.000009	-126.893504	0.169186	-120.457515	-0.426374	-93.776963	0.126136	-117.846641	0.360001
9610.000009	-125.911594	-0.414713	-121.659247	-0.107845	-95.782399	-0.154553	-125.646471	0.225672
9620.000009	-122.074062	0.470616	-132.397349	0.232504	-85.715652	-0.423353	-124.853180	0.450792
9630.000009	-127.521480	0.370355	-145.100466	0.372940	-96.819427	-0.335939	-124.078928	0.440983
9640.000009	-134.125472	0.004110	-130.345339	0.495719	-90.655764	0.094808	-132.693838	-0.472943
9650.000009	-122.517080	-0.269818	-122.840529	-0.254879	-90.612948	0.011703	-131.312107	0.192094
9660.000009	-126.891656	0.439368	-120.648169	0.059902	-84.812567	-0.033008	-124.605208	0.477990
9670.000009	-124.125672	0.409271	-136.848842	-0.464835	-86.438340	0.031672	-134.952590	0.462272
9680.000009	-126.764833	-0.004536	-123.236985	-0.254852	-97.967044	-0.030415	-128.288723	-0.391013
9690.000009	-127.322304	0.425501	-126.727501	0.196168	-94.749521	0.454988	-133.778492	0.471132
9700.000009	-129.140794	0.309154	-121.258864	0.382651	-90.687206	-0.447417	-124.558364	0.393168
9710.000009	-119.677403	0.417413	-124.384391	-0.233746	-80.498379	0.222687	-122.849082	0.453166
9720.000009	-128.702139	0.329155	-123.358746	0.485715	-85.225775	-0.315944	-120.653935	0.497375
9730.000009	-122.931262	-0.234580	-121.090918	0.119922	-90.437201	-0.286055	-133.879295	-0.228507
9740.000009	-125.600617	-0.381314	-119.915745	-0.325948	-87.080681	-0.166421	-124.902630	-0.064394
9750.000009	-122.458580	-0.205353	-125.952330	-0.088688	-94.071016	-0.114714	-135.757464	0.067748
9760.000009	-129.135893	0.228417	-126.440107	-0.165405	-89.672331	-0.140320	-132.653397	0.198592
9770.000009	-139.976752	0.002261	-125.357747	0.030517	-82.958915	-0.034510	-130.568127	0.390928
9780.000009	-119.958835	-0.278301	-133.305223	-0.323943	-88.292036	0.081273	-126.830344	-0.388237
9790.000009	-124.772949	-0.375511	-130.545803	-0.302892	-82.565685	0.496734	-132.830674	0.355097
9800.000009	-123.198342	-0.331292	-128.474064	-0.272334	-96.244102	-0.421606	-118.091000	-0.248051
9810.000009	-122.634819	0.345307	-123.683430	0.366974	-93.480594	-0.178481	-118.368508	0.387263
9820.000009	-132.681231	-0.170836	-124.041578	0.298915	-86.666447	-0.239753	-123.728254	-0.319363
9830.000009	-123.435335	-0.354420	-131.304199	0.337877	-82.961269	-0.439824	-137.365642	-0.132304
9840.000009	-128.157032	-0.295412	-134.845947	0.174266	-87.813341	0.433081	-129.581805	0.243719
9850.000009	-131.470702	-0.102115	-125.637706	0.188114	-93.504398	-0.116904	-120.511409	0.058433
9860.000009	-135.159799	-0.494864	-141.501679	0.072944	-87.187761	0.301098	-130.798170	0.028872
9870.000009	-122.986583	0.236143	-129.104853	0.447617	-88.566693	-0.027734	-119.357915	0.284775
9880.000009	-124.770360	0.128961	-132.008285	-0.470869	-86.778671	-0.371085	-133.911426	0.347220
9890.000009	-137.352856	-0.492518	-128.897440	0.284085	-103.054500	0.407275	-131.805936	0.235818
9900.000009	-126.361284	0.218085	-116.274081	-0.484045	-84.806501	0.398013	-122.770019	-0.156950
9910.000009	-129.165636	0.077131	-129.028854	0.258275	-94.203120	0.323832	-125.998732	-0.385853
9920.000009	-130.013246	-0.302760	-128.979150	0.275819	-95.383460	0.250344	-112.418414	-0.404922
9930.000009	-123.929576	-0.113862	-121.159965	-0.006729	-91.695505	0.171616	-130.315368	-0.266929
9940.000009	-130.309617	-0.269061	-122.125300	-0.412057	-92.582555	-0.048819	-126.256732	-0.414926
9950.000009	-124.096302	0.014158	-121.247964	-0.359006	-103.787977	-0.195971	-134.421383	0.247940
9960.000009	-131.470814	0.247260	-124.068892	0.338674	-91.338583	0.126282	-125.039237	0.108845
9970.000009	-135.608285	0.041761	-129.629889	-0.306739	-93.374208	0.379029	-131.687521	-0.243924
9980.000009	-121.156896	-0.193862	-130.208133	-0.222307	-81.001510	-0.159259	-136.524683	-0.436040
9990.000009	-132.652667	0.039931	-136.304596	0.123970	-85.671006	0.133947	-125.084747	-0.122082
10000.000009	-122.111687	-0.473984	-121.144238	-0.388627	-91.889680	0.063010	-128.048917	-0.266496
