% f73.txt
% Date Sat, Jun 26, 2021 5:20 PM
% Sine seq
% Response spectrum
% Stim level (V pk) 0.500, 0 dB filter gain, 120.0 dB attenuation
% Stim RMS (V) 0.000
% Freq [Hz]	Ch0 Mag [dB]	Ch0 Phase [cyc]	Ch1 Mag [dB]	Ch1 Phase [cyc]	Ch2 Mag [dB]	Ch2 Phase [cyc]	Ch3 Mag [dB]	Ch3 Phase [cyc]
%%end
10.000000	-112.488015	-0.426792	-117.190595	-0.080080	-72.929690	-0.347197	-121.375190	0.382171
20.000000	-122.802452	0.303238	-119.027455	0.263192	-68.485089	0.156566	-123.637501	0.028690
30.000000	-115.675154	0.313321	-124.015899	0.466882	-79.740900	0.218751	-124.014003	-0.322833
40.000000	-123.987172	-0.216305	-131.516062	-0.313108	-85.428638	0.285626	-131.056247	-0.043156
50.000000	-125.854191	0.438002	-118.071291	0.376940	-62.142453	0.215025	-119.701203	-0.214509
60.000000	-97.512569	-0.144952	-89.987795	0.129363	-73.992373	0.027453	-102.163352	-0.434267
70.000000	-123.274154	-0.259436	-121.213707	-0.034417	-71.348365	-0.366252	-126.746932	-0.128577
80.000000	-123.648111	-0.198293	-120.019248	-0.005937	-63.872596	-0.207695	-132.399917	0.090412
90.000000	-120.276629	0.446865	-116.524860	0.262812	-65.052943	-0.029682	-117.679786	0.078708
100.000000	-127.095523	0.395367	-128.327648	-0.056508	-76.666781	-0.147131	-127.422170	-0.026675
110.000000	-118.795789	-0.371202	-117.171574	-0.081463	-55.666300	0.450791	-145.445083	-0.291689
120.000000	-124.266160	-0.277248	-117.539927	-0.208627	-61.728926	-0.186856	-123.205016	-0.499641
130.000000	-128.033741	-0.108111	-128.621888	-0.402393	-68.490315	0.209310	-139.928322	0.448435
140.000000	-124.365782	0.096519	-118.389721	-0.183863	-67.990961	0.422153	-122.048100	-0.247963
150.000000	-118.947263	0.163571	-126.738856	0.116766	-67.404035	0.325421	-126.074996	-0.099539
160.000000	-124.709115	-0.358975	-122.561581	-0.499279	-63.893832	0.080330	-125.881532	-0.317783
170.000000	-120.515123	-0.224340	-128.038086	-0.223304	-66.569720	-0.022656	-130.091561	0.234099
180.000000	-107.332349	-0.055471	-96.634133	-0.121167	-56.528966	-0.222977	-96.763712	0.260808
190.000000	-124.074451	-0.436397	-128.225629	-0.307957	-65.093854	-0.012889	-122.349659	0.231774
200.000000	-122.264584	-0.431142	-126.383896	-0.236111	-62.036385	0.471963	-124.375190	-0.403723
210.000000	-123.549522	0.162203	-138.028619	0.240982	-73.174769	0.010081	-123.422614	-0.099147
220.000000	-123.397150	-0.057292	-138.053870	-0.499413	-68.768004	-0.069787	-128.093926	-0.140992
230.000000	-123.328520	-0.193563	-123.256613	-0.336397	-59.482730	0.091388	-124.072600	0.157938
240.000000	-134.886705	-0.055704	-123.497935	-0.393798	-59.451511	0.379830	-128.175919	0.154373
250.000000	-118.188743	-0.393413	-122.567386	-0.013603	-64.401030	-0.487387	-128.718521	0.433412
260.000000	-123.218913	0.049418	-120.828321	-0.011995	-71.194244	0.182299	-122.683163	0.268252
270.000000	-125.070249	-0.372022	-126.225706	-0.076262	-83.523905	-0.357021	-131.122832	0.215074
280.000000	-129.788861	0.054959	-126.851571	0.381488	-64.498468	-0.026017	-116.580608	0.069718
290.000000	-132.784646	-0.105329	-122.803472	-0.192340	-69.158724	0.342528	-125.788995	0.232560
300.000000	-116.354501	0.214258	-115.324297	-0.362553	-71.830074	0.087311	-124.288636	-0.084989
310.000000	-130.337351	0.395484	-124.628663	0.485880	-64.896944	-0.316754	-129.343364	0.270932
320.000000	-122.955105	-0.205802	-122.225935	-0.431997	-67.433613	-0.166366	-125.176972	-0.090499
330.000000	-134.454054	0.474489	-122.503870	0.374279	-75.012855	0.201565	-124.397387	-0.186470
340.000000	-131.439786	-0.193081	-124.517025	-0.048995	-62.487864	0.444873	-123.676941	-0.083698
350.000000	-123.046346	-0.142903	-122.918064	0.023268	-69.698319	0.106252	-127.240163	-0.384025
360.000000	-127.533978	-0.358536	-124.405065	-0.185717	-68.006068	-0.414014	-128.769781	-0.346051
370.000000	-121.199873	0.189515	-131.239993	0.390903	-60.331331	-0.295065	-121.790631	0.175906
380.000000	-138.697754	0.006450	-128.619898	0.241780	-17.453097	-0.372911	-25.680181	-0.233504
390.000000	-120.565879	0.038904	-129.214103	0.486555	-65.717074	-0.485393	-124.054376	0.056086
400.000000	-129.192737	0.477419	-122.799277	0.026544	-80.106835	-0.014348	-127.349213	-0.452330
410.000000	-125.752756	-0.004585	-129.905207	-0.028266	-63.664479	0.254653	-123.975214	-0.345552
420.000000	-120.632228	0.163034	-121.570418	-0.354460	-75.436217	0.499043	-122.212430	0.389203
430.000000	-118.868123	-0.332298	-128.511140	0.355865	-67.016298	-0.021428	-132.901370	-0.014479
440.000000	-125.013324	0.118509	-131.680724	0.433344	-62.378257	0.373849	-128.898452	-0.416816
450.000000	-128.535989	-0.272985	-125.889140	-0.366998	-63.832462	-0.391906	-129.102817	0.222856
460.000000	-125.849308	0.040235	-134.768086	-0.099809	-68.362492	-0.030950	-124.568852	-0.496123
470.000000	-130.229917	0.007958	-119.831142	-0.476104	-81.448924	-0.115248	-122.915569	-0.111733
480.000000	-125.408770	0.479878	-127.268923	0.214070	-69.053394	-0.143951	-124.365141	0.071851
490.000000	-125.203156	-0.006959	-126.057734	0.136297	-64.480165	-0.419244	-129.613770	0.315314
500.000000	-121.819411	-0.045735	-120.289843	-0.086773	-65.149577	-0.287804	-119.218892	0.107007
510.000000	-120.950770	-0.357232	-119.493212	-0.356148	-68.064253	-0.287368	-128.326064	-0.211782
520.000000	-129.378850	0.413634	-132.124587	-0.059938	-73.766959	0.324140	-129.044849	-0.411234
530.000000	-122.519729	-0.086943	-124.138292	-0.402521	-64.218567	-0.333417	-123.715407	0.215555
540.000000	-122.828804	-0.319663	-119.965686	-0.174704	-64.944612	0.149247	-124.086947	-0.246629
550.000000	-137.617567	0.094140	-123.789935	-0.366121	-68.721434	0.138555	-129.757733	0.423158
560.000000	-126.102643	0.385694	-129.299936	-0.411473	-70.309499	0.399735	-124.096696	0.233536
570.000001	-126.095952	-0.439757	-135.935265	0.225876	-67.626309	-0.429909	-132.709104	0.439861
580.000001	-125.699744	0.022140	-125.455857	0.101720	-73.077058	-0.477479	-121.506016	-0.273468
590.000001	-118.643579	-0.443907	-125.418776	-0.012517	-65.356203	0.152284	-122.903502	0.297745
600.000001	-130.058229	0.490241	-123.496871	-0.025170	-68.765279	0.070330	-128.294431	0.031025
610.000001	-131.584822	0.153615	-125.086488	0.145921	-68.459734	0.102791	-121.452315	0.426152
620.000001	-125.798424	0.498977	-123.398116	0.031619	-73.019559	0.072013	-128.423994	0.278867
630.000001	-127.920981	-0.083946	-127.880946	-0.470597	-82.094472	-0.414826	-129.415428	-0.067962
640.000001	-135.540515	-0.158333	-120.459179	-0.424841	-66.860682	-0.021298	-129.378531	-7.736782E-5
650.000001	-121.301379	-0.351485	-125.577757	0.420242	-69.605150	-0.295978	-128.584564	0.124666
660.000001	-123.349154	-0.364270	-132.818257	0.457520	-70.386894	-0.025300	-122.888101	0.327380
670.000001	-125.170261	0.395558	-128.917804	0.422380	-70.226920	-0.135869	-127.512688	0.217081
680.000001	-137.721562	-0.207096	-126.511807	0.273812	-76.610780	-0.074967	-120.854421	0.482821
690.000001	-134.349896	0.105116	-126.718312	-0.429596	-64.396621	-0.356792	-126.523762	-0.221138
700.000001	-124.070610	0.300467	-129.022478	-0.156506	-65.059383	-0.455040	-131.023821	-0.339788
710.000001	-123.783073	-0.455029	-127.664906	0.385831	-71.380696	0.084791	-129.991934	0.281102
720.000001	-136.205690	0.002949	-124.414755	-0.341284	-69.185214	0.311893	-126.103052	0.409472
730.000001	-120.565323	0.275372	-124.637886	0.268360	-63.149849	0.024977	-135.669193	0.087941
740.000001	-133.861015	-0.062453	-122.278764	-0.439760	-75.980110	0.227670	-123.320811	-0.067388
750.000001	-123.715096	0.462234	-129.858221	0.268232	-73.617876	0.417344	-119.486566	0.353995
760.000001	-130.433489	-0.161298	-136.324914	0.461494	-66.972790	0.472009	-86.819248	-0.466079
770.000001	-119.163846	0.292023	-127.924238	0.387105	-88.209650	-0.403095	-131.890834	0.128105
780.000001	-127.368133	0.012959	-132.308620	0.019017	-70.826765	-0.347130	-123.054261	0.359736
790.000001	-134.215054	0.040653	-129.998580	-0.063185	-65.793294	0.202810	-123.314475	0.264982
800.000001	-124.207370	-0.286213	-121.759528	-0.373319	-64.106761	-0.090696	-131.553980	0.332812
810.000001	-131.212126	-0.129589	-124.674855	-0.298449	-80.793813	-0.095287	-120.917421	-0.481067
820.000001	-130.536263	0.383711	-121.624886	-0.406039	-73.374920	-0.422817	-121.669575	-0.404768
830.000001	-126.563116	0.350055	-127.187982	0.403956	-79.650393	0.010230	-125.158424	0.353272
840.000001	-121.944255	-0.410518	-128.417040	-0.351080	-69.340870	-0.265098	-118.221192	-0.351334
850.000001	-117.890576	-0.056437	-124.408450	0.014821	-72.255530	0.334456	-125.688457	-0.281621
860.000001	-129.482134	0.350422	-131.713208	-0.175119	-69.153570	0.057924	-123.505794	-0.208458
870.000001	-137.701821	-0.416634	-142.945866	-0.233213	-92.952290	0.470745	-131.981824	0.383325
880.000001	-127.865865	-0.377867	-122.776291	0.258314	-66.197142	-0.021069	-132.502713	0.450236
890.000001	-135.687686	0.191747	-122.469733	-0.183281	-73.997611	0.063068	-123.644028	-0.269604
900.000001	-129.959633	0.362107	-130.972754	-0.068672	-77.257372	0.064763	-123.844807	-0.277989
910.000001	-128.932216	-0.142149	-126.529319	-0.050804	-72.753146	0.303216	-127.239065	0.011483
920.000001	-138.008325	-0.423444	-127.322809	-0.462587	-77.091230	0.330228	-128.071235	-0.235758
930.000001	-125.124281	0.238585	-120.590456	0.334417	-76.747055	0.306581	-116.921668	-0.037123
940.000001	-124.276931	-0.261305	-122.182042	-0.015845	-68.009145	0.019971	-130.456798	-0.225782
950.000001	-127.713153	-0.045544	-135.329985	0.195553	-79.345646	0.365412	-126.041641	0.456854
960.000001	-123.677790	-0.345107	-124.431480	0.108864	-67.176778	-0.255920	-127.613701	0.239047
970.000001	-123.852396	-0.383592	-123.307938	0.004971	-76.378907	0.336622	-124.298966	0.329671
980.000001	-125.628940	0.285966	-125.242302	0.158009	-64.991023	-0.397703	-119.615876	0.105642
990.000001	-128.734911	0.273729	-128.794526	0.316279	-66.776290	-0.170533	-122.787261	-0.115269
1000.000001	-116.284983	0.049162	-117.922540	0.004593	-76.650557	-0.049357	-119.322737	0.080996
1010.000001	-123.807974	-0.309906	-129.129355	0.494055	-70.401360	0.115244	-122.688507	-0.397391
1020.000001	-125.449682	-0.237879	-124.366178	0.078812	-78.717022	0.248469	-122.838955	-0.400019
1030.000001	-135.451733	0.172016	-129.317433	-0.316825	-72.207839	-0.289744	-132.052313	0.341423
1040.000001	-130.886337	-0.081513	-125.061258	-0.068988	-70.683361	0.338674	-131.360072	-0.139387
1050.000001	-125.251563	0.246386	-138.937755	0.408988	-80.236111	-0.299176	-121.320789	0.412605
1060.000001	-120.423789	0.143566	-131.321727	-0.040084	-83.149276	0.119053	-138.462259	0.250198
1070.000001	-127.831132	0.215276	-126.251048	-0.030994	-72.103012	0.324352	-123.793685	0.492442
1080.000001	-131.305353	0.044464	-119.113245	-0.484643	-78.098517	0.118947	-123.879523	-0.105517
1090.000001	-123.531922	-0.109839	-117.097648	0.148921	-75.915175	0.421890	-133.523375	-0.166728
1100.000001	-137.272231	-0.030217	-125.479319	-0.247685	-69.101636	-0.128071	-126.011684	-0.490103
1110.000001	-123.035196	0.013459	-127.819099	-0.473222	-78.129450	0.230879	-123.437946	-0.151740
1120.000001	-125.416818	0.100693	-126.443972	-0.490722	-68.890285	0.167297	-123.622070	-0.218699
1130.000001	-118.607759	0.434224	-120.121478	0.037564	-71.709663	-0.050793	-130.270516	-0.449995
1140.000001	-137.594466	-0.330998	-123.204985	0.473753	-82.738841	-0.300351	-92.010381	-0.159687
1150.000001	-129.509661	0.308549	-122.367176	-0.283747	-68.434405	0.060573	-125.540887	-0.361731
1160.000001	-136.854219	0.368068	-120.243467	-0.388367	-77.274699	0.188595	-121.472857	0.275094
1170.000001	-137.662963	0.412957	-116.841786	0.348371	-81.359880	-0.009724	-141.292296	-0.103678
1180.000001	-127.233527	0.247963	-121.326444	-0.209764	-71.065714	-0.454259	-124.231973	0.228256
1190.000001	-127.963091	0.235708	-118.594504	-0.444988	-73.311565	0.355738	-140.348190	-0.216652
1200.000001	-127.235765	-0.406568	-119.347307	-0.283753	-75.043719	0.049418	-123.989562	0.231471
1210.000001	-134.427221	-0.096410	-122.488335	0.448224	-76.180963	0.016145	-122.665478	0.171184
1220.000001	-138.241083	0.486024	-117.143707	0.000777	-73.191833	-0.160698	-125.256721	0.446663
1230.000001	-124.821899	-0.437543	-120.943646	-0.024611	-72.215949	-0.199348	-121.268614	0.146971
1240.000001	-119.733569	0.385858	-118.079164	0.271319	-81.389252	0.444774	-123.945475	-0.028197
1250.000001	-120.772539	0.105228	-126.066631	0.428934	-78.083359	-0.111309	-125.731057	-0.070128
1260.000001	-121.849202	0.004825	-114.365287	0.179394	-77.011386	-0.037571	-137.152484	-0.186553
1270.000001	-122.686233	-0.316909	-129.042100	0.116578	-75.945041	0.254319	-124.746713	0.288666
1280.000001	-128.835395	0.011630	-114.967671	-0.227852	-73.808534	0.298942	-128.766104	-0.379794
1290.000001	-127.988291	-0.476691	-119.540270	-0.410486	-70.580546	-0.293206	-126.866377	0.063648
1300.000001	-129.304573	-0.309339	-119.476242	0.467886	-72.776668	0.082968	-131.000299	0.340852
1310.000001	-129.523208	0.195478	-117.647390	-0.348112	-69.383157	0.115789	-138.606039	-0.224968
1320.000001	-129.254964	0.291494	-115.265370	-0.020353	-86.105307	0.252678	-119.339137	-0.446562
1330.000001	-128.727742	-0.394083	-120.446119	-0.345163	-77.867034	0.067168	-133.015707	-0.076675
1340.000001	-132.715134	0.342120	-115.870449	0.335381	-71.045466	-0.068957	-125.505108	-0.200094
1350.000001	-136.694842	0.109268	-112.283426	-0.470872	-79.060879	-0.494760	-131.855558	0.400465
1360.000001	-127.535392	-0.009724	-116.156794	0.458659	-97.768566	-0.072571	-124.323643	0.157216
1370.000001	-128.622392	0.110268	-116.855826	-0.042995	-68.661048	0.065734	-133.684396	-0.041229
1380.000001	-128.503252	0.293419	-113.645904	0.230604	-79.871836	0.388036	-127.104852	-0.254546
1390.000001	-123.437209	-0.368093	-113.738297	0.245409	-72.119630	0.346969	-125.470994	-0.348512
1400.000001	-136.921798	0.037220	-123.692424	-0.004588	-81.784727	-0.457578	-119.242805	0.036705
1410.000001	-123.557756	0.185310	-118.124551	-0.310645	-88.091302	0.322633	-122.904872	0.015089
1420.000001	-121.982893	0.473694	-122.000008	0.021969	-75.427918	-0.004997	-124.130266	-0.337339
1430.000001	-128.189461	0.475076	-122.316888	-0.196901	-74.585222	-0.036295	-125.822418	-0.494586
1440.000001	-136.473712	-0.387779	-125.300982	0.222587	-77.149159	0.087046	-131.056167	-0.229325
1450.000001	-128.602883	0.370419	-128.103171	-0.324567	-81.991325	0.477829	-130.197738	0.117892
1460.000001	-125.796797	-0.113395	-117.339768	-0.359011	-76.829948	-0.381896	-123.178467	-0.192400
1470.000001	-137.044361	0.356910	-114.490055	-0.201018	-76.133210	0.149924	-146.152902	0.006816
1480.000001	-129.488225	0.457094	-120.946469	-0.332418	-75.804584	-0.028059	-124.208050	-0.343403
1490.000001	-119.439365	-0.372322	-115.772187	0.192035	-91.135450	-0.415142	-123.338083	0.398664
1500.000001	-125.703294	0.102304	-121.693734	0.490811	-76.450067	0.451013	-121.832187	0.205203
1510.000001	-118.892962	-0.420680	-115.706417	-0.334066	-77.034981	-0.293654	-128.068670	0.396631
1520.000001	-128.246601	-0.396644	-119.543868	-0.084947	-71.112852	0.026637	-96.784295	0.057388
1530.000001	-125.926775	0.433544	-122.329772	0.014690	-80.874530	0.298661	-125.806529	-0.398220
1540.000001	-135.368593	0.149512	-128.119757	0.415461	-73.783309	0.388078	-123.505808	0.332397
1550.000001	-127.843970	-0.410162	-131.123525	0.241529	-73.131586	-0.252603	-128.972614	-0.059574
1560.000001	-128.657735	0.381738	-121.495813	0.153031	-77.670183	-0.229652	-136.519083	-0.071175
1570.000001	-124.965646	0.124492	-117.750766	0.006755	-77.625747	0.409890	-126.343559	0.233545
1580.000001	-124.294273	0.310305	-128.739916	0.151581	-79.870351	0.287016	-126.697916	0.381098
1590.000001	-131.049699	-0.054180	-119.397839	0.308901	-74.462605	-0.426100	-124.032190	-0.128012
1600.000001	-129.588228	0.020875	-131.331660	0.222569	-67.252192	-0.093044	-125.990471	-0.158772
1610.000001	-126.370204	0.330210	-120.734600	-0.119277	-74.932929	0.221870	-126.842505	-0.418353
1620.000001	-126.212879	0.111542	-119.715504	0.013176	-86.427075	0.141297	-132.509248	0.028254
1630.000001	-124.274203	-0.342531	-129.679355	-0.010007	-78.656569	0.254539	-130.296540	0.297679
1640.000001	-130.181296	-0.038905	-126.372557	0.416843	-89.141308	0.376485	-127.030205	0.422241
1650.000001	-122.508261	-0.443250	-128.682270	0.384388	-85.129900	-0.449902	-126.199416	-0.401883
1660.000001	-125.070504	0.304702	-123.646368	-0.140242	-89.142847	-0.166804	-132.893020	-0.065013
1670.000001	-136.553598	-0.126039	-120.664028	-0.060967	-82.025239	0.397345	-126.060443	-0.187814
1680.000001	-131.851571	0.226690	-128.178092	-0.481330	-76.571789	-0.195982	-123.505681	-0.221940
1690.000001	-139.405979	0.169728	-135.401257	-0.074605	-80.844756	-0.398241	-123.107532	-0.114491
1700.000002	-128.044542	0.198749	-123.336570	-0.299902	-75.113729	-0.176601	-128.631365	0.132007
1710.000002	-123.448214	-0.259375	-121.379933	-0.189708	-95.137624	0.487336	-133.894546	-0.288394
1720.000002	-121.497661	0.392067	-130.067721	0.165578	-77.454514	0.381155	-128.962184	0.217741
1730.000002	-121.688989	-0.191482	-125.278907	-0.071125	-76.488098	-0.133126	-123.893830	-0.132220
1740.000002	-125.358342	-0.266309	-119.168661	0.047101	-84.384790	0.141726	-121.285138	0.427280
1750.000002	-123.766489	0.197298	-123.995923	-0.380558	-85.343982	0.401177	-130.648534	0.063168
1760.000002	-129.889455	0.253503	-129.465843	0.211941	-74.857695	0.434771	-121.448269	0.166835
1770.000002	-124.830806	-0.486226	-141.292303	-0.395769	-73.441624	0.081591	-127.810823	0.483061
1780.000002	-131.613535	-0.252964	-130.866965	-0.145444	-77.041927	0.172878	-147.075078	0.467874
1790.000002	-135.003097	-0.099027	-132.936404	0.440207	-84.291001	0.078743	-125.321537	-0.053358
1800.000002	-120.141428	-0.149725	-127.366830	0.325749	-79.095837	0.494021	-127.386409	-0.249274
1810.000002	-125.378518	0.319571	-130.046681	-0.220939	-84.638017	-0.495499	-127.291866	-0.339992
1820.000002	-129.991582	-0.092967	-126.106465	0.316510	-73.159174	0.060989	-130.628690	0.127388
1830.000002	-120.081181	0.471810	-130.997299	0.167140	-82.666897	-0.151057	-129.179783	-0.432119
1840.000002	-117.542559	0.306019	-127.828640	0.283230	-89.903516	0.166343	-125.651042	-0.180590
1850.000002	-140.471669	0.318853	-126.444751	-0.155132	-77.509528	0.438451	-122.886671	0.016994
1860.000002	-119.786229	-0.443093	-125.041073	0.291307	-89.514861	0.188640	-128.013313	-0.424214
1870.000002	-125.891844	0.373405	-132.478512	-0.025380	-80.027471	-0.206383	-120.973157	-0.190922
1880.000002	-130.151676	-0.160628	-124.207363	0.227963	-72.432524	-0.060857	-123.019690	-0.011412
1890.000002	-132.996131	-0.101782	-129.122993	0.203500	-74.359264	0.233405	-125.881838	-0.364044
1900.000002	-123.139879	0.139591	-125.138875	-0.183629	-94.942908	-0.026856	-94.417052	-0.179733
1910.000002	-122.815558	0.321219	-119.041769	-0.387176	-89.863250	0.231599	-118.638096	-0.319905
1920.000002	-125.073047	-0.425664	-132.594771	-0.435110	-75.797181	-0.225454	-127.019082	0.304170
1930.000002	-117.272245	0.485008	-129.667297	0.153448	-73.370627	0.355928	-123.183787	-0.212610
1940.000002	-127.197835	-0.050624	-128.584743	-0.174628	-81.425569	-0.074741	-124.379761	-0.137250
1950.000002	-134.200376	-0.271160	-123.934985	0.058297	-92.735852	0.379209	-118.763854	0.009818
1960.000002	-139.212300	0.140166	-123.049000	0.118778	-83.227853	-0.486603	-139.891749	-0.407833
1970.000002	-129.602886	0.029434	-121.735329	0.122159	-73.161086	-0.303488	-120.604834	-0.172071
1980.000002	-128.595315	0.253205	-122.987768	0.262948	-76.901861	0.351003	-129.624946	-0.409674
1990.000002	-129.186998	0.198693	-119.862959	0.220320	-78.621629	0.066832	-124.067237	0.412836
2000.000002	-127.677924	0.483306	-126.292664	0.497803	-73.707333	-0.120238	-133.390895	-0.230909
2010.000002	-122.614913	0.323524	-118.036811	-0.295455	-82.866780	-0.122270	-137.528739	-0.299170
2020.000002	-128.513715	-0.207321	-126.657510	0.180040	-74.307630	0.386281	-125.770655	0.155076
2030.000002	-133.476282	-0.049948	-137.995529	-0.102958	-84.369352	0.013479	-128.725526	0.155043
2040.000002	-132.877924	0.064088	-115.633977	-0.059815	-77.926825	0.104361	-124.860829	0.177179
2050.000002	-122.872900	0.498611	-124.796371	0.389856	-81.566590	-0.127453	-139.708828	-0.349259
2060.000002	-126.391770	0.045493	-121.020492	0.108393	-79.839891	0.003181	-137.183706	0.101275
2070.000002	-123.210445	0.113672	-124.182356	0.238514	-72.588250	0.425148	-132.678842	0.199770
2080.000002	-126.198076	-0.194004	-130.587161	-0.091252	-74.502404	0.161957	-130.223546	-0.207204
2090.000002	-129.415226	-0.291519	-125.503470	-0.408952	-82.904728	0.087187	-124.207123	-0.254576
2100.000002	-126.744609	-0.157017	-136.544454	0.209464	-81.416828	0.102111	-121.878780	-0.314695
2110.000002	-123.804560	0.144675	-122.452151	0.319859	-77.955812	0.495759	-125.191425	-0.275648
2120.000002	-126.168431	0.283545	-125.323347	-0.340900	-84.916859	0.412915	-137.693223	-0.328425
2130.000002	-141.045831	0.012344	-127.626394	-0.003379	-88.117306	-0.443275	-124.790507	0.041913
2140.000002	-124.383653	-0.467130	-125.894170	0.466150	-73.056607	0.039374	-126.750093	0.163763
2150.000002	-134.951350	-0.009849	-125.501846	0.281916	-83.157780	-0.391816	-123.191884	-0.085275
2160.000002	-125.871347	-0.349790	-123.420856	0.427050	-76.579257	0.011674	-122.896798	0.350208
2170.000002	-123.139295	0.324221	-135.857151	0.424666	-74.054292	-0.264343	-125.245046	0.051400
2180.000002	-123.571674	-0.241480	-127.991462	-0.018066	-82.829954	0.143805	-124.811424	0.245234
2190.000002	-126.916616	0.356223	-133.234695	-0.275098	-79.032361	0.183278	-124.819425	0.168458
2200.000002	-132.905399	0.476100	-122.265220	-0.269832	-72.863684	0.400674	-126.470908	-0.048943
2210.000002	-122.082155	0.074681	-130.368517	0.063945	-75.476149	0.307803	-120.366367	0.328563
2220.000002	-128.984222	-0.446321	-131.170055	-0.007058	-79.587314	-0.305706	-120.403360	0.286622
2230.000002	-126.685608	0.490737	-124.095359	0.178162	-86.131898	0.235941	-120.629121	0.033657
2240.000002	-125.118909	0.227123	-123.905506	0.199025	-70.760905	-0.242829	-129.436093	-0.361161
2250.000002	-119.661228	0.125991	-131.016154	0.328613	-90.730419	0.345628	-130.479884	-0.158681
2260.000002	-117.613973	-0.362179	-119.198177	-0.396505	-77.472885	0.060069	-118.416012	-0.272988
2270.000002	-122.351094	-0.001347	-122.278871	0.333591	-76.160928	0.450416	-123.767827	0.154015
2280.000002	-133.234662	-0.021063	-124.680771	-0.211037	-82.140329	-0.198337	-103.710579	0.105391
2290.000002	-127.542861	-0.310588	-129.695278	0.402856	-76.936003	0.073748	-126.757040	-0.440950
2300.000002	-135.121096	-0.317766	-126.521508	0.020222	-82.018045	0.333945	-121.846673	0.280700
2310.000002	-122.033708	-0.461083	-121.295700	0.284711	-73.431494	-0.129524	-126.979839	-0.263332
2320.000002	-123.488952	0.171672	-129.201774	0.307155	-75.100624	0.147668	-123.395117	0.410453
2330.000002	-129.469916	0.114560	-141.382816	0.341493	-87.833970	0.222745	-127.482458	0.133584
2340.000002	-136.790927	-0.493174	-131.678194	0.036377	-82.154680	0.328410	-120.314459	-0.171523
2350.000002	-118.726926	0.191000	-120.948587	0.253668	-93.069778	0.106968	-129.354530	-0.297602
2360.000002	-123.266891	0.147427	-125.805269	0.467818	-78.931793	0.252458	-121.867318	0.240586
2370.000002	-125.715125	-0.077274	-123.346106	-0.035898	-79.167460	-0.050466	-126.168061	-0.363470
2380.000002	-118.631854	0.090224	-139.235158	-0.150458	-76.219212	0.102917	-125.746107	0.400386
2390.000002	-130.973464	0.172327	-123.082199	-0.067810	-88.667450	0.208121	-124.626253	0.470180
2400.000002	-145.488407	-0.308415	-126.200276	-0.023825	-85.654590	0.372045	-122.564180	-0.152434
2410.000002	-121.523194	-0.082351	-121.629596	0.008636	-90.232538	0.353166	-121.685733	-0.216223
2420.000002	-128.190083	0.118409	-130.561222	0.189613	-82.441301	-0.353301	-125.071049	0.085407
2430.000002	-138.856663	0.071496	-122.300386	0.159468	-89.870160	-0.351307	-126.952692	-0.246563
2440.000002	-131.749768	0.041294	-130.632139	0.499271	-75.820060	0.081764	-122.852517	0.211636
2450.000002	-122.591861	-0.348124	-121.558166	-0.118973	-87.255380	0.355396	-121.513555	-0.393270
2460.000002	-123.466395	0.295376	-133.309433	-0.300235	-80.726895	-0.142899	-123.585262	-0.419088
2470.000002	-123.510578	-0.376581	-127.667444	-0.426355	-80.994037	0.280165	-126.446643	0.122518
2480.000002	-125.125334	-0.380171	-122.324444	-0.011718	-80.568318	0.164224	-140.116697	0.025166
2490.000002	-123.385086	0.464526	-118.766916	-0.079714	-76.135834	-0.204259	-125.236750	-0.351556
2500.000002	-133.654642	0.181723	-123.684039	0.004831	-76.718783	-0.477149	-128.487903	-0.226080
2510.000002	-126.291600	0.448340	-126.326273	-0.401522	-82.440366	-0.137280	-127.650920	-0.455544
2520.000002	-127.060024	-0.326309	-121.940076	-0.417040	-84.722223	-0.446187	-133.395384	0.442226
2530.000002	-125.478570	-0.051095	-125.778451	-0.032671	-74.626572	-0.495415	-123.844673	-0.480174
2540.000002	-125.229236	0.044690	-128.214188	0.315943	-78.455260	-0.272533	-130.863657	-0.059153
2550.000002	-136.546244	0.483019	-132.115169	0.423777	-82.292301	-0.258769	-136.136305	0.109402
2560.000002	-132.355246	0.466867	-126.508811	0.077839	-84.939891	-0.256788	-125.459059	0.231893
2570.000002	-120.830831	-0.375657	-139.820740	-0.227697	-84.072664	0.101494	-130.131317	0.474129
2580.000002	-117.472953	0.300065	-125.024877	-0.343116	-82.984641	0.127360	-147.886017	0.068797
2590.000002	-128.549449	0.306153	-121.420418	0.106943	-75.417277	-0.105135	-126.287797	0.233710
2600.000002	-132.804133	-0.194373	-133.058028	-0.263069	-87.691651	0.102457	-123.773130	-0.082122
2610.000002	-129.727963	-0.113936	-119.104500	-0.278144	-89.302299	-0.145958	-123.053592	-0.225324
2620.000002	-137.499194	0.253968	-133.617431	0.097984	-78.954407	0.294738	-126.482494	0.173353
2630.000002	-129.533003	-0.358669	-130.159391	0.303621	-74.947640	-0.203911	-126.772110	0.083535
2640.000002	-120.857421	0.068961	-123.776066	0.029395	-79.824928	-0.414685	-122.569933	0.085198
2650.000002	-135.041655	-0.469923	-126.177989	-0.090725	-88.669487	-0.259811	-120.945757	0.281554
2660.000002	-143.809353	0.390847	-134.129563	-0.214625	-79.862307	-0.110846	-99.902027	-0.125888
2670.000002	-119.056442	-0.460157	-132.121341	-0.391323	-103.496353	0.404868	-139.845746	0.171109
2680.000002	-127.844069	0.297965	-121.456429	-0.150252	-79.995376	-0.387917	-119.876181	-0.269095
2690.000002	-122.913527	-0.427572	-122.555194	-0.150415	-77.431873	-0.343985	-147.605681	-0.053828
2700.000002	-129.135693	0.205986	-128.239697	0.412366	-92.780289	0.169314	-132.157773	0.221038
2710.000002	-130.905432	-0.390902	-122.550732	-0.378422	-80.769728	0.092957	-120.668747	0.465274
2720.000002	-121.680957	0.000898	-132.585816	-0.351625	-81.990464	0.397613	-128.811534	-0.216349
2730.000002	-121.945349	-0.393502	-121.962740	0.058745	-78.406717	-0.254472	-132.149329	0.357554
2740.000002	-134.096393	-0.465538	-126.824900	0.275055	-84.614911	0.445436	-120.696490	0.375722
2750.000002	-139.672094	-0.116230	-128.425062	-0.173764	-77.123907	-0.230911	-123.000970	-0.489097
2760.000002	-121.096378	-0.325238	-122.195681	-0.384925	-78.348721	-0.432290	-126.783121	0.460204
2770.000002	-120.879590	0.417752	-133.851864	-0.078638	-88.303246	0.482423	-120.914552	0.207470
2780.000002	-137.113917	-0.013116	-123.285314	0.382028	-78.110523	0.362842	-123.875669	0.053298
2790.000002	-120.638546	-0.163935	-140.124715	0.168170	-84.923223	0.177602	-124.002931	-0.094568
2800.000002	-130.097040	0.022978	-132.551186	-0.445091	-75.905330	0.210685	-123.853486	-0.455799
2810.000002	-135.086671	-0.004433	-129.440624	-0.060734	-80.261107	-0.122717	-120.051199	0.232577
2820.000002	-121.995061	-0.277078	-125.234372	-0.225390	-82.380516	0.054237	-130.627510	0.294224
2830.000003	-122.502324	0.097771	-143.366396	0.220829	-91.018503	0.439419	-121.725975	-0.002940
2840.000003	-122.137209	-0.038157	-129.588684	0.138437	-77.394496	-0.414446	-127.471724	0.120868
2850.000003	-120.149799	-0.280097	-131.256873	-0.185336	-80.042577	-0.169507	-129.716466	-0.066172
2860.000003	-132.629087	-0.239990	-133.749543	-0.334040	-80.293092	-0.208818	-133.494350	0.489571
2870.000003	-134.056475	-0.419715	-119.168635	0.115512	-80.630156	-0.279087	-122.466014	-0.104890
2880.000003	-122.400119	-0.077790	-120.561416	-0.309493	-80.938241	-0.010606	-127.945908	-0.294824
2890.000003	-124.927844	0.023729	-125.160901	0.222434	-75.566435	0.319289	-129.130117	0.439663
2900.000003	-125.734151	-0.098472	-135.260723	-0.073849	-76.543894	-0.390965	-125.182291	-0.194965
2910.000003	-126.184945	0.050789	-123.535538	0.021948	-81.004143	-0.387002	-119.382253	0.197746
2920.000003	-125.555531	0.275998	-142.923780	0.230415	-78.765437	0.135403	-121.239524	-0.263938
2930.000003	-148.378592	-0.080269	-131.540222	-0.337195	-89.319418	-0.341417	-124.214105	0.491847
2940.000003	-123.332669	0.369163	-127.575474	-0.477128	-77.904195	0.394875	-128.583560	-0.120596
2950.000003	-125.714852	0.137475	-131.130647	-0.100131	-79.197465	0.279102	-128.243064	0.148897
2960.000003	-123.988228	0.414157	-138.870663	-0.133527	-82.779428	-0.255948	-128.282050	-0.496915
2970.000003	-122.338535	0.141586	-135.115699	0.004682	-75.973629	-0.248387	-119.949140	-0.145108
2980.000003	-126.175251	0.468388	-130.496473	-0.358390	-80.704114	-0.498994	-138.870680	0.047665
2990.000003	-128.198046	0.476549	-143.176416	-0.465126	-82.562573	-0.195948	-124.860805	-0.283925
3000.000003	-131.826264	-0.254838	-128.913302	0.381084	-81.057499	-0.474147	-125.359676	-0.319935
3010.000003	-132.478173	-0.383773	-123.798712	0.304033	-91.129470	-0.080093	-131.339621	0.420214
3020.000003	-125.130384	0.355417	-123.047685	0.398548	-79.294407	0.488311	-125.897140	0.449454
3030.000003	-137.877299	0.327231	-128.388141	0.332005	-88.834479	-0.218333	-134.765599	-0.461183
3040.000003	-118.105472	0.270806	-130.659191	0.491831	-77.018095	-0.450101	-101.036164	0.121139
3050.000003	-134.134562	0.182036	-117.217750	-0.285470	-81.361018	-0.232804	-125.004198	-0.388349
3060.000003	-118.501562	0.277724	-127.692246	-0.326838	-75.699936	0.049159	-123.005955	-0.141581
3070.000003	-127.076006	-0.455894	-128.860862	-0.399757	-81.697157	0.371232	-123.405999	0.188874
3080.000003	-133.705619	-0.227319	-129.582996	0.002750	-82.195082	-0.244982	-126.548802	0.174528
3090.000003	-121.783179	-0.235296	-131.352160	-0.213518	-75.601230	0.025412	-125.019745	-0.249738
3100.000003	-126.374854	0.272908	-124.045107	0.225570	-80.140959	0.065570	-123.398993	0.380272
3110.000003	-129.550482	0.003174	-126.202161	0.031003	-80.338657	-0.268689	-132.930373	-0.437885
3120.000003	-123.911045	0.391057	-119.357743	-0.430393	-90.983051	0.323299	-134.392498	0.074164
3130.000003	-123.065470	0.369030	-126.914251	0.062722	-83.806597	0.218303	-129.961469	0.087219
3140.000003	-130.306716	0.216350	-126.533619	0.295065	-82.362921	0.236147	-131.970649	0.157318
3150.000003	-123.664378	-0.498072	-122.688080	-0.068794	-78.590579	-0.107087	-124.334636	-0.423514
3160.000003	-124.860009	-0.402879	-123.623808	-0.479756	-84.245362	-0.367606	-131.124752	-0.297033
3170.000003	-131.885266	0.129519	-121.024229	0.064682	-86.837915	-0.357166	-134.121099	0.182065
3180.000003	-126.841681	-0.150411	-131.412957	-0.404387	-79.847341	0.337779	-126.478005	-0.060337
3190.000003	-126.371556	-0.442754	-123.545008	0.416345	-78.738436	-0.058631	-118.844667	-0.054563
3200.000003	-141.503246	-0.308824	-131.848300	0.050619	-81.848751	0.204197	-126.679688	-0.094089
3210.000003	-126.083054	-0.487308	-134.929323	-0.082508	-100.522477	0.014983	-126.320921	0.355342
3220.000003	-127.121048	-0.468418	-118.951158	-0.242668	-83.470847	0.484916	-121.557019	-0.334785
3230.000003	-124.738286	0.398804	-134.811565	0.443235	-83.302686	0.142887	-125.786134	0.442896
3240.000003	-123.934287	0.335428	-139.995096	0.227099	-77.717943	0.370808	-131.503897	-0.422062
3250.000003	-127.427046	0.276412	-120.483144	-0.461053	-82.751386	-0.070954	-127.120896	-0.422042
3260.000003	-126.725627	0.115213	-141.310035	-0.069939	-77.127940	0.004438	-129.197758	-0.275164
3270.000003	-126.310225	0.193397	-123.522643	0.229609	-84.726742	-0.480922	-128.083701	0.473514
3280.000003	-132.167316	0.191487	-129.948509	0.131753	-81.861338	0.354841	-124.327811	0.495859
3290.000003	-128.826410	-0.285801	-132.653580	-0.001238	-87.161384	-0.213686	-126.384630	-0.401741
3300.000003	-123.111591	0.289133	-127.023071	-0.439328	-82.548006	-0.112020	-120.339138	0.169384
3310.000003	-130.767771	0.222393	-126.558587	-0.400981	-82.955141	0.114531	-125.938681	-0.303810
3320.000003	-132.834524	0.372542	-127.615483	-0.239715	-81.354637	0.208314	-124.014481	-0.130146
3330.000003	-126.490847	-0.380597	-121.100360	0.045099	-80.879914	0.087186	-126.801746	-0.349687
3340.000003	-124.537251	0.149443	-127.986147	0.266004	-78.586800	-0.207900	-122.216866	0.271533
3350.000003	-120.455385	0.400145	-131.911775	-0.180868	-89.852001	0.351592	-139.298905	0.043731
3360.000003	-124.965629	0.461414	-134.709938	0.306718	-77.133356	-0.330549	-123.607557	-0.319075
3370.000003	-127.428551	-0.071329	-130.026629	0.131000	-77.611322	0.099612	-125.059649	-0.123433
3380.000003	-129.309451	0.360556	-137.347549	-0.499193	-81.888874	0.018215	-141.694608	0.481247
3390.000003	-119.522920	-0.226984	-122.356264	0.204667	-85.799613	0.209652	-137.366710	0.409478
3400.000003	-124.547802	0.263679	-126.942676	0.163071	-80.499491	0.462015	-124.592705	0.121730
3410.000003	-128.972308	-0.281804	-128.894062	0.130486	-81.074568	0.426906	-128.620486	-0.353769
3420.000003	-126.342380	-0.012022	-124.872744	-0.358177	-83.263425	-0.012409	-98.737077	0.404360
3430.000003	-128.008102	0.053691	-117.889592	-0.019951	-91.883160	0.174407	-130.418590	-0.009087
3440.000003	-120.263726	0.406280	-122.277049	0.275064	-78.881658	0.327651	-127.061715	0.383593
3450.000003	-126.495673	-0.054219	-127.989486	0.150270	-78.650780	0.156257	-120.908050	0.184489
3460.000003	-130.230373	-0.349860	-131.558204	0.126039	-87.004419	0.355966	-128.642073	0.407105
3470.000003	-126.298223	-0.326012	-131.999161	0.168461	-76.159274	0.057939	-126.707104	-0.341862
3480.000003	-133.847119	0.288912	-124.786630	0.103393	-87.476527	0.096551	-126.762889	0.025584
3490.000003	-133.518156	-0.360422	-121.844532	0.372753	-83.576211	0.270466	-123.660699	0.474283
3500.000003	-131.766197	-0.419010	-131.361721	-0.097239	-90.266512	0.318206	-128.441544	-0.424238
3510.000003	-128.987521	0.420663	-123.634677	0.395975	-87.251633	-0.338345	-122.513029	-0.138960
3520.000003	-129.950781	0.250702	-133.371769	-0.022363	-80.329997	-0.315724	-122.692726	-0.348119
3530.000003	-124.435986	-0.197591	-128.193548	-0.378319	-82.887232	0.006283	-132.752454	-0.309165
3540.000003	-127.399243	-0.454833	-124.187413	0.157752	-79.198970	-0.172725	-126.943605	-0.282312
3550.000003	-124.596155	-0.252894	-127.131421	-0.324684	-88.493400	-0.057420	-125.793998	0.313102
3560.000003	-126.918943	0.029160	-124.182854	-0.305040	-78.340932	0.355871	-123.640712	-0.192018
3570.000003	-128.320095	0.261854	-129.145517	0.420521	-81.462556	-0.489867	-124.512985	-0.172374
3580.000003	-129.975737	0.425521	-127.594657	-0.308035	-76.878553	0.199155	-124.563657	-0.144140
3590.000003	-117.647874	0.002045	-138.133498	-0.203920	-82.546225	0.374896	-127.576449	0.471790
3600.000003	-130.297904	-0.317200	-140.172896	0.123686	-77.943632	0.096210	-126.094065	0.025253
3610.000003	-128.105587	0.022162	-129.177126	-0.226926	-88.673421	-0.480055	-121.624885	-0.061042
3620.000003	-125.156162	-0.372878	-134.427944	-0.037133	-84.959748	-0.446705	-121.011869	-0.306855
3630.000003	-122.977683	0.214080	-131.172060	-0.164631	-80.291289	-0.341168	-128.081855	-0.029408
3640.000003	-117.746713	-0.329428	-120.157726	-0.339790	-82.235073	0.298737	-123.635018	-0.305531
3650.000003	-124.878180	-0.461735	-123.821971	0.336347	-84.031021	-0.239974	-135.817653	-0.094092
3660.000003	-124.689573	-0.193890	-127.813582	0.094692	-91.653249	0.452092	-129.746873	0.324695
3670.000003	-136.423636	0.305853	-121.602165	0.270614	-77.801851	0.055988	-123.452808	0.342706
3680.000003	-131.389729	0.278450	-143.051517	0.310202	-79.758811	-0.278344	-127.848620	-0.007516
3690.000003	-124.503481	0.126395	-123.506075	0.172002	-84.991601	-0.435546	-134.492879	0.137057
3700.000003	-130.639942	-0.426817	-122.678661	-0.464225	-77.749792	-0.482534	-127.853809	0.194916
3710.000003	-124.914194	0.267761	-134.933259	0.159619	-84.015659	-0.246423	-127.683782	-0.032814
3720.000003	-121.792930	0.005246	-124.191385	-0.027123	-77.636823	-0.293953	-128.879153	0.392329
3730.000003	-123.589136	-0.313218	-123.964831	-0.011345	-75.309333	0.205847	-119.209817	-0.448440
3740.000003	-121.746633	-0.219522	-120.238603	0.059440	-82.363916	0.276951	-124.888794	0.279815
3750.000003	-124.173003	-0.408367	-127.231526	0.146510	-81.407483	-0.238673	-127.991309	0.295983
3760.000003	-128.948849	-0.334473	-126.487464	-0.125764	-84.569233	0.334862	-124.620363	0.115985
3770.000003	-123.681490	-0.117120	-123.671814	0.032726	-88.222538	-0.479386	-121.582524	0.467422
3780.000003	-132.430957	-0.339768	-124.702414	-0.253080	-79.849139	0.041581	-132.253246	-0.490591
3790.000003	-138.075792	0.041910	-126.640006	0.082311	-82.387653	-0.325852	-123.203900	-0.008379
3800.000003	-125.019379	0.305920	-117.503875	0.340556	-88.977651	0.016990	-110.906905	-0.359197
3810.000003	-133.413343	-0.308377	-132.125310	0.271457	-80.726662	-0.005021	-130.149170	-0.109903
3820.000003	-119.263136	0.021904	-132.202906	0.447473	-78.511529	-0.270342	-127.880624	-0.447772
3830.000003	-122.891997	0.341257	-132.837632	-0.341098	-78.737152	-0.154743	-127.251449	0.468229
3840.000003	-122.205790	-0.412117	-125.290964	0.394078	-78.595446	-0.162748	-138.702952	0.221379
3850.000003	-121.240518	0.373465	-124.158851	0.342536	-79.146765	0.042945	-128.506992	-0.282359
3860.000003	-125.972136	0.329863	-137.526897	0.216264	-76.619702	-0.153772	-130.895393	-0.385540
3870.000003	-129.786833	-0.048414	-121.578026	0.295136	-74.183685	0.454177	-120.679750	0.014436
3880.000003	-131.459424	-0.384896	-130.663893	-0.309282	-78.885529	0.015608	-123.990631	-0.291246
3890.000003	-124.059713	0.297901	-139.396658	0.408318	-77.658447	-0.033316	-136.469695	0.148513
3900.000003	-119.673699	-0.124134	-127.233625	0.473857	-86.996233	0.000234	-129.905487	0.301619
3910.000003	-127.889381	-0.196350	-128.341396	0.339854	-83.209910	-0.244873	-124.543389	-0.391643
3920.000003	-131.297442	0.246001	-130.970975	0.127849	-80.030693	-0.139188	-134.968698	0.495013
3930.000003	-135.728000	-0.095885	-127.567500	0.228415	-82.335622	-0.134252	-119.534712	-0.054235
3940.000003	-124.591236	0.058225	-131.471908	0.426648	-89.303452	0.401527	-119.288152	0.019596
3950.000003	-123.460177	-0.267290	-130.989378	-0.007080	-80.160356	0.301078	-122.638258	-0.018885
3960.000004	-122.141870	0.470058	-133.125754	0.463747	-90.314343	0.408553	-125.782229	-0.216071
3970.000004	-129.820831	0.462196	-129.278524	0.235004	-84.506898	0.020762	-132.745924	-0.347627
3980.000004	-121.837814	-0.036863	-127.331963	-0.326992	-82.070073	-0.351597	-136.535964	-0.223118
3990.000004	-119.460356	-0.119900	-122.234943	-0.328646	-82.830448	0.484519	-127.592504	-0.421678
4000.000004	-123.867906	0.074542	-130.915767	0.314784	-86.636119	0.181792	-131.885603	-0.112607
4010.000004	-125.494547	0.179002	-123.849411	0.454420	-77.231099	-0.316887	-125.134573	-0.468260
4020.000004	-128.900742	-0.494431	-128.634108	-0.164615	-88.576535	0.131077	-120.485534	0.385997
4030.000004	-124.330109	0.267559	-128.609222	0.138063	-81.169600	-0.154802	-121.985747	0.404575
4040.000004	-126.089408	0.420541	-123.499194	0.158785	-79.045028	0.265033	-130.057433	-0.343181
4050.000004	-127.496500	-0.366915	-126.058165	-0.397473	-79.783674	0.008725	-129.233883	-0.050444
4060.000004	-133.168344	-0.008379	-122.941960	0.406881	-89.680603	0.137866	-129.861675	0.169049
4070.000004	-122.091419	-0.033836	-132.675871	-0.074188	-85.556484	-0.294323	-136.880889	0.130024
4080.000004	-129.640281	-0.442835	-124.495266	0.458760	-87.074075	0.446068	-122.114524	-0.093825
4090.000004	-141.553979	0.316100	-125.287658	0.435750	-79.163348	0.295762	-126.509395	-0.147939
4100.000004	-129.767482	0.356686	-119.239485	-0.026293	-83.633897	0.235998	-127.404935	0.045326
4110.000004	-131.381712	0.155811	-126.667589	0.018285	-89.508341	0.479901	-126.694611	-0.191812
4120.000004	-128.362049	-0.418665	-125.345767	0.362163	-80.547863	-0.348000	-116.464307	0.255619
4130.000004	-123.654820	-0.052823	-137.183441	-0.280055	-83.006618	-0.409384	-121.492480	0.233403
4140.000004	-126.638932	-0.064704	-135.579062	0.353476	-80.780248	0.460826	-129.318246	0.178157
4150.000004	-130.140642	-0.396044	-126.883705	-0.178759	-76.421734	-0.354478	-132.434753	0.442390
4160.000004	-124.880065	0.346958	-129.124827	0.188511	-96.467373	0.157727	-125.377627	0.190747
4170.000004	-118.619659	0.444459	-123.979961	0.404831	-84.679337	-0.380802	-121.846378	-0.273842
4180.000004	-129.969259	0.416902	-128.603872	0.109606	-74.733644	0.078059	-104.114228	-0.072124
4190.000004	-123.087142	0.389674	-124.844444	0.250920	-89.289584	-0.248807	-122.109031	0.222053
4200.000004	-124.691068	0.325986	-132.116546	-0.416626	-91.745195	0.016843	-123.502248	0.356634
4210.000004	-120.836619	-0.070468	-118.920375	-0.178167	-81.291920	0.421424	-122.993498	-0.210944
4220.000004	-129.753518	0.475317	-127.032346	0.236250	-83.943244	-0.313622	-127.505705	0.042655
4230.000004	-126.283603	0.116662	-123.679376	-0.384960	-76.723267	-0.387721	-131.459272	-0.100424
4240.000004	-129.163254	0.091664	-120.116349	-0.155551	-88.244140	-0.023006	-125.882091	-0.497074
4250.000004	-126.705903	-0.358471	-131.536902	0.056505	-95.521076	-0.326566	-124.224905	-0.429768
4260.000004	-122.524290	0.467376	-142.536911	-0.066187	-74.804028	-0.160013	-127.154650	-0.450704
4270.000004	-122.395070	-0.320383	-131.136566	0.370010	-85.224351	0.229441	-121.347401	-0.227504
4280.000004	-131.003186	-0.104007	-127.364998	0.487847	-91.866723	0.417736	-127.522976	-0.233202
4290.000004	-124.585149	0.370236	-129.735676	-0.384792	-78.339566	-0.142837	-125.936132	-0.492987
4300.000004	-123.966870	-0.481711	-122.744653	0.395101	-81.547804	0.428102	-134.081608	0.333770
4310.000004	-130.369686	-0.102058	-125.434044	0.139516	-83.787662	-0.315905	-122.324874	-0.039687
4320.000004	-129.643927	0.148644	-127.802583	-0.360604	-77.311195	0.190564	-123.370746	-0.241374
4330.000004	-122.802732	0.399659	-126.914420	-0.133204	-84.801054	0.370551	-125.149254	-0.298112
4340.000004	-120.919699	0.220780	-129.603026	0.167149	-79.145139	-0.407346	-125.419785	0.319947
4350.000004	-126.063311	0.132366	-126.233714	0.355046	-84.813336	0.396808	-128.826647	-0.057743
4360.000004	-121.093998	-0.154962	-128.831317	-0.151478	-87.550837	-0.129786	-122.082553	-0.306135
4370.000004	-122.082308	0.332073	-128.148315	-0.066781	-98.217365	0.237711	-129.105756	0.224323
4380.000004	-122.523101	-0.118920	-126.341536	0.425930	-84.628851	0.160396	-126.422881	0.091261
4390.000004	-122.711894	-0.180194	-125.051710	-0.158183	-95.383367	0.400880	-127.675794	-0.090897
4400.000004	-127.195158	-0.034694	-127.869701	0.212164	-79.743632	0.181063	-122.364702	-0.298977
4410.000004	-124.926448	-0.206285	-135.841551	-0.182465	-77.730727	0.407309	-126.153505	-0.211343
4420.000004	-126.316052	0.097800	-130.724404	0.201829	-79.608356	0.223397	-122.844477	0.337805
4430.000004	-128.647400	0.272157	-125.043177	0.041998	-79.956064	-0.102163	-126.442050	0.399942
4440.000004	-121.326502	0.147650	-127.027263	-0.354241	-89.321992	-0.301988	-124.412949	0.133596
4450.000004	-122.688155	0.106878	-131.754565	0.031132	-89.287642	-0.385426	-119.677837	-0.152309
4460.000004	-125.554856	-0.201637	-144.453893	-0.460487	-83.084242	0.041189	-127.273615	0.033889
4470.000004	-122.231908	-0.461006	-126.306521	0.151299	-82.753056	-0.414701	-124.571143	-0.477441
4480.000004	-123.210481	-0.319437	-125.135306	0.017459	-85.196324	-0.155171	-129.496331	0.353740
4490.000004	-127.411079	-0.285400	-119.207400	0.407908	-81.264299	-0.248537	-122.292557	0.196258
4500.000004	-126.225166	-0.103855	-123.404775	0.033601	-85.417376	-0.190694	-138.184477	-0.175260
4510.000004	-126.446116	-0.239693	-128.865217	0.252729	-86.578799	0.213343	-118.092577	-0.392874
4520.000004	-122.593928	0.465695	-127.467199	0.376230	-88.462747	0.172155	-121.990306	0.469736
4530.000004	-127.677643	0.474935	-127.072123	0.497289	-96.342797	0.364528	-127.330178	-0.376277
4540.000004	-128.492876	0.289922	-121.773345	0.278822	-86.673782	0.361790	-128.312566	0.412386
4550.000004	-127.506574	-0.160189	-123.365016	-0.011432	-78.075919	0.401296	-127.621794	-0.332981
4560.000004	-124.318559	-0.163441	-121.710972	-0.104237	-85.790654	-0.497918	-127.827529	0.150192
4570.000004	-131.731150	0.198054	-133.771925	0.200220	-83.451532	0.314378	-139.974338	0.254744
4580.000004	-125.535855	0.165496	-124.314958	0.337510	-81.369246	-0.363184	-126.825221	0.072251
4590.000004	-128.879343	0.388968	-124.805171	0.053716	-81.598002	-0.030595	-137.583372	-0.207016
4600.000004	-134.851096	-0.163691	-124.576492	0.161006	-84.541882	-0.002023	-128.586857	-0.300521
4610.000004	-128.741412	-0.329273	-127.473436	0.447612	-81.857469	-0.024896	-130.041740	0.443770
4620.000004	-130.154754	0.068448	-126.041025	-0.426443	-83.540669	0.485040	-122.793544	0.142302
4630.000004	-128.197670	0.291624	-130.899327	0.468675	-83.013285	-0.331967	-125.719630	-0.073340
4640.000004	-125.301004	0.472539	-126.362416	0.186508	-80.382314	-0.108499	-120.567590	-0.067589
4650.000004	-130.725963	0.039860	-129.874644	-0.114287	-90.896144	0.123721	-129.382269	-0.349514
4660.000004	-133.453020	0.045209	-121.632240	0.253183	-87.481299	-0.120188	-131.506672	0.452589
4670.000004	-126.947049	-0.259269	-131.390642	0.017269	-85.336325	0.324633	-128.390235	-0.144954
4680.000004	-122.605426	0.140203	-123.866839	0.387796	-81.097813	0.008591	-129.721214	0.258822
4690.000004	-126.826897	0.477124	-124.353503	-0.374388	-76.543537	-0.225692	-117.769087	-0.166526
4700.000004	-125.076240	0.246905	-127.422378	-0.206288	-77.714113	0.307909	-127.960829	0.455381
4710.000004	-130.678010	-0.134395	-124.342655	0.201978	-84.123201	-0.100520	-129.896556	0.249403
4720.000004	-121.964645	-0.216616	-133.742209	0.357211	-87.530287	0.384441	-129.407652	-0.281301
4730.000004	-121.092380	0.466015	-131.452204	0.309728	-78.909182	-0.080862	-125.867331	0.302096
4740.000004	-129.719598	0.444378	-124.058302	-0.217216	-89.625412	0.116667	-133.167839	0.310815
4750.000004	-133.320451	0.279679	-127.033368	-0.151336	-83.077483	0.238457	-124.160870	-0.466636
4760.000004	-125.995605	-0.058966	-125.843101	-0.323213	-81.533769	-0.385710	-119.735490	0.263454
4770.000004	-128.344632	-0.344817	-122.460400	-0.431605	-92.138176	-0.243688	-121.546204	-0.365469
4780.000004	-127.077814	0.327747	-123.258952	0.363789	-86.017602	0.096501	-127.998109	0.358594
4790.000004	-127.554824	0.450783	-131.639743	-0.224918	-81.038226	-0.056480	-121.975429	-0.366418
4800.000004	-129.944543	-0.297018	-120.963589	-0.238392	-100.435864	0.399748	-126.923935	-0.133567
4810.000004	-121.015910	-0.133732	-125.376431	-0.097836	-82.044581	-0.336893	-127.938994	0.304017
4820.000004	-130.925742	-0.064176	-123.816608	-0.275986	-83.377672	0.129987	-132.949176	0.164065
4830.000004	-126.305425	-0.162792	-127.027514	0.103762	-87.630058	-0.486996	-131.639108	-0.212003
4840.000004	-121.184506	-0.410059	-126.987429	-0.289472	-80.302516	-0.238523	-126.881350	-0.296708
4850.000004	-125.553421	-0.183992	-134.346252	0.301149	-85.247442	0.076415	-126.427941	-0.198766
4860.000004	-127.595003	0.165072	-130.830011	0.111237	-84.980595	-0.162548	-126.955068	0.242366
4870.000004	-131.812574	0.285591	-136.779435	-0.097015	-88.460334	-0.260548	-135.770475	0.024932
4880.000004	-125.014233	-0.460015	-127.398614	-0.247262	-80.278203	0.254479	-131.528192	0.061227
4890.000004	-138.264059	0.133741	-134.576728	-0.108270	-95.583499	0.194656	-122.995281	0.430491
4900.000004	-128.594990	-0.105912	-143.139854	0.299167	-82.324774	0.171066	-124.162438	-0.372895
4910.000004	-123.525558	-0.155736	-132.813803	-0.419871	-82.486749	-0.222112	-134.550011	0.416123
4920.000004	-124.778230	0.269621	-131.604401	0.353259	-96.298112	0.301609	-130.557426	0.314258
4930.000004	-120.550661	-0.177249	-130.475570	0.101550	-93.191224	-0.193832	-122.429915	0.169241
4940.000004	-137.666887	0.459744	-126.020885	0.340615	-88.053479	-0.236820	-104.727679	-0.042067
4950.000004	-124.247933	0.021072	-129.237346	-0.075727	-83.863378	0.319937	-127.542891	0.480142
4960.000004	-131.212822	0.258591	-134.288725	0.347431	-91.928388	0.349675	-123.172440	0.080852
4970.000004	-122.752702	0.104838	-132.189107	-0.485193	-89.293303	-0.177685	-125.709603	-0.016088
4980.000004	-120.490978	0.160457	-126.028503	0.281792	-85.823508	0.392291	-122.237441	-0.162079
4990.000004	-127.765699	-0.184293	-120.772549	0.367268	-83.991303	-0.405234	-125.980320	-0.495983
5000.000004	-127.703041	-0.084002	-125.627361	-0.183400	-80.636377	0.068009	-122.570122	-0.133658
5010.000004	-130.867440	-0.073749	-123.957907	0.473238	-83.752235	0.487330	-129.615177	0.238480
5020.000004	-133.726500	0.125065	-123.761041	-0.034973	-81.160070	-0.482219	-120.463414	0.300032
5030.000004	-129.645599	-0.440515	-125.362868	0.004689	-83.921516	0.067469	-120.691272	0.078424
5040.000004	-123.280731	0.432483	-140.220630	-0.146724	-98.608267	0.249410	-134.939941	0.003799
5050.000004	-134.441571	-0.004717	-118.908253	-0.250753	-86.052405	-0.290451	-125.421972	-0.042213
5060.000004	-126.769731	-0.468926	-124.781062	0.228394	-76.599320	0.191866	-133.951745	0.096744
5070.000004	-122.577461	-0.339018	-131.205788	0.172725	-80.903769	0.084837	-130.801584	0.329244
5080.000005	-121.604940	-0.392515	-127.688500	-0.158447	-83.907016	0.443800	-130.204867	-0.471160
5090.000005	-141.584163	-0.436701	-120.334115	0.407552	-91.412392	0.201181	-129.120514	-0.368606
5100.000005	-124.542651	-0.302383	-126.610381	-0.308018	-83.702487	0.470125	-130.249302	-0.369306
5110.000005	-123.357820	0.166345	-122.675904	0.024474	-85.622496	-0.274290	-121.657289	-0.393348
5120.000005	-123.844683	0.291015	-124.129646	0.166894	-84.299126	0.238869	-122.259312	-0.207293
5130.000005	-126.661209	-0.112595	-129.687594	-0.033102	-82.629749	-0.078143	-126.106683	-0.296914
5140.000005	-129.989243	-0.490766	-123.792979	0.293589	-97.493089	0.260505	-129.457160	0.220099
5150.000005	-123.780522	0.128752	-136.742697	-0.115587	-97.759401	-0.211855	-124.473703	0.307389
5160.000005	-124.215271	-0.440412	-133.165113	0.023792	-82.309975	-0.313410	-132.127775	-0.284266
5170.000005	-135.643360	0.027489	-137.064928	0.488382	-86.385110	-0.141575	-138.982340	-0.459030
5180.000005	-127.063804	-0.233915	-122.089605	-0.045750	-98.902551	0.219935	-125.564052	0.487510
5190.000005	-128.311315	-0.064254	-127.412620	0.203085	-82.782041	0.002625	-124.705003	0.004567
5200.000005	-126.808448	0.309136	-137.482705	-0.287076	-82.786258	-0.364255	-130.069263	0.301153
5210.000005	-131.400767	0.047298	-127.095473	0.315539	-87.977287	-0.379936	-145.378355	0.145504
5220.000005	-125.411844	-0.036554	-123.108193	0.298908	-81.240313	0.043774	-121.605861	0.404440
5230.000005	-125.739098	0.177939	-134.938319	0.001838	-84.758811	0.073746	-129.495309	-0.366400
5240.000005	-157.405414	-0.497682	-121.474995	0.176388	-81.189367	-0.229463	-127.601609	0.285755
5250.000005	-139.029575	0.143906	-127.689562	0.237995	-78.507928	-0.451019	-131.759302	-0.350975
5260.000005	-130.171838	-0.007962	-131.449312	-0.083264	-85.147204	0.103889	-134.223095	-0.154560
5270.000005	-128.457507	-0.317330	-121.860350	0.485268	-92.482794	-0.055810	-130.464225	0.319112
5280.000005	-119.554484	-0.026206	-129.642530	-0.183579	-85.007048	0.230268	-120.265748	-0.003111
5290.000005	-123.552209	0.311822	-121.556603	-0.284457	-89.748040	-0.096747	-129.495577	-0.332910
5300.000005	-129.069978	-0.477218	-127.340122	-0.160564	-87.000153	0.149448	-123.934675	-0.382039
5310.000005	-121.323779	-0.237862	-125.860487	-0.210108	-83.938799	-0.148561	-123.662579	0.445563
5320.000005	-121.233173	-0.134743	-125.088325	-0.233314	-101.692592	0.165600	-102.855458	0.231647
5330.000005	-129.243075	-0.439649	-136.990845	0.368841	-78.298485	0.298033	-124.833104	-0.275849
5340.000005	-130.596918	0.406277	-125.219899	0.438971	-83.003816	-0.018093	-123.141533	0.264702
5350.000005	-129.833780	0.285742	-127.889882	-0.234554	-106.917362	0.288269	-130.119656	-0.088029
5360.000005	-125.833669	0.393160	-125.879777	-0.263141	-82.438339	0.404832	-121.563863	-0.222159
5370.000005	-126.395808	-0.218847	-130.350379	0.485633	-88.521830	-0.012938	-130.860562	-0.089506
5380.000005	-126.635272	0.113132	-123.655843	-0.223429	-87.482295	0.475170	-123.092283	0.344894
5390.000005	-121.181537	-0.423535	-131.014992	0.202001	-82.098448	0.468457	-136.365986	0.460203
5400.000005	-119.157584	0.436747	-130.085318	-0.399066	-83.526256	-0.301391	-127.014019	-0.334683
5410.000005	-128.585623	-0.359795	-127.561243	0.272527	-83.111075	-0.345682	-123.286311	-0.367194
5420.000005	-131.746196	-0.374979	-130.715510	-0.024147	-85.826140	0.213981	-122.422753	0.492940
5430.000005	-127.425050	-0.249846	-143.740764	-0.178180	-89.988385	-0.029523	-127.960354	-0.160132
5440.000005	-126.815833	0.404925	-123.477826	0.430442	-89.208051	0.065322	-129.968004	-0.499362
5450.000005	-128.537971	-0.418680	-124.336298	-0.011073	-79.569455	-0.378735	-125.798204	-0.194424
5460.000005	-117.503364	-0.463323	-127.497025	-0.400825	-79.662107	-0.356448	-123.660786	-0.256319
5470.000005	-124.319080	0.054306	-121.736913	-0.026942	-77.720345	0.240743	-124.330120	-0.361180
5480.000005	-124.681685	0.234195	-123.872818	0.175307	-82.764979	-0.183599	-122.424520	0.097250
5490.000005	-121.180684	-0.095705	-128.864940	-0.232553	-82.834011	-0.224600	-122.020358	0.041359
5500.000005	-131.047599	-0.248910	-129.825590	-0.075039	-99.376152	0.347306	-124.540608	0.256545
5510.000005	-120.861980	0.486233	-123.298732	-0.021919	-81.140545	0.338841	-130.126414	0.391047
5520.000005	-123.341028	0.416488	-131.748276	0.274785	-82.765825	0.276413	-124.953745	-0.261064
5530.000005	-132.376776	-0.038572	-121.093195	-0.440274	-84.585214	0.036465	-135.241486	0.266544
5540.000005	-124.188256	0.234020	-122.001174	0.001191	-91.700539	0.455022	-121.059599	-0.075827
5550.000005	-129.979818	0.054899	-116.890067	0.189814	-83.741100	-0.490416	-121.548481	0.289715
5560.000005	-138.743320	-0.136467	-123.103343	-0.452284	-77.762071	0.473137	-136.858970	0.098894
5570.000005	-119.380622	0.169595	-130.880418	-0.199585	-78.971383	-0.092795	-123.665884	-0.439418
5580.000005	-136.070484	-0.277507	-141.021456	0.146944	-82.081349	0.234262	-126.335520	-0.445000
5590.000005	-127.070314	-0.293832	-128.044875	-0.307361	-81.689109	-0.254543	-129.136564	-0.417589
5600.000005	-129.398629	0.153317	-124.353118	-0.048970	-84.659395	-0.495410	-128.115740	0.281264
5610.000005	-131.973124	0.022969	-121.730587	0.143258	-77.104053	-0.006292	-126.590732	-0.411596
5620.000005	-133.628446	0.046679	-132.918271	-0.089029	-81.310623	-0.161774	-128.985162	-0.065568
5630.000005	-124.459106	-0.463582	-127.560418	0.269351	-89.849342	-0.158554	-130.416840	0.201268
5640.000005	-124.121435	0.351516	-129.210000	0.187577	-78.894656	0.132519	-133.103626	-0.160456
5650.000005	-128.966761	0.131540	-122.446948	0.176703	-80.615760	0.193928	-121.486532	0.236334
5660.000005	-124.850802	0.321959	-129.706669	-0.232106	-84.685238	0.445183	-123.485014	-0.291201
5670.000005	-134.516725	0.439574	-129.240565	-0.027650	-78.876934	-0.015659	-142.182840	0.320526
5680.000005	-135.227788	-0.284842	-130.897435	-0.053984	-81.018428	-0.430783	-130.913392	-0.275407
5690.000005	-127.882214	-0.107734	-124.432890	0.097854	-83.770660	0.039909	-124.166361	0.119375
5700.000005	-128.578039	0.193829	-136.332759	0.095935	-80.143567	-0.400199	-101.907608	0.497179
5710.000005	-127.648466	-0.457397	-129.079357	0.422761	-88.761827	-0.163450	-130.265372	-0.138772
5720.000005	-119.820607	-0.046430	-124.731007	-0.347716	-78.333603	-0.107664	-125.674709	0.188942
5730.000005	-136.685776	0.472362	-131.119205	-0.218232	-81.126891	-0.311807	-135.804306	0.400671
5740.000005	-125.234835	-0.296059	-121.710476	0.171865	-90.803945	0.156562	-127.794225	0.404637
5750.000005	-127.511668	-0.119080	-121.968523	0.170938	-89.353035	-0.136800	-127.018620	-0.496868
5760.000005	-125.448645	-0.459350	-133.394665	-0.196592	-79.387615	0.103542	-123.138743	0.497034
5770.000005	-137.935502	-0.066416	-132.409293	0.215315	-79.921071	0.233855	-126.557269	-0.130394
5780.000005	-140.109753	0.262507	-128.806483	0.212858	-82.080534	-0.367011	-123.286237	0.320506
5790.000005	-135.148132	0.055070	-131.916138	0.362591	-92.176501	0.174078	-126.730315	-0.132918
5800.000005	-134.226669	0.073471	-123.487749	0.380243	-81.164806	0.473442	-118.675379	0.248494
5810.000005	-131.999947	0.332693	-123.574448	0.336873	-84.749676	0.141489	-127.103953	-0.118232
5820.000005	-124.964184	-0.172404	-125.670056	-0.109044	-83.470570	-0.362024	-131.429641	-0.141479
5830.000005	-131.384566	0.279844	-123.843824	-0.482059	-93.640236	-0.068209	-125.699031	-0.439721
5840.000005	-145.195701	-0.036756	-131.058820	0.329430	-84.503187	-0.314243	-129.841086	0.020963
5850.000005	-128.483685	0.262094	-128.916828	-0.263737	-86.340658	0.347013	-126.677510	0.077712
5860.000005	-126.416845	0.023382	-129.219180	-0.441439	-98.064732	0.251624	-120.507068	0.182198
5870.000005	-131.544289	-0.046510	-125.977415	-0.102977	-76.483717	0.322898	-130.816774	0.310124
5880.000005	-125.546801	0.237897	-128.704937	-0.170773	-101.797706	-0.019517	-122.663640	-0.409471
5890.000005	-128.641426	-0.122877	-134.945561	0.094822	-84.226867	0.330101	-130.206638	0.236591
5900.000005	-131.824996	-0.118742	-131.811619	-0.118739	-94.219503	0.338093	-124.389468	0.176534
5910.000005	-126.501202	-0.135886	-131.478555	0.175494	-83.598060	-0.150354	-124.097816	0.111609
5920.000005	-126.050809	-0.280653	-136.232812	-0.174454	-92.969169	-0.303779	-131.082118	-0.082475
5930.000005	-139.111136	-0.300962	-133.245649	-0.202736	-94.509753	0.307710	-121.864127	-0.377824
5940.000005	-124.702603	-0.446095	-128.562629	-0.354093	-88.979867	0.193136	-127.957205	-0.473643
5950.000005	-128.077458	-0.182445	-141.301329	0.023756	-86.741978	-0.337240	-128.288477	-0.415305
5960.000005	-121.910316	0.415756	-123.848786	0.420553	-79.438513	0.316558	-128.631832	0.337243
5970.000005	-129.225208	-0.073101	-119.366102	-0.395861	-88.289189	0.101355	-131.990520	-0.098121
5980.000005	-123.130513	0.234375	-127.296240	-0.367349	-80.322069	-0.431791	-123.445156	-0.272407
5990.000005	-126.574620	-0.466037	-130.981520	-0.041416	-84.473790	-0.289522	-142.194505	0.327108
6000.000005	-128.892199	-0.334078	-132.080107	-0.374387	-85.942258	-0.442643	-123.621242	0.399271
6010.000005	-129.324257	-0.093641	-123.743574	-0.283980	-84.713123	-0.035291	-128.041973	0.289975
6020.000005	-128.398512	0.197648	-121.415135	0.378168	-84.427695	-0.220446	-124.825117	0.411644
6030.000005	-122.345262	-0.234066	-131.620313	0.002000	-90.077526	0.391403	-123.405760	-0.242377
6040.000005	-125.776335	0.340232	-123.900049	0.409922	-80.455101	-0.090929	-128.669553	-0.225833
6050.000005	-127.589097	-0.484017	-121.821371	0.246037	-84.540017	0.093366	-129.734131	-0.076870
6060.000005	-126.058787	-0.173737	-131.221381	0.334809	-86.487164	0.437557	-129.235574	-0.002422
6070.000005	-128.660556	-0.266882	-119.886273	0.344230	-85.705862	-0.404572	-130.351704	-0.414682
6080.000005	-131.474611	0.309881	-127.092336	-0.295671	-85.088232	-0.475274	-133.612053	-0.276205
6090.000005	-125.226875	0.243287	-124.993102	0.352226	-93.291836	0.033906	-136.137171	-0.327183
6100.000005	-123.495317	0.466925	-131.036737	-0.337845	-84.444939	-0.256086	-121.031268	0.492423
6110.000005	-142.031586	-0.389047	-132.750565	-0.173257	-98.829323	-0.039331	-135.790260	-0.362862
6120.000005	-125.721799	-0.405566	-130.444793	0.354855	-93.819163	-0.122262	-122.687451	0.140120
6130.000005	-126.777734	0.481291	-130.144577	-0.398294	-79.387646	-0.252389	-123.023432	-0.015365
6140.000005	-131.750886	-0.276462	-128.081906	0.321219	-85.951403	-0.452475	-130.430491	-0.178796
6150.000005	-121.909864	-0.260912	-131.325302	0.457844	-80.323910	0.066686	-137.647207	0.140889
6160.000005	-124.836263	0.333512	-138.108348	0.027660	-89.520686	0.322621	-133.677523	0.494275
6170.000005	-135.548495	0.446490	-120.479326	-0.008416	-87.263471	-0.419078	-120.122331	0.083984
6180.000005	-123.095810	-0.097783	-125.700006	0.431480	-91.791721	-0.420756	-136.326292	0.231395
6190.000005	-127.141789	0.498962	-126.255773	-0.210929	-88.305870	0.147228	-120.699550	-0.362568
6200.000005	-128.956648	-0.482083	-123.868488	0.098190	-86.331709	0.176912	-133.073748	-0.140000
6210.000006	-127.807377	0.315583	-123.609802	0.420322	-80.452879	0.310842	-120.600435	0.273103
6220.000006	-129.909749	0.433956	-126.630528	0.415071	-90.773574	0.162603	-125.805023	-0.460745
6230.000006	-122.593771	0.237953	-128.264277	-0.227143	-83.359594	-0.498592	-132.526182	0.017972
6240.000006	-122.314062	-0.009586	-133.416830	-0.259266	-85.998785	0.326225	-121.344970	0.253976
6250.000006	-127.079794	0.086113	-130.668893	0.195314	-88.508915	-0.113681	-125.073901	-0.239050
6260.000006	-123.498760	0.427913	-133.672817	0.172163	-88.195044	-0.338886	-119.008879	-0.348265
6270.000006	-120.753624	0.033623	-128.118245	0.234857	-87.489018	-0.025734	-138.086600	-0.494254
6280.000006	-129.560879	-0.163772	-129.527877	-0.479047	-87.329844	-0.029221	-120.018589	0.084730
6290.000006	-125.445098	0.255428	-125.829233	-0.277041	-90.491584	0.481187	-129.747446	-0.409802
6300.000006	-127.354483	-0.249534	-152.840990	-0.246741	-81.833202	-0.230589	-125.591128	0.497992
6310.000006	-125.888077	0.273155	-123.740501	-0.299043	-94.195015	0.096046	-130.109757	-0.028520
6320.000006	-123.726175	-0.388319	-135.014792	0.314624	-100.907667	0.272781	-130.826063	0.224378
6330.000006	-128.112260	0.159147	-131.271175	-0.180051	-84.949116	0.133556	-139.114170	-0.045910
6340.000006	-119.218250	-0.311400	-142.348412	0.374399	-98.251603	0.166858	-123.786164	0.294306
6350.000006	-127.699031	-0.235757	-119.634306	-0.389515	-82.597091	0.301242	-147.405026	0.353762
6360.000006	-130.714859	0.467837	-137.424956	-0.183571	-90.098189	-0.040239	-130.017693	0.355874
6370.000006	-131.147395	0.217286	-124.733782	0.014661	-88.907001	-0.015287	-130.985272	-0.315589
6380.000006	-132.792228	-0.041011	-127.222141	0.346323	-95.010741	0.482104	-121.720689	0.273047
6390.000006	-122.375528	-0.116703	-135.329155	0.251341	-78.006367	0.030097	-138.427397	-0.291391
6400.000006	-139.601969	0.098199	-130.633514	0.215714	-100.245287	-0.082666	-126.626523	-0.244408
6410.000006	-121.996215	0.336071	-124.550957	0.300419	-87.606569	0.213059	-125.434878	0.299870
6420.000006	-135.985233	0.443125	-122.586287	-0.054200	-82.194874	-0.208736	-121.346332	0.051233
6430.000006	-124.059440	0.136201	-122.705560	0.233351	-90.545061	0.423426	-131.228236	0.487899
6440.000006	-121.896197	0.387197	-128.463123	-0.492780	-82.141903	0.469180	-130.717242	0.280483
6450.000006	-134.264688	0.306074	-122.853261	-0.161476	-85.735155	0.468390	-120.089840	-0.418101
6460.000006	-148.534704	0.270021	-124.019233	-0.295445	-82.635201	0.096070	-108.005810	-0.444246
6470.000006	-127.226180	-0.404005	-122.147255	-0.499034	-91.486637	-0.270447	-130.291778	0.448266
6480.000006	-129.115401	0.382460	-124.740770	-0.295957	-86.274651	-0.455675	-123.390706	0.357619
6490.000006	-123.652884	-0.371527	-131.260442	0.492764	-94.336039	-0.233012	-128.721112	0.365239
6500.000006	-124.462082	0.024696	-136.259256	-0.093481	-90.355171	0.342394	-126.432912	-0.072824
6510.000006	-127.383107	-0.267505	-130.485725	-0.212760	-92.523860	0.217908	-129.356937	0.298771
6520.000006	-133.688963	-0.323860	-120.156977	0.368683	-100.684915	-0.168273	-119.032475	-0.317725
6530.000006	-121.798888	0.126327	-137.762062	0.092085	-85.042908	0.220315	-137.201368	-0.006012
6540.000006	-127.561234	0.427774	-128.616871	0.245697	-85.042883	0.163426	-133.448194	-0.036172
6550.000006	-123.844199	0.280597	-120.983501	-0.069802	-83.988515	0.041739	-125.343381	-0.267611
6560.000006	-133.194561	-0.042844	-124.683964	0.083242	-84.839305	-0.453791	-131.468284	0.209180
6570.000006	-126.384965	0.201525	-134.771935	-0.045444	-88.058309	0.283110	-142.917702	0.106912
6580.000006	-132.314033	-0.265005	-139.533729	-0.260664	-89.241970	0.360892	-121.416229	-0.131485
6590.000006	-128.568084	-0.298810	-126.949031	0.217564	-90.272876	0.362032	-126.375591	-0.010158
6600.000006	-125.212507	0.168133	-134.608360	0.206087	-86.304719	0.295719	-128.126406	-0.444170
6610.000006	-119.743408	-0.460467	-121.547886	0.246928	-86.992123	-0.182991	-125.619059	0.193199
6620.000006	-128.579301	-0.412433	-123.105388	-0.434039	-99.512000	-0.158383	-125.890891	0.203514
6630.000006	-127.321692	0.343167	-127.586848	0.294695	-87.629493	0.491392	-121.381748	0.293940
6640.000006	-130.169198	0.056661	-127.296954	-0.005265	-80.147963	-0.434512	-122.920183	0.333948
6650.000006	-125.381561	0.456182	-120.412441	0.348519	-80.086083	0.326889	-128.761483	-0.103103
6660.000006	-128.944552	0.261710	-124.337497	0.101428	-79.748898	0.085429	-124.020867	0.027588
6670.000006	-124.010152	-0.304224	-126.138834	-0.132541	-90.955880	0.314479	-123.015982	-0.473596
6680.000006	-118.238759	-0.139903	-125.489407	0.063067	-93.963732	-0.036738	-126.699479	0.237819
6690.000006	-130.376223	0.331681	-124.118392	-0.459453	-104.154986	-0.087391	-122.274631	-0.240457
6700.000006	-122.814392	0.252559	-129.143236	-0.106106	-79.730748	0.236424	-124.494353	-0.419454
6710.000006	-123.406299	-0.104471	-122.133607	-0.390626	-80.247476	-0.047969	-121.769538	0.054155
6720.000006	-127.086047	0.120660	-132.029274	0.460459	-89.017839	0.288460	-129.414623	-0.060970
6730.000006	-122.938040	0.040666	-125.482498	0.157666	-82.662663	-0.215307	-124.274375	-0.222503
6740.000006	-126.251076	-0.212395	-127.976375	0.122346	-84.394949	0.142045	-124.051426	-0.182033
6750.000006	-123.078425	0.181096	-122.848685	0.189183	-83.296279	-0.176486	-125.368083	0.023778
6760.000006	-126.594079	-0.292004	-133.131819	-0.411828	-93.982800	0.379684	-126.499764	-0.251376
6770.000006	-127.637066	0.466922	-123.146700	0.112907	-81.533573	-0.146755	-123.168853	0.417364
6780.000006	-122.246833	-0.388430	-123.033614	-0.448887	-86.078708	-0.398279	-131.305839	0.051622
6790.000006	-127.771808	0.149700	-128.209742	0.093604	-92.292712	-0.242214	-124.561283	-0.415613
6800.000006	-132.697631	0.090086	-125.217343	-0.084647	-90.677054	0.069988	-123.414780	0.441503
6810.000006	-123.299789	-0.402538	-131.173300	-0.204060	-87.707784	-0.180437	-121.110078	0.128265
6820.000006	-128.961914	-0.486779	-130.841209	0.144579	-82.141131	0.241750	-136.232513	0.134128
6830.000006	-129.787471	0.060880	-122.890414	-0.147371	-98.823727	-0.276596	-126.536902	0.022911
6840.000006	-120.200258	-0.177063	-121.959627	-0.009841	-84.692559	0.111859	-105.249514	-0.218784
6850.000006	-125.358265	0.142701	-127.480934	0.448865	-80.229333	-0.033052	-128.920930	-0.167832
6860.000006	-123.380394	0.023093	-126.057623	-0.486252	-85.988527	-0.367184	-134.807227	-0.069689
6870.000006	-118.784786	-0.056773	-121.252644	0.306434	-91.451099	0.184659	-126.468490	0.153238
6880.000006	-128.335619	0.267164	-119.607584	-0.176906	-94.974120	0.375966	-127.027426	-0.461247
6890.000006	-126.520847	-0.011495	-120.953421	0.400006	-83.709947	-0.225602	-130.713799	-0.022070
6900.000006	-124.299465	-0.312174	-126.535788	0.058424	-83.302557	0.425985	-128.824886	-0.034673
6910.000006	-123.121261	0.410945	-118.973640	0.083087	-87.972423	-0.244828	-132.967996	-0.092782
6920.000006	-119.774316	0.377370	-127.224736	0.061784	-83.133724	0.494988	-127.940026	0.277837
6930.000006	-122.172865	0.152869	-128.189666	-0.215787	-93.164785	-0.359722	-121.995779	-0.201986
6940.000006	-135.434640	0.441071	-121.875830	0.475761	-81.647624	-0.015052	-130.752582	0.399581
6950.000006	-130.506661	-0.155557	-120.560602	0.366014	-84.092797	-0.309978	-122.325096	-0.148379
6960.000006	-126.530973	-0.464560	-123.012910	0.166871	-90.115926	0.071894	-124.089780	0.035943
6970.000006	-128.443868	0.383531	-123.380061	-0.206882	-88.755940	-0.173843	-120.725959	-0.458521
6980.000006	-129.187265	0.280948	-148.225267	-0.338669	-89.828171	-0.258800	-126.518682	0.452353
6990.000006	-124.694616	-0.465027	-121.813625	-0.282046	-83.693786	-0.240507	-128.701610	0.243539
7000.000006	-126.200808	0.192902	-132.047576	-0.325407	-87.978332	0.005663	-124.822191	0.102603
7010.000006	-127.466251	-0.085165	-124.966036	0.338066	-87.158881	-0.107973	-122.696699	0.014754
7020.000006	-130.866932	0.422132	-117.786776	0.441264	-83.110011	0.246954	-119.133614	0.331783
7030.000006	-131.845915	-0.421191	-127.515047	-0.164973	-79.509977	-0.172802	-128.613351	-0.077120
7040.000006	-130.057490	0.451702	-127.681504	-0.234759	-80.275014	-0.473598	-129.999118	-0.395155
7050.000006	-131.775441	-0.267737	-130.386789	-0.383040	-88.309788	0.282317	-121.765273	-0.402224
7060.000006	-123.763893	-0.397329	-124.474290	-0.264896	-84.629862	-0.425330	-129.654239	-0.494685
7070.000006	-124.738169	-0.054232	-122.047994	-0.194461	-86.974820	0.355000	-124.724362	-0.130875
7080.000006	-129.267158	0.237911	-119.710464	-0.385995	-78.194874	-0.341527	-122.566134	0.429387
7090.000006	-136.847334	0.335205	-127.121306	0.122852	-82.992642	-0.212442	-123.442627	-0.141160
7100.000006	-124.715294	-0.074631	-128.963716	0.479343	-82.072747	-0.379850	-120.125634	-0.495774
7110.000006	-121.790737	-0.099624	-129.933308	0.145024	-81.768418	0.141803	-131.101818	-0.223980
7120.000006	-128.907845	-0.424978	-132.390338	-0.035185	-85.734558	-0.381714	-127.035757	0.256040
7130.000006	-124.357200	-0.233670	-120.602186	0.122053	-92.999121	-0.208533	-123.299199	0.018246
7140.000006	-125.897460	0.171918	-124.435852	0.404159	-78.902312	0.271631	-143.309225	0.016860
7150.000006	-132.062550	-0.058917	-122.263350	-0.173806	-91.500925	-0.146408	-119.572515	0.314594
7160.000006	-121.737667	0.296444	-124.050053	-0.284237	-91.455675	-0.385934	-130.784771	-0.373362
7170.000006	-126.284175	0.422795	-124.316006	-0.336759	-85.851306	0.071260	-125.725561	-0.030713
7180.000006	-134.050221	0.354353	-142.413723	0.251844	-84.892207	-0.265255	-129.672916	-0.151089
7190.000006	-129.490367	-0.141617	-126.529598	0.167023	-80.510967	-0.253146	-122.779008	0.163110
7200.000006	-129.478072	-0.261180	-127.970399	-0.454065	-93.256131	-0.095761	-128.251133	0.182244
7210.000006	-129.275931	0.486132	-132.293242	-0.383132	-87.751580	0.210247	-126.782699	-0.477323
7220.000006	-123.398233	-0.148619	-127.110179	0.386680	-93.043301	0.131317	-115.087937	-0.393432
7230.000006	-121.996013	0.176565	-137.851764	0.472537	-84.486066	-0.043777	-121.348144	0.064840
7240.000006	-122.283071	-0.096111	-125.624528	-0.392638	-90.766292	0.143217	-124.131832	0.345128
7250.000006	-126.516306	0.066494	-123.579793	-0.009223	-76.992027	-0.012720	-123.108195	-0.025469
7260.000006	-125.362709	0.113122	-124.469324	-0.424818	-88.619552	-0.277001	-125.021634	-0.228814
7270.000006	-134.936511	-0.208922	-122.902641	0.237223	-93.271766	0.317761	-126.694196	0.138548
7280.000006	-134.761625	0.481349	-123.925537	0.245683	-85.808889	-0.441756	-127.614432	0.214931
7290.000006	-122.309373	0.212861	-125.321381	-0.367789	-83.196877	-0.117588	-125.888711	-0.324366
7300.000006	-126.186042	0.387992	-117.707969	-0.281546	-87.470821	-0.297327	-128.820369	-0.213044
7310.000006	-123.705499	-0.277653	-129.225009	-0.433955	-81.435643	-0.307528	-139.195299	0.222575
7320.000006	-123.336677	0.082752	-119.684291	0.099082	-80.907102	0.006217	-121.837462	0.233257
7330.000006	-121.501550	-0.411229	-132.473230	-0.448524	-90.719433	-0.218060	-138.335200	0.202003
7340.000007	-120.472494	0.029840	-128.120194	-0.229773	-88.448526	-0.349091	-123.334471	-0.066533
7350.000007	-121.948770	-0.373519	-127.521579	-0.446924	-86.956751	-0.392689	-124.668788	0.078901
7360.000007	-138.017527	0.084664	-124.463465	0.079765	-84.350456	-0.294247	-122.553485	-0.116124
7370.000007	-123.354453	0.483241	-120.009334	-0.300584	-86.078867	0.403528	-138.146317	-0.376331
7380.000007	-123.610566	0.344667	-122.790197	-0.409807	-86.044515	-0.048431	-127.358623	0.294064
7390.000007	-122.067185	-0.370436	-120.471894	0.461212	-82.901689	0.249605	-128.265416	0.381638
7400.000007	-125.714191	0.086490	-129.096107	-0.016372	-88.417315	-0.446945	-125.019150	0.286237
7410.000007	-136.179987	-0.250882	-137.574231	0.131063	-88.134474	0.464997	-130.079614	-0.372285
7420.000007	-129.834545	-0.146120	-134.943146	0.494570	-91.560558	0.478158	-120.705862	0.071454
7430.000007	-124.001666	-0.400260	-120.375898	-0.417870	-92.522793	-0.137270	-130.861352	-0.016229
7440.000007	-136.162771	0.173716	-125.914165	-0.444098	-84.304361	-0.217004	-129.350974	0.208632
7450.000007	-137.504818	0.006497	-135.748860	0.146052	-80.810108	-0.137993	-126.750575	0.128114
7460.000007	-140.132186	0.486304	-124.656927	0.002976	-84.691379	0.264061	-123.736188	-0.223991
7470.000007	-125.091401	0.242275	-122.270030	0.011164	-90.430361	-0.365998	-124.992236	0.444014
7480.000007	-119.753696	0.420743	-121.837418	-0.430143	-89.179863	-0.492656	-144.053297	-0.091519
7490.000007	-126.856011	0.495511	-126.059821	-0.298475	-79.968487	0.464829	-126.709234	0.192804
7500.000007	-131.000830	0.214380	-122.690596	0.311984	-99.507551	0.309963	-123.047671	-0.141337
7510.000007	-121.552769	-0.494280	-137.990396	-0.494214	-88.972825	-0.276450	-126.103288	0.364647
7520.000007	-137.330095	0.067341	-123.642456	-0.400916	-86.707816	-0.389049	-122.128802	0.088594
7530.000007	-118.534726	0.015548	-135.203872	-0.185736	-82.049250	0.064798	-129.332762	0.061248
7540.000007	-130.368673	-0.387265	-135.418736	-0.050339	-91.342354	0.404887	-132.715999	-0.044702
7550.000007	-122.274164	0.410880	-129.585344	-0.342046	-85.560783	0.390002	-120.951214	-0.286756
7560.000007	-127.814545	-0.088325	-119.046777	0.144868	-88.719961	-0.308393	-130.855988	-0.185698
7570.000007	-122.164485	0.417200	-128.772780	0.228946	-91.817814	-0.384974	-125.778082	-0.369606
7580.000007	-123.078767	0.039131	-124.635586	0.248644	-81.457875	-0.395169	-121.102081	0.139399
7590.000007	-127.541822	0.438415	-138.343143	-0.303766	-82.095012	-0.175071	-131.221441	-0.314935
7600.000007	-126.194631	0.290235	-123.351354	-0.150247	-86.703508	0.322758	-121.105680	0.152810
7610.000007	-125.950483	-0.263917	-121.935285	-0.169493	-89.750336	0.056604	-136.448830	-0.466281
7620.000007	-128.337049	0.158845	-121.728529	-0.442350	-96.276411	0.162050	-132.873148	0.112071
7630.000007	-134.941528	-0.042242	-129.846538	-0.310033	-91.750427	-0.342962	-121.268019	-0.009771
7640.000007	-118.699080	0.113304	-127.968826	-0.106289	-79.579359	-0.158182	-128.348325	0.274457
7650.000007	-124.131470	-0.411333	-135.521488	-0.206079	-90.488497	-0.044010	-134.741328	0.074462
7660.000007	-129.591503	0.180708	-125.834411	0.310183	-86.641047	-0.080219	-125.740007	0.076721
7670.000007	-122.434850	0.264174	-121.451141	0.040772	-85.124699	-0.402137	-128.307037	-0.320669
7680.000007	-120.636847	0.175666	-124.683938	-0.066239	-81.255503	0.013203	-125.323660	0.144596
7690.000007	-121.193115	0.218700	-126.532083	-0.327570	-99.952177	0.357333	-131.171381	-0.126690
7700.000007	-121.784606	-0.157492	-124.976198	0.491229	-92.638507	-0.366960	-130.457522	0.280127
7710.000007	-142.314775	0.060630	-126.391475	0.289039	-87.366926	-0.105143	-128.456807	0.454551
7720.000007	-132.617880	-0.160960	-130.253315	0.047187	-88.280818	0.341816	-120.765028	-0.485610
7730.000007	-123.545801	-0.372493	-125.663156	0.171587	-79.209911	0.337277	-123.778521	0.222395
7740.000007	-124.434738	-0.042848	-136.413447	0.090821	-90.742108	0.332734	-139.390472	0.291125
7750.000007	-135.228259	-0.176345	-127.472165	0.431558	-82.632349	0.366984	-126.520270	-0.412060
7760.000007	-124.577262	-0.442086	-141.102636	0.151124	-95.242085	0.259014	-121.044694	0.103496
7770.000007	-122.256571	-0.464925	-124.946308	0.023661	-86.285146	0.020436	-133.051026	-0.079146
7780.000007	-133.563643	-0.331276	-125.390466	-0.317457	-95.517636	0.141273	-121.999564	0.348923
7790.000007	-123.408104	0.281977	-124.874670	0.165319	-88.187026	0.405960	-127.625957	0.190855
7800.000007	-134.624766	-0.161546	-124.702916	-0.042202	-88.756403	-0.314358	-126.587221	0.016285
7810.000007	-125.280185	0.217715	-123.822010	0.412446	-92.497634	0.216828	-123.104605	-0.429934
7820.000007	-124.271039	-0.256910	-145.921860	0.175441	-103.211855	-0.065234	-120.727631	-0.292113
7830.000007	-123.021755	0.396560	-124.838306	-0.211959	-84.422493	-0.337805	-122.897658	-0.373219
7840.000007	-128.555977	0.303024	-118.087928	0.305648	-81.875034	-0.375543	-127.720799	0.480844
7850.000007	-125.981971	-0.086681	-121.343527	-0.104564	-84.792334	-0.264415	-126.516512	-0.096583
7860.000007	-143.932054	-0.184600	-129.803842	0.373710	-88.482312	0.155535	-129.432139	-0.493582
7870.000007	-121.652767	-0.072726	-136.250159	-0.309720	-80.300957	0.425584	-124.499750	0.099935
7880.000007	-132.252659	0.241162	-125.627865	0.367626	-85.649634	-0.161951	-139.372298	0.479661
7890.000007	-125.620641	0.268397	-124.246015	-0.131641	-82.379241	0.245386	-120.652926	0.154857
7900.000007	-124.215185	0.436666	-121.632302	0.208545	-80.572603	0.449939	-130.210342	0.214394
7910.000007	-129.655967	0.058535	-125.619661	0.013559	-85.498620	-0.124366	-122.488484	-0.069819
7920.000007	-123.600694	-0.214335	-125.149030	-0.403934	-96.045517	0.351949	-127.308962	0.018377
7930.000007	-134.948096	-0.073870	-127.958535	-0.472883	-104.180866	-0.161759	-125.723571	-0.002222
7940.000007	-122.073666	-0.225361	-142.772167	-0.451617	-85.271858	-0.070342	-132.547344	0.410263
7950.000007	-127.659437	-0.247079	-125.570061	0.285298	-85.646461	-0.481964	-128.733709	-0.210434
7960.000007	-126.669262	0.044603	-134.045273	0.454471	-85.595382	-0.480796	-122.155137	0.427001
7970.000007	-127.207302	0.447787	-130.743844	0.341571	-88.478651	-0.085120	-125.056049	0.204897
7980.000007	-124.075379	-0.060518	-126.910286	0.054775	-82.076571	0.357872	-103.913407	0.091236
7990.000007	-128.066156	-0.064821	-119.612043	0.077899	-93.203027	0.295370	-122.859729	0.217078
8000.000007	-129.289793	0.456152	-128.704220	0.322362	-90.894510	-0.235712	-124.059116	-0.218399
8010.000007	-130.975032	0.053220	-133.620243	0.049903	-92.061946	-0.066550	-118.979801	0.104159
8020.000007	-131.587908	0.155974	-132.746024	0.463415	-103.526664	0.276862	-124.107377	0.178010
8030.000007	-125.325874	-0.492736	-126.289862	0.313362	-84.928591	0.195253	-128.909594	0.171330
8040.000007	-132.749085	0.241154	-130.068020	0.326379	-86.002798	0.348728	-122.995003	0.154764
8050.000007	-128.604393	0.332723	-131.060534	0.334698	-83.513827	-0.117325	-130.260924	0.141189
8060.000007	-123.411841	-0.375538	-133.601612	-0.410692	-90.656962	0.485904	-123.353434	-0.431872
8070.000007	-127.051429	0.030075	-131.547208	-0.050148	-89.232759	0.325411	-124.823419	-0.331190
8080.000007	-125.780984	0.140226	-128.855046	-0.109510	-89.776085	-0.463693	-120.924280	0.457051
8090.000007	-124.024741	0.242257	-119.519346	-0.158637	-85.108561	0.060819	-125.535966	0.003146
8100.000007	-128.267598	-0.075297	-134.158866	-0.026952	-89.106573	0.179532	-125.978667	-0.166457
8110.000007	-127.007921	-0.238558	-130.220689	0.401647	-84.145462	-0.010897	-129.503109	-0.020646
8120.000007	-131.542172	0.264234	-124.164736	0.309935	-79.753168	-0.114339	-128.834718	0.422179
8130.000007	-128.577976	-0.111440	-121.205730	-0.357259	-85.286506	0.408032	-123.282366	-0.427740
8140.000007	-126.118075	0.269251	-133.504203	0.427827	-93.977330	0.461875	-128.966516	0.282099
8150.000007	-130.309078	-0.170091	-130.004160	0.452466	-80.329634	-0.246405	-119.933414	-0.157069
8160.000007	-132.275564	-0.436722	-127.726451	-0.121241	-81.241799	-0.055986	-120.864703	-0.460886
8170.000007	-124.044696	-0.465294	-131.256866	0.155701	-86.303509	-0.245254	-131.416961	-0.140605
8180.000007	-129.009243	0.330150	-129.149978	-0.162537	-89.320036	0.137927	-122.692451	0.216310
8190.000007	-124.792620	0.273277	-124.175840	0.003420	-91.350087	0.251090	-123.106884	-0.322906
8200.000007	-127.913442	-0.194387	-130.781027	-0.182461	-82.517236	-0.350206	-135.790121	0.400523
8210.000007	-121.391298	0.459045	-122.874015	-0.206977	-82.363732	-0.379602	-145.871483	0.475307
8220.000007	-130.347294	0.297880	-121.103643	-0.417862	-93.855163	-0.421942	-127.367835	0.489213
8230.000007	-129.868081	-0.066020	-135.954477	-0.390501	-86.430984	0.433623	-122.120132	0.166584
8240.000007	-123.595129	-0.459750	-119.771312	0.119165	-89.440466	0.360383	-123.432040	-0.310196
8250.000007	-129.301456	0.451839	-123.907238	0.097491	-87.399880	0.281279	-129.008585	-0.416877
8260.000007	-123.629706	-0.052910	-132.338376	0.326678	-87.505962	-0.467756	-121.193531	-0.279987
8270.000007	-126.037492	0.184557	-131.595946	-0.239807	-78.917050	-0.095939	-126.160660	0.189179
8280.000007	-124.084217	-0.440733	-126.756639	0.439034	-89.741479	0.176226	-117.052111	0.431358
8290.000007	-137.440415	0.097227	-130.513470	-0.465810	-87.521383	-0.115658	-124.294825	0.287823
8300.000007	-126.606953	0.384661	-122.120647	-0.230340	-84.693821	0.312638	-139.403803	0.172325
8310.000007	-130.115102	-0.339842	-125.044904	0.279018	-83.753781	-0.319964	-126.983687	0.322993
8320.000007	-128.673954	-0.004098	-120.434606	-0.429627	-84.253200	0.375628	-130.659044	0.413238
8330.000007	-127.139528	0.220753	-130.063526	0.490913	-89.073280	0.148727	-123.472401	0.274777
8340.000007	-126.685525	-0.411364	-121.177921	-0.486835	-87.152896	0.269499	-136.834395	0.213018
8350.000007	-119.012850	-0.498725	-135.136238	0.309023	-79.258378	0.399571	-124.545293	0.221102
8360.000007	-126.502333	-0.456605	-121.576979	0.199303	-99.305940	0.135545	-102.870974	0.360739
8370.000007	-124.521573	0.108305	-125.250167	0.014019	-88.779709	-0.478841	-139.243757	-0.317006
8380.000007	-125.475659	0.489804	-121.998571	-0.491362	-82.284324	-0.035091	-124.359935	-0.409225
8390.000007	-131.136055	0.004674	-125.763801	-0.045290	-91.600167	0.242469	-128.855451	-0.379125
8400.000007	-137.170196	-0.388879	-124.536564	0.049496	-86.419502	-0.242031	-125.783733	0.408942
8410.000007	-123.123902	0.441550	-131.817366	-0.370294	-84.188835	-0.461380	-151.288499	-0.301792
8420.000007	-120.788681	-0.213566	-124.837910	-0.159541	-88.439738	-0.142703	-122.793223	-0.063285
8430.000007	-120.824517	-0.201058	-127.161815	0.390856	-93.027934	-0.455772	-123.952855	0.098982
8440.000007	-120.069786	-0.358551	-131.571801	0.037717	-85.982698	-0.310362	-123.109461	0.314332
8450.000007	-121.102901	-0.016605	-126.604639	0.383547	-84.051874	0.355771	-121.093950	-0.063089
8460.000007	-133.412805	-0.122223	-131.414635	-0.063219	-107.536289	0.421305	-128.401055	-0.412701
8470.000008	-126.375686	0.380645	-128.851924	0.240375	-81.153488	-0.374468	-129.671020	0.204489
8480.000008	-131.758896	0.102940	-144.809759	-0.320019	-83.223161	-0.411700	-127.938506	-0.470365
8490.000008	-133.016455	0.134390	-121.733745	0.087793	-88.211921	0.356215	-125.946607	-0.313031
8500.000008	-126.907297	0.039320	-122.282782	-0.048006	-87.972560	0.157485	-119.995157	0.143661
8510.000008	-143.628583	0.320609	-141.770221	-0.096516	-86.253225	0.371785	-123.627223	0.443843
8520.000008	-124.435511	-0.281412	-132.120955	-0.211602	-89.178188	-0.125802	-127.949693	0.077504
8530.000008	-126.811096	-0.432666	-122.628555	0.307583	-85.089018	0.496266	-127.612292	-0.029536
8540.000008	-119.024455	-0.177144	-123.089326	-0.002128	-90.860660	0.086334	-125.582762	-0.109857
8550.000008	-132.112555	0.268494	-129.336243	0.111150	-100.049635	0.007560	-128.496392	-0.442885
8560.000008	-129.146081	0.331001	-123.684126	-0.380818	-83.335163	-0.329501	-117.904466	-0.072874
8570.000008	-132.047222	-0.289212	-122.634498	-0.390973	-90.358637	0.328960	-123.260738	-0.144602
8580.000008	-125.993030	-0.225622	-142.719875	0.399103	-104.439160	-0.261262	-126.733245	0.093116
8590.000008	-119.074395	0.454818	-125.209192	0.116845	-86.366532	0.314963	-123.191835	-0.460544
8600.000008	-119.575650	0.283117	-129.300127	0.073265	-88.101274	-0.407593	-124.424322	0.081166
8610.000008	-118.213278	-0.033931	-122.729427	-0.110076	-84.863457	-0.305489	-126.117319	-0.046721
8620.000008	-121.439893	-0.163337	-127.185724	0.009416	-90.870714	0.469642	-123.521546	-0.201142
8630.000008	-128.478302	-0.191838	-124.887142	-0.156047	-79.029845	-0.224378	-134.747330	0.265221
8640.000008	-134.588175	-0.176963	-129.649808	-0.051770	-87.755609	0.296323	-121.844917	-0.170090
8650.000008	-133.130102	0.301509	-137.547251	0.362454	-92.943524	0.287742	-131.327097	0.375384
8660.000008	-124.534450	-0.418492	-127.415799	0.300350	-85.201770	-0.472060	-129.817340	-0.233490
8670.000008	-129.979105	0.307494	-131.561770	0.410551	-90.340311	-0.276199	-128.977984	0.322167
8680.000008	-123.757838	-0.282499	-128.062104	-0.254731	-82.887611	-0.278364	-126.096772	0.208363
8690.000008	-120.277411	-0.261321	-123.019532	0.279690	-86.594948	-0.260686	-135.588293	0.234254
8700.000008	-123.371407	-0.127483	-132.771119	-0.383150	-87.549016	0.354029	-130.447170	-0.258123
8710.000008	-120.867327	0.258689	-126.517802	0.170878	-82.470451	-0.355022	-123.275639	0.285040
8720.000008	-120.169845	-0.288476	-128.590435	0.043928	-84.352472	0.291977	-126.640325	-0.345524
8730.000008	-126.311434	-0.362781	-133.399678	-0.102899	-91.214559	0.236439	-136.131904	0.414250
8740.000008	-130.052410	0.246694	-125.893613	0.402562	-84.629608	-0.132004	-109.998136	0.108093
8750.000008	-138.705602	-0.437230	-129.676741	0.030382	-83.141827	0.215540	-132.065188	-0.012602
8760.000008	-121.902860	-0.037058	-128.667609	-0.304354	-101.323406	-0.256143	-122.939420	0.004643
8770.000008	-121.872790	0.467507	-126.035339	-0.474688	-85.433218	-0.335967	-121.949563	-0.314593
8780.000008	-130.841041	0.099639	-142.066117	0.377846	-86.152079	0.360110	-121.780227	0.437024
8790.000008	-133.826562	0.455278	-134.857702	0.217891	-82.185273	-0.418438	-136.774035	0.493750
8800.000008	-126.134254	0.481514	-122.754432	-0.444235	-92.811818	-0.200493	-128.436733	0.199495
8810.000008	-120.548797	-0.492086	-124.922493	0.339116	-90.754178	-0.328229	-126.222418	-0.481756
8820.000008	-121.226451	0.462344	-119.092033	0.409358	-83.878140	-0.338541	-128.636118	0.094822
8830.000008	-138.670721	-0.002629	-119.588075	-0.459140	-87.165016	-0.246777	-132.375371	-0.392328
8840.000008	-122.171712	0.120698	-121.573717	0.221132	-82.608257	0.195732	-127.226505	0.168067
8850.000008	-122.594859	-0.451512	-125.041216	-0.334335	-107.160091	-0.453381	-123.875913	0.022833
8860.000008	-132.554741	0.392480	-128.797816	0.262069	-93.661434	0.117404	-129.215025	0.028263
8870.000008	-128.661522	0.175643	-133.234000	0.386158	-81.492217	-0.383490	-127.536816	-0.383403
8880.000008	-127.062243	0.243218	-123.779470	0.306344	-90.194956	-0.226831	-120.961516	0.361913
8890.000008	-116.623345	-0.208179	-121.052761	-0.057983	-80.554212	-0.303311	-125.747948	-0.160852
8900.000008	-129.542688	0.170918	-125.357759	-0.345895	-81.708859	-0.440041	-122.829054	0.214822
8910.000008	-120.778897	-0.435001	-126.795359	-0.388440	-89.100894	-0.026636	-124.609280	-0.471136
8920.000008	-123.350723	-0.026496	-136.316416	0.439408	-85.960278	-0.308872	-125.738582	-0.184711
8930.000008	-124.806010	0.072680	-121.986925	0.374647	-86.028564	0.234937	-125.735623	0.390696
8940.000008	-143.708344	0.404848	-135.974944	0.007122	-80.771535	-0.145532	-124.159907	0.208159
8950.000008	-124.403273	0.336213	-139.936121	0.259377	-91.879479	0.287501	-125.159172	-0.391813
8960.000008	-135.082418	0.112259	-133.729577	0.061102	-84.069524	0.237800	-129.485058	-0.394939
8970.000008	-123.555063	-0.456077	-124.567136	0.318303	-86.558509	0.452368	-128.892993	0.199570
8980.000008	-123.239693	-0.073676	-124.874889	0.328760	-85.428050	0.172314	-134.319266	-0.282303
8990.000008	-122.081232	0.110974	-123.350007	-0.069157	-82.825040	-0.032476	-120.573682	-0.007048
9000.000008	-120.562261	-0.084897	-129.007312	-0.405743	-94.971263	0.484448	-127.744316	-0.175406
9010.000008	-124.215483	0.028111	-126.674451	-0.441571	-91.540951	0.229040	-127.002650	-0.325931
9020.000008	-123.857419	-0.360799	-127.446770	0.226773	-87.448952	-0.342903	-131.908339	0.441628
9030.000008	-126.669572	-0.475219	-129.046095	-0.481162	-92.792476	-0.192623	-130.664643	0.178860
9040.000008	-128.885183	0.373503	-127.806840	0.180208	-89.977955	-0.056520	-127.447207	-0.288491
9050.000008	-137.595102	0.459666	-132.217912	0.236846	-92.671804	-0.119322	-127.635521	0.387181
9060.000008	-133.611384	-0.426264	-131.906107	0.209921	-87.865642	-0.425702	-118.337372	0.231515
9070.000008	-126.214558	0.472785	-130.766591	0.225313	-80.790021	-0.219845	-129.121424	-0.059186
9080.000008	-143.809623	0.453660	-127.485065	0.216875	-86.597313	-0.482849	-132.545164	-0.295120
9090.000008	-127.469560	-0.449806	-127.349672	0.030139	-85.390130	0.299568	-132.095781	-0.399388
9100.000008	-122.856495	0.428445	-122.400779	0.407350	-81.363311	0.162457	-125.611964	-0.450044
9110.000008	-125.938721	-0.342259	-125.887326	0.353720	-96.077179	0.269776	-126.910557	0.432950
9120.000008	-122.914782	0.325148	-124.356713	0.364302	-76.717484	-0.284193	-112.120139	0.389358
9130.000008	-141.859425	-0.440158	-127.731964	0.378760	-90.531194	0.148800	-133.923480	-0.478656
9140.000008	-124.484146	0.124872	-124.138027	0.130320	-83.386498	0.181187	-125.501343	0.161930
9150.000008	-122.787652	0.210747	-121.462811	0.292045	-99.102804	0.345142	-117.080447	0.273813
9160.000008	-127.928199	0.304284	-128.236892	-0.230390	-88.597529	0.330517	-130.783965	0.329989
9170.000008	-122.403631	0.184221	-123.956433	-0.341290	-92.383273	0.350881	-130.061209	-0.292222
9180.000008	-139.020474	0.104513	-120.894100	-0.293011	-85.811183	-0.184127	-119.793781	-0.467184
9190.000008	-124.424838	0.315725	-124.326567	0.426567	-88.202269	-0.181815	-127.847778	0.016082
9200.000008	-127.660719	0.415876	-125.705503	-0.183507	-100.582247	-0.409169	-120.918604	0.101652
9210.000008	-128.188315	-0.147197	-131.425744	0.322649	-91.952315	-0.107810	-126.792807	-0.041219
9220.000008	-125.135212	0.063990	-123.841124	0.487980	-87.832655	0.410872	-122.678514	0.057668
9230.000008	-127.163653	0.180716	-139.457801	0.040971	-83.673408	0.204503	-129.039896	-0.443836
9240.000008	-122.863025	-0.322184	-127.965390	-0.059395	-89.159922	0.002164	-120.058680	0.412868
9250.000008	-122.853739	0.197859	-127.612404	0.110229	-84.402716	0.363187	-122.592653	0.028558
9260.000008	-127.143305	-0.250274	-144.062480	0.193410	-82.514398	-0.397680	-131.805260	0.331983
9270.000008	-124.741136	0.267773	-124.659141	0.318678	-92.508684	-0.232565	-124.333085	0.067041
9280.000008	-133.096447	0.211413	-125.802992	0.275423	-91.310451	-0.406165	-127.298612	0.338451
9290.000008	-127.982833	0.301520	-124.914163	0.297344	-88.005566	-0.338659	-124.869796	-0.243960
9300.000008	-128.614688	-0.070346	-131.018082	-0.187616	-99.348963	0.060824	-128.165932	0.496804
9310.000008	-126.186162	-0.200339	-130.918093	-0.104066	-102.352028	0.006247	-119.807755	-0.212741
9320.000008	-124.319495	0.437041	-127.555932	-0.189435	-90.811795	0.323419	-125.680232	-0.243152
9330.000008	-122.159544	-0.490785	-125.574555	-0.470150	-95.040748	-0.139634	-118.562538	-0.450338
9340.000008	-126.918145	0.353292	-124.973451	0.416364	-83.718034	0.035605	-142.339530	0.416506
9350.000008	-133.765216	0.483742	-130.719516	0.391529	-84.657003	-0.049628	-126.809630	0.067459
9360.000008	-130.053535	0.228174	-128.109653	0.457124	-87.893883	0.308525	-129.647333	0.038392
9370.000008	-124.389263	0.433510	-126.730430	-0.492459	-93.323870	0.180367	-133.519790	0.305301
9380.000008	-127.645364	-0.236314	-130.661701	-0.066502	-84.148968	-0.204611	-125.262704	0.170586
9390.000008	-126.233537	-0.206647	-121.345665	-0.019455	-85.890914	-0.311111	-137.218155	-0.207727
9400.000008	-119.496946	0.161938	-128.548077	0.058024	-82.655755	0.287179	-126.238828	-0.107758
9410.000008	-123.594923	0.117903	-120.247965	-0.021762	-93.861705	0.306351	-132.744880	-0.371723
9420.000008	-125.704118	-0.378925	-125.885009	-0.313772	-88.839483	0.220506	-132.785058	0.010317
9430.000008	-122.483925	-0.010490	-116.517167	0.037512	-86.421665	-0.397936	-130.762916	0.172572
9440.000008	-157.740912	-0.108263	-129.310823	-0.422146	-89.690240	-0.189474	-122.231329	0.362941
9450.000008	-124.133857	-0.083213	-132.894275	-0.286085	-86.245578	0.457978	-121.667368	0.058302
9460.000008	-127.683347	-0.409673	-125.992050	-0.203245	-82.160238	-0.467164	-123.816919	-0.276612
9470.000008	-125.977428	0.430259	-125.070457	-0.315498	-128.058862	-0.287003	-125.560315	0.288918
9480.000008	-126.888698	-0.102260	-130.069394	-0.431183	-88.370538	0.446300	-124.845166	-0.005883
9490.000008	-117.693542	0.493359	-132.237472	-0.051469	-84.849459	-0.315512	-127.181180	0.345973
9500.000008	-122.144773	-0.054813	-125.482447	0.450372	-96.193558	0.361009	-107.769531	-0.349151
9510.000008	-127.067039	0.182389	-128.952306	0.483252	-80.382280	0.063693	-135.735752	0.189865
9520.000008	-128.621663	0.462061	-120.294337	-0.113277	-87.734168	0.355157	-124.935187	-0.471319
9530.000008	-121.301358	-0.043841	-136.475061	-0.147889	-94.203252	-0.448338	-121.257312	0.043894
9540.000008	-129.130361	0.326090	-129.229654	0.008476	-81.841831	-0.283318	-127.719261	0.203941
9550.000008	-134.110189	0.000845	-124.069562	0.381713	-89.166151	-0.058160	-140.496682	0.494703
9560.000008	-125.120542	0.115996	-126.692158	0.491292	-85.729071	-0.113346	-133.641432	0.376717
9570.000008	-127.931369	0.480154	-132.071787	0.252807	-91.195150	0.358605	-123.486972	-0.353025
9580.000008	-121.090029	0.021589	-128.591886	-0.235644	-90.643824	0.224598	-121.139891	-0.003327
9590.000008	-121.727114	-0.186736	-133.352224	0.430567	-87.248110	0.273696	-130.964413	-0.146290
9600.000009	-128.518194	-0.172123	-125.839921	-0.433564	-86.617865	0.360772	-132.320707	-0.310074
9610.000009	-134.579216	-0.147204	-123.253962	0.323840	-82.517361	-0.030437	-122.421187	0.389682
9620.000009	-128.288657	-0.173491	-123.370035	0.011052	-81.408088	-0.174376	-124.955062	0.367908
9630.000009	-120.665546	0.302221	-127.345778	0.268813	-89.938421	-0.054190	-122.981560	-0.267228
9640.000009	-118.528636	0.043251	-127.383535	0.256931	-91.471892	-0.013418	-120.378577	0.015167
9650.000009	-123.199129	-0.005699	-122.191542	-0.093186	-88.794685	-0.309239	-129.902580	0.144589
9660.000009	-126.110739	-0.309874	-127.649574	0.202681	-92.266233	0.238762	-134.082954	0.469462
9670.000009	-124.258243	-0.479473	-131.109204	0.045647	-90.860059	-0.292059	-132.314865	-0.408177
9680.000009	-124.057643	0.491261	-123.456055	0.088618	-93.961200	-0.042216	-127.360001	-0.101317
9690.000009	-133.531526	-0.169046	-121.338288	0.143220	-84.089230	-0.368712	-131.410911	0.130018
9700.000009	-122.552987	-0.263330	-117.732841	0.478306	-82.996428	0.483379	-123.366412	0.312413
9710.000009	-126.629715	0.040687	-124.756218	-0.252704	-89.842854	0.364851	-125.921249	0.335899
9720.000009	-130.739117	-0.429289	-133.629664	-0.177940	-85.333292	-0.378069	-124.438857	0.149620
9730.000009	-127.092796	0.102935	-129.590034	-0.363921	-82.419027	-0.175157	-132.971707	-0.016069
9740.000009	-122.557596	0.303716	-133.887961	-0.447134	-94.571322	0.423973	-121.505175	0.267606
9750.000009	-122.914979	-0.393828	-135.311330	-0.372773	-91.581097	-0.281740	-127.531441	-0.214845
9760.000009	-128.387020	-0.497457	-124.757005	-0.309278	-80.839688	-0.032811	-120.126216	0.057238
9770.000009	-130.843094	0.368530	-143.380121	-0.462158	-80.316356	0.138461	-128.901696	-0.188951
9780.000009	-130.335506	-0.287928	-131.862547	-0.103732	-81.162480	-0.258004	-125.188975	0.039270
9790.000009	-126.218036	0.369071	-129.867097	0.355443	-85.338788	-0.457693	-125.146962	-0.052503
9800.000009	-121.234493	0.227236	-126.819774	0.478109	-84.615866	0.348286	-133.177713	0.153003
9810.000009	-131.980325	-0.138155	-126.241092	-0.034390	-87.403423	0.320369	-118.750587	-0.353927
9820.000009	-124.853993	-0.053101	-130.027993	-0.483338	-104.683492	0.407898	-124.515633	-0.294820
9830.000009	-125.537184	0.444215	-132.678107	-0.067324	-84.274370	-0.452768	-125.030392	0.317985
9840.000009	-135.503870	-0.192138	-136.558621	0.298326	-98.157970	-0.137143	-127.338806	-0.159747
9850.000009	-131.452760	0.286226	-124.232417	-0.070931	-87.030458	0.252123	-133.210991	-0.428093
9860.000009	-125.574506	0.491004	-127.000202	0.216973	-89.294167	-0.104594	-134.598559	0.305309
9870.000009	-130.037235	0.235401	-122.786380	0.103112	-87.741761	0.331425	-124.322024	0.472050
9880.000009	-121.915326	-0.442395	-124.706105	-0.462151	-102.788329	-0.115381	-111.134701	-0.059973
9890.000009	-127.135112	-0.251349	-123.529960	-0.149769	-90.068609	-0.327312	-128.061963	0.289425
9900.000009	-123.883434	-0.485432	-124.073451	0.210799	-102.902980	0.202991	-128.497964	0.331349
9910.000009	-129.035035	0.229104	-121.139299	0.379101	-81.765961	0.315208	-122.313214	0.448627
9920.000009	-146.111118	0.051878	-137.066033	-0.490454	-83.423629	-0.309016	-128.848236	-0.428119
9930.000009	-119.084017	0.036251	-131.703644	-0.476093	-100.295663	-0.372679	-126.998295	0.486190
9940.000009	-129.601388	0.485331	-122.539988	0.452208	-95.702971	-0.020753	-125.115398	0.239288
9950.000009	-129.508909	0.484164	-121.865604	0.057731	-89.326711	0.471963	-130.864703	0.243014
9960.000009	-124.768272	0.133675	-118.359081	0.147626	-86.496230	-0.216057	-126.747347	0.309521
9970.000009	-120.107369	-0.267521	-140.535965	-0.138732	-89.509668	0.332767	-124.322790	-0.391175
9980.000009	-126.175761	-0.200888	-127.992098	-0.020990	-87.306791	0.173470	-137.901300	0.129384
9990.000009	-123.138424	-0.242008	-130.977815	-0.365042	-96.409906	-0.401889	-127.579372	-0.279800
10000.000009	-123.405357	-0.319505	-122.322312	0.469096	-89.402919	-0.491625	-133.226419	-0.476823
