% f81.txt
% Date Sat, Jun 26, 2021 5:22 PM
% Sine seq
% Response spectrum
% Stim level (V pk) 0.500, 0 dB filter gain, 120.0 dB attenuation
% Stim RMS (V) 0.000
% Freq [Hz]	Ch0 Mag [dB]	Ch0 Phase [cyc]	Ch1 Mag [dB]	Ch1 Phase [cyc]	Ch2 Mag [dB]	Ch2 Phase [cyc]	Ch3 Mag [dB]	Ch3 Phase [cyc]
%%end
10.000000	-118.614122	0.307707	-112.186049	0.011795	-75.985983	-0.337676	-115.056329	0.264927
20.000000	-127.620920	-0.182757	-121.087835	0.477805	-92.905239	-0.052626	-114.867890	-0.267232
30.000000	-115.368402	0.437009	-122.718889	0.397889	-64.513349	0.371064	-118.794249	0.376089
40.000000	-123.316841	0.128737	-119.519326	0.325275	-65.699204	-0.403136	-120.847098	-0.109242
50.000000	-119.689981	0.271619	-119.059233	-0.248767	-70.913098	0.081215	-119.077011	0.256825
60.000000	-97.475101	0.420818	-89.816828	-0.303760	-70.983341	-0.261450	-101.783749	0.183186
70.000000	-118.697515	0.242141	-122.853197	0.034715	-62.332708	0.389721	-124.171660	0.083272
80.000000	-128.348877	0.401821	-122.127661	-0.432035	-60.268822	-0.073278	-115.842719	-0.108777
90.000000	-123.454488	-0.251927	-122.867407	-0.236208	-60.940230	-0.251405	-116.983571	0.350456
100.000000	-122.323397	0.080617	-124.382677	0.274593	-60.705841	-0.196015	-124.871236	0.200696
110.000000	-128.604800	-0.061792	-134.317591	0.318420	-68.167243	-0.280884	-120.344979	0.401220
120.000000	-115.175966	0.191578	-118.635662	-0.042085	-62.823094	-0.457107	-122.213851	0.389551
130.000000	-128.451743	-0.410675	-120.560612	-0.118738	-61.488052	-0.368305	-122.634316	0.162338
140.000000	-119.173932	0.155507	-122.018071	0.428843	-64.338210	-0.029178	-124.266887	-0.338151
150.000000	-131.247392	-0.221384	-125.387153	0.266079	-57.626889	-0.163665	-123.123339	0.248546
160.000000	-125.521505	0.443123	-126.257378	-0.382605	-60.995293	0.194733	-116.661497	-0.318775
170.000000	-120.552856	0.420647	-125.754521	-0.318295	-57.922891	0.012633	-139.432974	-0.196540
180.000000	-105.416652	-0.371616	-95.363666	-0.401460	-60.243068	-0.342340	-96.147769	-0.025031
190.000000	-134.772919	0.414815	-123.489408	-0.445681	-78.485320	-0.387408	-118.383987	-0.315097
200.000000	-123.595851	-0.325407	-123.999847	-0.127765	-65.923006	0.009331	-123.589818	-0.267189
210.000000	-136.663822	-0.129408	-124.812522	0.331600	-60.081515	0.270723	-136.282094	0.388644
220.000000	-126.215810	0.447556	-124.376323	-0.433081	-60.152602	0.192773	-134.907405	0.461642
230.000000	-134.199671	-0.298705	-121.668963	-0.060274	-63.146091	0.149267	-124.001043	-0.116375
240.000000	-126.426239	-0.338219	-118.072178	-0.143862	-76.046749	-0.128161	-120.188722	0.321320
250.000000	-123.523302	-0.298008	-124.279956	-0.148311	-61.372408	0.394058	-121.132543	0.421055
260.000000	-129.918344	0.208745	-118.609484	-0.172790	-66.543476	0.237960	-136.893099	-0.218239
270.000000	-130.337998	0.495933	-122.755257	0.364009	-66.950240	0.168357	-127.311306	0.449405
280.000000	-126.605878	0.120815	-120.361198	-0.031459	-59.316301	-0.263040	-128.479600	-0.149534
290.000000	-122.918902	0.032081	-124.661422	-0.446513	-74.117705	0.256167	-128.203773	-0.345402
300.000000	-111.106201	0.000306	-113.172564	0.471074	-65.466224	0.074267	-114.360399	-0.208633
310.000000	-133.463696	0.158888	-127.130731	-0.196332	-64.251550	-0.291993	-121.712636	-0.112606
320.000000	-121.656714	-0.375258	-119.755455	-0.315750	-69.797625	0.153194	-132.420930	0.052855
330.000000	-121.403958	-0.182036	-124.767429	-0.341525	-69.558438	0.496161	-120.197400	-0.020122
340.000000	-122.410487	-0.038774	-127.478341	0.022033	-68.387310	0.345246	-123.170171	-0.055994
350.000000	-130.515694	0.207816	-129.588572	0.445963	-66.816057	0.412324	-123.960778	-0.030357
360.000000	-120.774506	0.393258	-119.774925	0.252924	-64.641025	0.453452	-129.908221	-0.012888
370.000000	-118.398039	-0.162024	-124.094675	-0.262710	-65.738550	-0.145201	-122.985424	-0.157550
380.000000	-129.356258	-0.363252	-127.061666	-0.348141	-72.764620	0.179755	-117.505938	-0.452875
390.000000	-120.638658	-0.127205	-122.379749	-0.002304	-66.062859	0.486977	-124.661119	-0.471011
400.000000	-131.434426	0.112255	-146.394780	0.056616	-64.490695	-0.405388	-125.443281	-0.170161
410.000000	-127.386471	0.116337	-120.321288	0.004738	-59.882589	-0.363847	-120.450784	-0.107439
420.000000	-124.978413	-0.028596	-119.889559	-0.042675	-70.385136	-0.176209	-129.867112	-0.070753
430.000000	-122.772534	0.111345	-124.393275	-0.283557	-62.375176	-0.221368	-122.491098	-0.143171
440.000000	-124.433617	0.428889	-120.161100	-0.347306	-65.200375	-0.410845	-131.875745	0.442271
450.000000	-120.000088	-0.116323	-128.013799	-0.090748	-71.009378	-0.436769	-123.172125	-0.368924
460.000000	-125.191575	0.275909	-126.004751	-0.438072	-61.269687	-0.227495	-128.976804	0.255546
470.000000	-126.061316	0.410182	-119.010637	0.468730	-60.799504	0.196942	-121.345995	0.203744
480.000000	-129.325805	-0.304280	-123.647451	-0.009773	-77.663969	-0.252699	-127.148642	0.496955
490.000000	-119.249379	-0.480838	-125.015970	-0.241702	-60.617725	0.291763	-124.993056	0.382755
500.000000	-131.590917	0.134933	-120.986864	-0.213885	-88.347480	0.262203	-120.316609	-0.145747
510.000000	-132.502116	0.249602	-124.404416	0.431570	-65.938224	-0.202681	-124.417564	-0.068483
520.000000	-131.724742	0.106788	-129.052755	-0.014638	-74.898309	0.138815	-123.521676	-0.286213
530.000000	-119.431736	-0.131568	-127.994230	-0.247609	-66.094317	-0.487599	-123.360855	0.320243
540.000000	-121.874516	-0.136188	-117.621629	0.248282	-68.898931	0.267804	-123.740826	0.477141
550.000000	-122.135665	-0.435540	-122.241992	-0.234375	-69.884486	0.193566	-124.771775	-0.404711
560.000000	-127.942073	0.029906	-129.496319	0.128336	-65.946642	0.251869	-129.035045	0.053902
570.000001	-124.130375	0.100234	-129.837828	0.126756	-65.156735	0.203270	-125.844003	0.175620
580.000001	-122.122929	0.019724	-137.074079	-0.460699	-67.003326	0.223142	-133.249119	0.177747
590.000001	-127.757583	-0.125752	-121.334457	0.468366	-73.555831	0.043474	-127.370361	0.185610
600.000001	-138.505954	0.285902	-127.824977	-0.365911	-67.723213	-0.298855	-129.392952	-0.050432
610.000001	-117.580274	0.005617	-128.157270	-0.128309	-79.586749	0.117507	-123.550225	-0.362501
620.000001	-118.856533	-0.295096	-131.312028	-0.473180	-76.326001	-0.258559	-119.763584	0.224751
630.000001	-119.601084	0.177065	-119.596890	0.295863	-67.609934	-0.005188	-119.324552	0.288855
640.000001	-130.847971	0.219122	-136.690629	-0.447088	-81.285914	0.011325	-127.015884	-0.272850
650.000001	-131.272971	0.114825	-128.516439	0.015998	-61.942438	-0.292892	-121.055022	0.178589
660.000001	-130.901542	-0.272039	-120.898839	-0.039439	-69.922278	0.254152	-127.967207	0.303497
670.000001	-127.012175	-0.404667	-128.056953	-0.041938	-65.237695	-0.029267	-133.024391	0.089588
680.000001	-136.695654	-0.389074	-126.491030	0.251970	-60.603791	0.316085	-120.057685	0.327870
690.000001	-123.068059	0.197956	-123.756247	-0.265418	-68.745854	-0.154117	-133.853052	-0.222631
700.000001	-125.961766	-0.414584	-128.286366	0.219426	-79.908345	0.134614	-133.680799	-0.292807
710.000001	-125.224512	-0.177500	-120.240042	-0.139067	-71.911745	-0.176803	-122.556890	-0.158879
720.000001	-133.338870	0.192879	-126.774452	-0.298033	-63.586567	-0.435663	-123.887315	0.372028
730.000001	-130.232474	-0.126684	-123.288369	0.066946	-65.688104	-0.015306	-126.298897	0.012812
740.000001	-125.469576	0.240057	-122.510354	-0.309544	-68.453254	-0.387007	-131.219265	-0.230326
750.000001	-123.565188	0.172492	-121.410682	0.090475	-69.223936	-0.181063	-128.410367	-0.423390
760.000001	-140.356312	-0.119700	-130.409777	-0.197283	-67.522213	-0.246737	-137.656053	0.377384
770.000001	-120.691464	-0.216324	-120.357035	0.161737	-76.572458	0.386694	-133.338900	0.490027
780.000001	-120.628682	-0.173804	-121.064619	0.101714	-71.304695	0.397058	-135.172542	-0.408537
790.000001	-121.375580	0.324185	-133.202155	0.036763	-71.645403	-0.124890	-123.313504	0.143351
800.000001	-121.881904	-0.333458	-118.894310	-0.438218	-76.374994	-0.421573	-118.503064	-0.429118
810.000001	-130.738465	0.220819	-130.596219	0.484048	-67.693139	0.398682	-128.940102	0.215533
820.000001	-131.796841	-0.482244	-121.329712	-0.176638	-66.446061	-0.404220	-134.165525	0.110365
830.000001	-132.636212	-0.461145	-122.236443	0.344994	-70.807927	-0.220498	-132.995129	0.108345
840.000001	-121.551965	0.290311	-135.941363	-0.459709	-73.292499	-0.321438	-121.026714	0.252708
850.000001	-140.595437	0.494343	-131.673058	-0.151661	-71.436151	0.058787	-130.231986	0.188058
860.000001	-130.473394	-0.144778	-127.853620	-0.208094	-77.823925	0.163031	-131.453568	-0.263629
870.000001	-125.220367	0.129798	-119.390057	-0.401419	-66.194702	-0.048320	-121.323227	0.088884
880.000001	-123.415989	0.249986	-122.079003	0.403882	-74.976021	0.245878	-130.670457	0.222230
890.000001	-131.007318	-0.050536	-128.054883	-0.201422	-68.033689	0.209292	-127.463585	-0.399344
900.000001	-128.620722	0.080528	-123.143363	-0.159971	-71.841035	-0.436539	-124.239146	-0.380559
910.000001	-127.929942	-0.183174	-132.083696	0.338700	-65.556657	0.376778	-130.990100	-0.436948
920.000001	-129.199971	0.413363	-125.301021	-0.413741	-67.058766	0.425465	-140.547805	-0.361129
930.000001	-118.212985	-0.208375	-121.181436	-0.285691	-71.682282	0.196983	-120.256948	0.166113
940.000001	-122.911565	0.263900	-120.114377	-0.184242	-73.734061	-0.405188	-127.003829	-0.262358
950.000001	-133.274819	-0.484807	-126.470248	0.194646	-66.616419	-0.257821	-137.151876	-0.337595
960.000001	-126.520452	0.165468	-130.790520	-0.467062	-72.321263	-0.136893	-109.591164	0.268860
970.000001	-133.917405	0.351449	-128.456734	0.129259	-74.708612	-0.338359	-133.038031	-0.060994
980.000001	-117.444016	0.380799	-132.326072	-0.430460	-65.710045	0.022304	-123.765440	-0.301616
990.000001	-119.781902	-0.460394	-132.183905	0.053274	-64.027551	-0.193671	-131.474208	0.213501
1000.000001	-123.956413	0.254065	-121.547373	0.190542	-64.920633	0.055443	-123.179222	0.341333
1010.000001	-137.427026	0.425872	-117.660528	0.394660	-68.048065	0.311053	-130.975231	0.260430
1020.000001	-118.244729	0.041913	-134.936103	0.466171	-68.494076	0.262640	-124.177490	0.254424
1030.000001	-136.216445	-0.438982	-123.947941	0.476777	-77.367569	0.102278	-132.327620	-0.373063
1040.000001	-129.026469	0.426619	-128.590665	-0.429309	-74.753894	-0.456246	-127.171142	-0.417207
1050.000001	-121.339556	0.433401	-132.169407	0.343793	-71.167347	0.251940	-140.039349	-0.193443
1060.000001	-134.554203	0.443992	-122.638556	0.436002	-70.340423	0.256571	-125.921164	-0.168395
1070.000001	-130.254552	0.026568	-129.765441	0.191515	-73.353541	0.275305	-134.578725	-0.080097
1080.000001	-124.858113	-0.193124	-129.785268	0.259851	-75.041791	0.289778	-129.849087	0.326225
1090.000001	-123.533978	-0.490271	-128.589930	-0.197961	-78.366034	0.131925	-121.027630	-0.019094
1100.000001	-125.114396	-0.376782	-130.957160	-0.244597	-72.729689	-0.327583	-132.172045	-0.141545
1110.000001	-127.960731	-0.494768	-117.878322	0.283131	-75.359900	-0.348904	-118.077499	0.012742
1120.000001	-131.638437	-0.089496	-129.161954	0.137322	-75.133161	0.317716	-115.804433	0.478344
1130.000001	-126.303703	0.141828	-128.555534	0.167766	-83.219158	0.184306	-123.351722	0.139681
1140.000001	-120.472070	-0.204548	-123.674529	-0.485778	-72.905676	0.470902	-118.280119	0.456179
1150.000001	-139.018980	0.155067	-123.627061	-0.086509	-66.194570	0.225672	-122.880776	0.302072
1160.000001	-130.454273	-0.186656	-131.768852	-0.481092	-84.811728	0.113417	-149.831188	-0.064470
1170.000001	-125.220717	0.393926	-123.341724	0.300611	-77.854128	-0.350458	-128.145725	0.341697
1180.000001	-137.014092	0.364614	-125.202288	0.392264	-66.558470	-0.191888	-123.318114	0.280974
1190.000001	-130.732715	0.066105	-122.423534	0.055602	-68.141139	-0.204122	-119.318580	0.013373
1200.000001	-140.351643	-0.349231	-122.906918	0.351289	-75.229152	-0.275929	-120.745113	-0.449277
1210.000001	-125.908975	0.327324	-125.184634	-0.230455	-70.245366	-0.052328	-128.448633	0.317482
1220.000001	-128.775274	-0.198414	-122.363404	-0.362376	-73.167099	-0.385408	-127.198256	-0.447159
1230.000001	-135.749020	0.015111	-119.001269	-0.201628	-70.810130	-0.382472	-131.446156	-0.133236
1240.000001	-125.288434	0.398896	-119.599413	-0.068021	-69.743146	-0.492366	-131.228656	-0.102665
1250.000001	-125.345137	0.149813	-128.282111	0.398376	-75.021383	0.356613	-126.328839	0.401630
1260.000001	-124.808512	0.120779	-121.357464	-0.115857	-80.119248	-0.180683	-134.121241	-0.461770
1270.000001	-129.412752	-0.311433	-118.190212	0.351031	-74.853851	0.328856	-122.215330	-0.117034
1280.000001	-126.966258	-0.359327	-122.973775	-0.127875	-79.768522	0.148335	-123.599484	-0.026221
1290.000001	-128.335587	0.458320	-152.252652	-0.075369	-68.543060	0.011268	-124.308236	0.387942
1300.000001	-141.820997	-0.126384	-130.803925	-0.202931	-81.405893	0.274263	-139.131849	-0.129889
1310.000001	-121.665912	-0.044534	-116.175340	0.146221	-74.867153	-0.374398	-124.641012	-0.485231
1320.000001	-128.863138	0.305938	-121.474498	-0.281860	-76.624820	0.101934	-128.770111	-0.335700
1330.000001	-125.262122	-0.291239	-110.724156	0.226847	-69.619903	-0.283100	-124.999606	0.022886
1340.000001	-130.258682	0.140149	-121.339199	0.421381	-74.000703	-0.168460	-135.239997	0.446731
1350.000001	-127.830109	0.309560	-120.844410	-0.057318	-70.305821	-0.225474	-124.847189	0.191643
1360.000001	-130.372422	-0.303411	-111.843273	0.355877	-75.197600	0.040982	-124.025657	0.258768
1370.000001	-120.588661	-0.110143	-125.840074	-0.188536	-68.268236	-0.154019	-131.399943	0.272332
1380.000001	-122.202953	-0.450963	-116.282658	0.002960	-83.975582	0.216264	-123.754401	-0.455811
1390.000001	-125.625633	0.421496	-116.549927	-0.223223	-92.448962	0.194068	-134.809083	0.029524
1400.000001	-129.258616	-0.126776	-129.403393	-0.128434	-69.709661	0.091782	-126.128005	-0.215260
1410.000001	-139.281169	-0.477837	-123.976418	-0.095468	-69.790041	-0.205061	-129.162676	0.256707
1420.000001	-125.246031	-0.356977	-124.981132	0.222069	-82.474991	-0.468899	-138.990259	0.117936
1430.000001	-125.894753	-0.427869	-118.898953	-0.443771	-70.877300	-0.285054	-132.646053	-0.466513
1440.000001	-117.498021	-0.112557	-122.248871	0.312534	-74.902680	0.259420	-122.142135	0.277878
1450.000001	-120.437770	0.261432	-112.456757	-0.411504	-76.941160	0.043617	-123.692930	0.227188
1460.000001	-125.388931	0.311931	-120.726505	-0.099229	-70.619045	-0.155499	-131.540085	-0.382745
1470.000001	-128.122106	0.190703	-123.221893	-0.436410	-71.561614	0.355322	-124.642106	0.315814
1480.000001	-122.814778	-0.130850	-115.184771	-0.201201	-76.699408	-0.192434	-123.847894	-0.346670
1490.000001	-123.416693	-0.285858	-133.524095	0.318991	-73.436346	-0.206865	-125.731837	0.368152
1500.000001	-128.602359	-0.000355	-112.358668	0.331930	-71.254663	-0.009991	-120.516007	-0.294295
1510.000001	-121.209470	0.300077	-118.215828	0.201383	-74.294958	0.138560	-128.130369	-0.369680
1520.000001	-129.091030	-0.154886	-122.071073	-0.415109	-4.151972	0.477299	-24.260995	-0.188294
1530.000001	-121.969646	0.444699	-135.242957	0.443502	-69.391828	-0.352142	-132.620317	0.271412
1540.000001	-122.038923	-0.045153	-122.091717	-0.055206	-74.159659	-0.069415	-127.376332	0.220198
1550.000001	-127.036056	0.292270	-127.177502	-0.177803	-74.064190	0.073210	-126.746315	0.206932
1560.000001	-128.142239	-0.117064	-127.538103	0.287945	-73.471808	0.302117	-128.346697	-0.204607
1570.000001	-128.833290	-0.145089	-119.765308	0.401404	-76.812067	-0.186308	-145.251248	0.236428
1580.000001	-123.347144	0.235371	-130.708882	0.077240	-78.456538	0.089200	-124.933185	-0.456668
1590.000001	-140.647420	-0.217513	-124.504965	0.025529	-68.611466	0.394188	-124.966649	0.221662
1600.000001	-121.841191	0.053074	-127.761516	0.146460	-71.677046	0.126063	-126.478953	0.155679
1610.000001	-125.228135	-0.238889	-126.116535	0.400119	-74.306727	-0.158154	-128.668237	0.402252
1620.000001	-126.258631	0.059140	-120.271148	0.063969	-68.152430	-0.095029	-130.347558	-0.354904
1630.000001	-137.679816	-0.275825	-122.806818	-0.047751	-85.118652	-0.128538	-124.750205	-0.299100
1640.000001	-131.413197	0.467381	-123.703426	0.451366	-85.798966	0.393159	-127.984683	0.302790
1650.000001	-124.211308	-0.476972	-135.800279	0.420689	-72.626163	-0.488631	-125.169760	-0.213704
1660.000001	-136.786787	-0.260071	-124.253585	0.341905	-77.330827	0.471744	-135.468530	0.424582
1670.000001	-121.686511	0.303993	-124.110550	0.398731	-77.248232	0.399238	-120.901651	-0.279966
1680.000001	-122.002200	0.305137	-132.053967	-0.390680	-74.505528	-0.153923	-133.708156	-0.342099
1690.000001	-121.989003	-0.309990	-121.614305	-0.005281	-72.732204	0.339449	-131.981692	0.179830
1700.000002	-132.324920	0.164943	-125.941596	-0.203896	-74.482324	0.438709	-131.424805	-0.427015
1710.000002	-127.472740	0.340384	-121.752572	-0.443746	-75.279866	-0.482591	-126.179881	0.334179
1720.000002	-130.839435	0.301797	-124.465157	0.226186	-75.344460	0.293607	-129.580277	0.418427
1730.000002	-125.564461	-0.009957	-124.826597	-0.125564	-73.809794	-0.224100	-130.320838	0.411473
1740.000002	-125.182881	-0.118041	-135.385094	-0.260568	-78.754342	0.313042	-132.835006	0.280387
1750.000002	-130.317923	-0.151028	-140.221280	-0.040220	-81.901112	-0.388133	-124.158777	-0.168245
1760.000002	-125.388038	-0.455888	-123.177405	-0.098690	-71.727403	0.287906	-128.463982	0.321907
1770.000002	-121.625651	0.455706	-126.086565	0.025894	-80.401215	-0.129211	-121.142144	-0.465226
1780.000002	-125.478866	0.052691	-139.522966	-0.257889	-73.299797	0.311380	-122.667806	-0.100704
1790.000002	-121.059594	-0.456527	-125.319359	0.226844	-70.688425	-0.021449	-129.669556	0.363209
1800.000002	-137.933869	-0.193001	-125.886227	-0.229036	-76.993320	-0.476382	-124.363193	-0.397017
1810.000002	-129.560786	0.013831	-116.973864	-0.054802	-72.306004	0.423373	-121.443608	-0.217424
1820.000002	-132.217990	-0.188417	-133.399839	0.258671	-76.642341	0.138594	-120.849691	0.471830
1830.000002	-125.288314	0.017699	-137.682481	0.436277	-88.083125	-0.119628	-123.045622	0.151902
1840.000002	-130.194663	-0.158969	-128.727154	-0.403549	-75.347524	0.058510	-130.868150	0.474413
1850.000002	-132.381028	-0.196841	-139.688163	-0.334079	-90.120201	0.095815	-135.810945	-0.415718
1860.000002	-131.839042	-0.133460	-128.411514	-0.168967	-87.400177	-0.271812	-129.577878	0.147438
1870.000002	-127.835746	-0.200722	-128.445392	0.277158	-74.093239	0.026990	-121.118331	0.386323
1880.000002	-127.279135	0.179073	-152.527305	0.106188	-82.064619	-0.185532	-123.181366	0.224237
1890.000002	-124.752244	-0.036132	-134.881098	0.299655	-73.987722	0.300841	-117.165455	0.183785
1900.000002	-124.944124	-0.454949	-130.715028	0.358115	-93.019879	0.250285	-118.449508	-0.453324
1910.000002	-126.422110	0.007513	-126.433118	0.149774	-82.016308	0.450636	-130.431455	0.111903
1920.000002	-128.373948	0.111833	-129.272909	-0.024908	-75.062728	0.418940	-121.519231	-0.395271
1930.000002	-122.527842	-0.287931	-123.532413	-0.293256	-89.770109	-0.470730	-126.065317	-0.050464
1940.000002	-119.718758	0.225582	-127.522531	0.240948	-76.063970	0.341568	-129.370253	0.261709
1950.000002	-124.161253	0.459934	-129.763259	-0.414952	-78.565897	0.393180	-129.393327	-0.046137
1960.000002	-122.014856	-0.381453	-130.993761	-0.025423	-79.598856	0.493462	-135.177024	0.038717
1970.000002	-128.536382	0.011114	-124.473984	-0.495934	-90.001922	-0.089271	-121.128027	-0.357509
1980.000002	-128.377761	0.396284	-127.701952	-0.229589	-72.228575	-0.129353	-125.239224	-0.226728
1990.000002	-153.359866	-0.415737	-140.872068	-0.202166	-88.946864	0.262382	-131.402381	0.269648
2000.000002	-125.592274	0.236122	-130.151987	0.349659	-77.816009	0.446648	-125.396778	0.067515
2010.000002	-126.766471	-0.489321	-127.530228	0.137596	-87.855752	0.321742	-131.958771	-0.273065
2020.000002	-126.924032	0.042052	-131.228967	0.219526	-72.536581	0.270330	-130.142854	0.412058
2030.000002	-126.556232	0.042174	-134.155979	-0.143123	-80.004168	-0.343135	-122.335247	0.393055
2040.000002	-135.688306	0.121767	-130.931999	0.198607	-77.887752	0.000639	-130.581702	0.024781
2050.000002	-120.413315	0.408924	-123.463799	0.336000	-73.780733	0.218597	-124.244674	-0.139173
2060.000002	-120.165593	0.453809	-128.362263	0.442051	-77.381756	0.160988	-132.294447	-0.163839
2070.000002	-133.535040	0.122319	-125.271219	-0.392942	-87.588478	0.302503	-123.563906	-0.345015
2080.000002	-130.901452	0.200485	-124.853634	0.092370	-83.097245	-0.021301	-120.470864	-0.141203
2090.000002	-122.723511	-0.287000	-130.564423	0.020820	-70.682691	0.106723	-127.351162	0.011927
2100.000002	-123.732974	-0.197973	-130.090529	0.241394	-78.540869	-0.173006	-120.552004	-0.142709
2110.000002	-136.743005	0.291663	-131.018842	0.416315	-74.780098	-0.315286	-134.294846	0.203630
2120.000002	-123.128403	0.278900	-125.311889	0.436047	-81.540332	0.176487	-126.121015	0.481236
2130.000002	-136.209759	0.453161	-127.579659	-0.333040	-73.268214	-0.077936	-125.056129	0.477711
2140.000002	-122.983955	0.487068	-121.212509	-0.452698	-82.154952	-0.051643	-133.060928	-0.415291
2150.000002	-126.218078	-0.468726	-123.322008	6.051369E-5	-80.019795	-0.117880	-121.424279	-0.406156
2160.000002	-130.295630	0.178406	-126.493403	-0.249110	-72.664301	0.174827	-129.670440	0.493751
2170.000002	-152.063725	0.099818	-128.804462	0.451699	-75.002804	-0.313522	-123.512682	-0.498519
2180.000002	-123.535023	0.316266	-130.710264	0.201752	-78.432609	0.098844	-125.639458	0.458822
2190.000002	-172.396002	-0.443669	-125.831194	-0.453706	-77.887541	0.447447	-127.748297	-0.233995
2200.000002	-128.212291	0.045492	-126.257334	-0.361384	-76.911034	-0.257482	-130.554143	0.484594
2210.000002	-121.788923	-0.376454	-127.273105	-0.350070	-74.703704	0.291932	-120.483817	-0.481006
2220.000002	-132.131038	0.256391	-127.605162	-0.230243	-85.233171	-0.196929	-122.120704	0.089426
2230.000002	-131.308540	-0.036651	-139.614142	0.039336	-73.277122	-0.003408	-131.119386	0.087809
2240.000002	-123.703594	0.039236	-137.926336	0.091058	-77.987267	0.157276	-126.385328	-0.108781
2250.000002	-127.776572	-0.147273	-122.874514	0.324061	-76.775909	0.198762	-122.366090	-0.410490
2260.000002	-131.098364	0.068634	-124.635117	-0.326002	-83.355892	0.351295	-129.699480	-0.493331
2270.000002	-124.955151	-0.024553	-147.701425	-0.450998	-77.116066	-0.250517	-127.355574	0.364647
2280.000002	-123.093818	0.122546	-123.785373	0.015085	-80.251739	-0.034083	-123.401536	0.081118
2290.000002	-124.615821	0.289141	-125.635605	-0.173933	-84.070486	-0.252937	-130.535455	-0.292396
2300.000002	-120.961938	-0.465753	-125.552695	-0.092576	-80.620760	0.277146	-124.663089	0.214277
2310.000002	-133.909823	0.145866	-117.125035	-0.020548	-82.663130	-0.396151	-128.231140	0.195558
2320.000002	-126.314551	-0.425805	-141.265113	-0.192541	-79.862817	0.114404	-123.080567	-0.231881
2330.000002	-125.728604	0.292399	-128.150332	0.264566	-74.643054	0.030784	-125.066810	-0.264667
2340.000002	-140.748891	0.198399	-125.112625	0.475965	-69.000561	-0.230386	-132.422359	-0.057604
2350.000002	-149.679093	0.292687	-122.031291	-0.018427	-69.646344	-0.229378	-122.323035	-0.276183
2360.000002	-124.237694	-0.101360	-122.511960	0.498522	-81.582918	0.202165	-126.673804	-0.412313
2370.000002	-132.218566	0.272685	-129.528422	-0.372962	-83.255052	0.201451	-132.381937	0.117354
2380.000002	-128.776032	-0.171357	-129.178230	-0.317672	-79.940395	-0.424542	-128.537581	-0.385460
2390.000002	-125.391366	0.114410	-123.037588	0.175856	-71.374860	-0.351553	-128.534315	0.151436
2400.000002	-120.693904	0.150415	-123.532403	0.211972	-82.434491	-0.213751	-121.200453	0.105405
2410.000002	-127.009826	0.015932	-123.545582	-0.020659	-81.852105	-0.015904	-127.825569	-0.070893
2420.000002	-122.615502	0.214638	-125.398776	0.076546	-83.387626	-0.119299	-123.855075	-0.159104
2430.000002	-130.819784	0.459728	-122.247484	-0.292243	-80.411748	0.228275	-124.677164	-0.081687
2440.000002	-122.721719	-0.140378	-154.031807	-0.494780	-103.790138	0.282936	-129.723793	0.405706
2450.000002	-124.670265	0.179084	-125.951768	0.489540	-79.602406	0.431022	-131.816475	-0.178944
2460.000002	-129.971548	0.434985	-124.110095	-0.260575	-83.562752	0.234375	-140.161259	0.243918
2470.000002	-128.556313	-0.302590	-125.370693	-0.383457	-96.857826	-0.309705	-124.086634	0.263235
2480.000002	-124.861598	-0.463598	-132.536734	0.027982	-78.196759	0.480535	-130.872332	-0.413115
2490.000002	-132.691580	0.387496	-126.926588	0.046061	-82.309013	0.186370	-126.909961	0.229157
2500.000002	-120.421764	-0.292334	-124.967819	0.030626	-70.589018	-0.159306	-126.559978	0.208173
2510.000002	-121.585117	0.036329	-128.868904	0.164965	-73.655848	-0.478289	-140.307976	0.337030
2520.000002	-125.263060	0.050988	-127.061377	0.020403	-74.406304	-0.265868	-126.722782	-0.213646
2530.000002	-128.688381	0.261047	-131.641893	-0.000924	-72.764559	-0.330357	-132.520483	0.079791
2540.000002	-128.706043	0.078495	-119.197531	0.203234	-73.879745	0.001479	-131.066059	0.242025
2550.000002	-135.819761	-0.237722	-134.734262	-0.021893	-78.737296	-0.258164	-128.148621	-0.124732
2560.000002	-136.932605	-0.072733	-132.080234	-0.002852	-84.272733	-0.163277	-125.991039	-0.260510
2570.000002	-127.693515	0.067009	-144.128282	0.410938	-78.549210	0.362149	-125.674699	-0.126987
2580.000002	-133.722815	-0.092572	-133.228166	-0.300558	-76.633363	-0.141626	-130.972296	-0.424762
2590.000002	-126.361786	0.437029	-133.878458	-0.139091	-84.965735	0.111099	-136.546921	0.028527
2600.000002	-133.447388	0.345970	-134.644485	0.055450	-80.294515	0.040405	-121.132829	0.034014
2610.000002	-136.378738	0.080292	-130.819733	0.299868	-74.887636	-0.441266	-124.322305	-0.086563
2620.000002	-123.599329	0.390454	-125.906847	-0.076489	-90.313928	0.351734	-124.774920	-0.024952
2630.000002	-124.925645	-0.167870	-123.030331	-0.107251	-80.897907	0.477635	-125.419995	0.154956
2640.000002	-123.505217	0.401632	-123.278528	-0.205360	-80.503130	0.042938	-130.092901	0.294276
2650.000002	-122.843938	-0.161430	-131.102717	0.110920	-78.530837	-0.123844	-129.094784	0.383070
2660.000002	-120.463162	-0.352759	-126.903040	0.465295	-77.277965	-0.397219	-119.568428	-0.024116
2670.000002	-134.304572	-0.060401	-121.597225	0.067693	-77.579280	0.250134	-122.174938	-0.179912
2680.000002	-129.037829	-0.298406	-126.313174	-0.286123	-87.596133	-0.421830	-126.820420	-0.440322
2690.000002	-127.469636	0.124823	-123.934834	-0.341844	-79.678675	0.345905	-120.165502	-0.462995
2700.000002	-120.088767	0.111901	-146.827607	0.075424	-87.502197	-0.265862	-124.184099	-0.324571
2710.000002	-120.407803	-0.432904	-125.357254	0.178361	-80.277596	-0.181576	-121.871474	0.486790
2720.000002	-126.507042	0.195764	-122.502522	-0.332294	-79.818117	0.401193	-121.648373	-0.221623
2730.000002	-123.407731	-0.423366	-121.724910	-0.302119	-96.872971	0.474874	-124.011916	0.059825
2740.000002	-125.818231	0.266487	-128.915646	0.371366	-76.073870	0.353779	-129.288538	0.476634
2750.000002	-124.814906	0.469434	-125.826009	0.413662	-74.327625	-0.117521	-122.619686	0.083064
2760.000002	-123.500557	0.162651	-126.152064	-0.204160	-75.883511	-0.425693	-125.886586	-0.296578
2770.000002	-129.869819	0.357123	-135.177184	0.124527	-77.958815	-0.495649	-126.990280	-0.300234
2780.000002	-153.812424	0.171412	-130.633830	-0.297340	-81.196999	-0.153229	-127.765853	0.036278
2790.000002	-130.023892	-0.344515	-124.746155	-0.245467	-76.656334	-0.260709	-132.762540	-0.262211
2800.000002	-138.036705	0.296188	-136.030406	0.037041	-76.034350	0.060514	-121.659166	-0.176422
2810.000002	-123.729602	-0.431995	-121.553462	0.370863	-75.970437	0.296432	-126.840440	-0.320759
2820.000002	-132.978065	-0.428115	-130.055516	0.170539	-73.060037	-0.107726	-128.734549	0.217085
2830.000003	-128.318735	-0.292437	-120.702378	-0.196145	-78.445288	0.185901	-127.642676	-0.317953
2840.000003	-122.333956	-0.051585	-120.727854	-0.227561	-92.240163	0.079328	-122.617710	0.152346
2850.000003	-126.712712	0.133622	-134.364911	0.413560	-76.382293	-0.091146	-131.876996	0.045966
2860.000003	-129.776274	-0.248540	-121.695400	-0.145897	-74.229827	-0.484002	-124.631168	-0.286700
2870.000003	-123.455579	0.351517	-124.422110	-0.280573	-84.392289	0.364930	-128.324964	0.071501
2880.000003	-124.532182	-0.313007	-128.873285	-0.218879	-78.907704	-0.254216	-123.383241	0.314522
2890.000003	-123.316302	0.499649	-126.877378	0.429589	-72.814458	-0.275196	-136.191076	-0.283003
2900.000003	-122.081906	-0.216929	-124.526178	-0.449273	-73.585062	-0.082310	-130.316489	0.482643
2910.000003	-120.930989	-0.199764	-127.491990	-0.218933	-75.458803	-0.033086	-129.605477	0.301401
2920.000003	-128.274002	0.362959	-128.346129	-0.342570	-73.598909	0.005625	-130.214588	0.355348
2930.000003	-135.262652	0.424726	-121.256234	-0.061014	-92.617877	0.357537	-122.126665	-0.435089
2940.000003	-124.384370	0.401079	-129.412270	0.395914	-79.135490	-0.077200	-130.290991	0.289597
2950.000003	-128.443078	-0.453807	-126.004733	0.150218	-81.746241	-0.150901	-141.623038	-0.341238
2960.000003	-127.921665	-0.481593	-131.911202	0.250996	-79.809559	0.325575	-127.353384	0.040212
2970.000003	-126.222787	0.007153	-120.983515	0.020782	-82.836189	-0.077529	-124.848417	0.434883
2980.000003	-142.498156	0.109468	-123.391841	-0.345245	-88.847312	-0.142264	-121.092839	-0.377376
2990.000003	-125.363078	-0.299955	-130.368701	-0.431308	-81.973360	-0.424488	-129.979460	-0.408820
3000.000003	-125.649219	0.212266	-123.678573	-0.005385	-87.541004	-0.364901	-126.023052	0.094756
3010.000003	-133.286909	0.033287	-133.019854	0.305640	-79.708868	0.454862	-126.008827	-0.346015
3020.000003	-132.205710	0.227363	-122.653156	0.266843	-80.533936	-0.342921	-133.713033	-0.369873
3030.000003	-122.608488	-0.397727	-134.689711	0.292766	-75.842402	-0.204126	-128.828674	0.281959
3040.000003	-121.751782	0.318793	-122.987371	-0.409677	-74.082782	-0.082142	-86.969584	-0.375517
3050.000003	-128.441782	0.219352	-136.026525	0.268301	-76.038380	0.113584	-119.130598	0.427423
3060.000003	-131.167009	-0.343122	-123.921111	-0.493424	-85.410847	-0.454678	-121.832173	-0.170174
3070.000003	-123.420805	-0.118437	-125.488206	0.371598	-76.682536	0.271887	-120.702543	-0.204297
3080.000003	-121.621883	0.374883	-135.288421	-0.086174	-82.406958	-0.039970	-124.156912	-0.338108
3090.000003	-118.287630	0.453118	-120.869138	0.082324	-96.365072	0.472764	-123.057834	0.165033
3100.000003	-119.799751	-0.135744	-124.813818	-0.335961	-71.723251	0.490343	-127.344255	-0.133945
3110.000003	-138.836299	-0.479703	-125.255855	0.371890	-78.530692	0.012177	-134.240676	-0.483806
3120.000003	-121.570330	-0.215044	-122.834729	0.326060	-79.365856	-0.084672	-135.867708	0.160015
3130.000003	-124.440972	-0.045021	-148.921583	0.167981	-88.985659	-0.078299	-119.821536	-0.031375
3140.000003	-123.126186	-0.239322	-121.454525	-0.138365	-85.188743	-0.404621	-131.436236	0.364811
3150.000003	-124.868006	0.193308	-147.150580	0.202152	-81.006187	-0.482338	-129.580086	0.410026
3160.000003	-121.848022	0.412863	-121.271538	0.374682	-78.643809	-0.043962	-138.526504	0.254975
3170.000003	-126.669970	-0.163676	-131.745393	0.243049	-78.070306	0.063985	-133.537592	-0.360819
3180.000003	-134.325146	-0.010663	-127.947825	-0.484026	-76.416553	-0.234723	-126.329723	-0.136862
3190.000003	-134.781303	-0.267960	-123.099432	-0.404072	-77.235296	0.086154	-132.036598	0.205248
3200.000003	-124.913305	0.298611	-124.218331	0.313354	-75.895784	0.150563	-125.106195	0.496187
3210.000003	-124.579381	-0.195465	-128.048095	0.195879	-82.466592	0.195447	-124.631641	0.055782
3220.000003	-126.462670	0.223436	-145.269627	-0.392644	-77.055118	-0.082927	-123.254584	-0.342357
3230.000003	-123.699123	-0.018822	-126.076280	-0.002432	-82.168456	-0.439865	-127.955897	0.008101
3240.000003	-127.649842	0.125509	-131.461067	-0.206270	-83.707124	-0.424202	-126.612804	-0.004480
3250.000003	-126.117311	-0.240271	-132.860091	-0.014032	-88.402354	0.112932	-127.501319	-0.012884
3260.000003	-125.314270	0.354569	-140.210898	-0.144798	-98.053958	0.092749	-121.763844	-0.022655
3270.000003	-126.658889	-0.236094	-119.325891	-0.015644	-86.968622	0.107558	-121.564874	-0.206888
3280.000003	-122.623331	-0.322475	-129.109319	-0.357666	-77.938558	-0.464495	-125.033916	-0.060417
3290.000003	-126.917562	0.362429	-126.539580	0.194106	-83.977828	0.219285	-124.309379	-0.418504
3300.000003	-127.234374	-0.174496	-134.404163	-0.469057	-82.339222	0.262163	-126.515076	-0.224908
3310.000003	-129.048811	-0.136331	-139.530754	0.026605	-76.354812	0.120146	-124.103248	0.368919
3320.000003	-121.279471	0.215373	-130.364993	0.011994	-74.190508	-0.435629	-125.387548	-0.061086
3330.000003	-130.622737	-0.421372	-125.109857	-0.494650	-78.576595	-0.341101	-123.363099	-0.358136
3340.000003	-138.459156	-0.143542	-130.485803	0.033591	-80.161196	-0.329174	-127.932811	0.329031
3350.000003	-120.990488	-0.442263	-125.143596	-0.439094	-84.385676	-0.027414	-121.762501	-0.194009
3360.000003	-135.466336	0.058118	-128.907480	-0.297635	-108.851651	-0.429224	-127.972492	0.296197
3370.000003	-124.185061	-0.177329	-131.322450	-0.229939	-80.695994	-0.277207	-122.086352	0.319416
3380.000003	-129.055900	0.170712	-128.992376	-0.431092	-88.632531	0.451006	-126.519540	0.299032
3390.000003	-125.784712	-0.046028	-137.476938	-0.108828	-79.072527	-0.207699	-138.381604	-0.127128
3400.000003	-123.632007	0.356410	-125.370862	0.147542	-82.018759	0.162677	-120.747394	-0.268714
3410.000003	-124.243519	-0.483193	-125.901631	-0.376045	-78.457563	-0.046955	-127.537656	0.013986
3420.000003	-125.992163	-0.140978	-123.354548	0.271551	-78.254252	0.048763	-127.833208	0.041210
3430.000003	-128.164340	-0.007415	-125.998202	-0.235478	-80.318893	-0.249966	-125.893653	0.094501
3440.000003	-132.194068	-0.407698	-127.227860	0.283304	-75.884630	0.422485	-121.816218	0.062413
3450.000003	-126.854895	-0.165318	-123.621615	-0.107771	-81.035759	-0.172739	-127.467956	0.244940
3460.000003	-145.250589	0.281702	-125.457617	0.313333	-75.266828	0.487627	-128.675095	0.142176
3470.000003	-129.426522	-0.434799	-127.338161	-0.160502	-75.772845	0.027268	-123.628670	0.341893
3480.000003	-125.659872	-0.139616	-137.029888	-0.496124	-77.654353	0.002638	-149.087491	0.352048
3490.000003	-128.193624	-0.036990	-128.153362	-0.314139	-77.771610	-0.151126	-126.035772	-0.477022
3500.000003	-131.287376	0.380502	-128.338631	0.149864	-82.201849	0.413492	-127.792806	0.377913
3510.000003	-137.209436	-0.286203	-130.766379	-0.153338	-85.572855	0.063703	-127.276283	-0.139106
3520.000003	-128.072937	0.213103	-132.122180	0.495007	-87.137337	-0.393937	-125.740679	0.265419
3530.000003	-124.367209	0.366804	-134.678620	0.466135	-74.950969	0.468492	-131.240906	-0.022538
3540.000003	-128.208640	-0.036374	-128.637828	0.010780	-80.657622	0.292744	-123.052237	0.139646
3550.000003	-136.904486	0.478026	-125.362614	-0.240879	-84.839145	0.221947	-136.068593	-0.491171
3560.000003	-118.953536	-0.017346	-131.278264	-0.090264	-85.418130	0.133392	-124.396557	-0.021073
3570.000003	-122.733304	-0.399693	-124.425367	0.439225	-81.717541	0.330663	-125.571444	0.362728
3580.000003	-126.061636	0.456463	-131.063097	0.279143	-87.873124	0.285375	-134.168182	-0.431337
3590.000003	-131.345941	0.229954	-122.878976	-0.359649	-93.051046	-0.107446	-136.091442	0.103772
3600.000003	-129.898448	-0.222746	-129.176062	-0.292982	-85.389919	-0.028757	-120.976534	-0.122579
3610.000003	-129.868732	-0.104722	-122.470199	0.097468	-78.168899	-0.259630	-119.578958	-0.146534
3620.000003	-119.675730	-0.345385	-120.945608	0.194243	-93.893576	0.146008	-124.573659	-0.385930
3630.000003	-129.905482	0.150423	-124.595182	-0.033817	-82.544198	0.020704	-136.301383	0.284180
3640.000003	-127.333214	0.440017	-128.055378	-0.240294	-79.595956	0.341722	-120.355599	-0.400204
3650.000003	-127.952549	-0.033239	-135.811228	-0.434938	-75.483218	0.058391	-142.651174	-0.339919
3660.000003	-128.765446	-0.370446	-127.938930	0.098098	-82.053970	-0.071754	-123.404030	0.387430
3670.000003	-128.103192	-0.090890	-121.060800	-0.378818	-76.619269	0.299351	-119.895117	-0.419206
3680.000003	-134.944409	0.105051	-134.899590	-0.477746	-86.157629	-0.111388	-119.151512	0.057194
3690.000003	-126.279165	0.396341	-132.234749	-0.439177	-101.357238	0.232292	-126.769021	-0.003118
3700.000003	-123.428682	0.079398	-121.052699	0.203344	-81.681869	-0.065908	-134.069532	0.098021
3710.000003	-133.219973	-0.087401	-126.468477	-0.187169	-80.545012	0.301118	-122.584807	-0.196349
3720.000003	-127.948537	0.099404	-133.464961	0.234820	-87.027227	0.476557	-128.792526	0.132448
3730.000003	-123.339601	-0.110216	-127.991981	-0.232108	-82.385170	0.231781	-139.352708	-0.443731
3740.000003	-116.937637	-0.038818	-132.051159	-0.322246	-98.903620	-0.258223	-136.298918	-0.229446
3750.000003	-126.028672	-0.170336	-120.868969	-0.351334	-85.303044	0.103022	-125.609796	-0.217636
3760.000003	-129.010244	0.431156	-127.209976	-0.487723	-82.086386	0.239130	-119.985194	-0.123993
3770.000003	-125.224961	0.257267	-128.438274	0.197905	-85.852603	-0.426000	-125.174646	-0.170911
3780.000003	-125.606327	-0.203033	-124.476914	-0.277767	-91.713039	-0.220492	-130.394468	0.037254
3790.000003	-120.978719	-0.214381	-121.399547	-0.259854	-90.367526	-0.357059	-118.914506	-0.264749
3800.000003	-133.451525	-0.496577	-123.094170	0.088410	-83.956846	0.034999	-119.156090	0.134436
3810.000003	-130.545084	0.446352	-120.160280	0.486391	-80.203767	-0.201817	-126.425684	0.319487
3820.000003	-119.656879	0.358735	-123.789192	0.034418	-88.879635	-0.450821	-128.100520	-0.358690
3830.000003	-123.079236	0.254014	-128.536668	-0.493730	-80.010872	-0.335095	-124.554050	0.096302
3840.000003	-130.929453	0.450194	-129.878804	-0.131945	-76.723958	-0.365207	-123.014369	-0.367836
3850.000003	-131.425700	0.210417	-126.433290	-0.040999	-78.537866	-0.033439	-126.770960	0.006725
3860.000003	-126.520824	-0.264060	-128.544077	-0.003114	-77.336679	-0.016883	-131.019204	0.293655
3870.000003	-142.151118	-0.462869	-132.674481	0.057106	-78.026724	-0.089180	-124.238837	-0.217157
3880.000003	-119.526679	-0.369894	-129.883780	0.276716	-80.644823	9.346906E-5	-129.451980	-0.098994
3890.000003	-125.722502	-0.163030	-123.166271	0.113807	-77.528674	0.444915	-130.014717	-0.212799
3900.000003	-128.866790	-0.160244	-131.532194	-0.015695	-79.240118	0.376707	-120.538000	0.431005
3910.000003	-124.705677	-0.108267	-124.755562	0.243877	-78.146698	0.003343	-126.422483	-0.238403
3920.000003	-120.150652	0.288788	-122.823537	0.036273	-82.487317	-0.393300	-123.033374	0.086932
3930.000003	-121.397805	0.177666	-120.942785	0.294322	-83.177217	0.045979	-127.309681	0.179535
3940.000003	-131.985608	-0.006729	-119.682948	-0.026247	-81.786590	-0.252471	-123.285222	0.140125
3950.000003	-139.638059	0.182594	-126.078671	-0.074428	-77.201102	-0.115679	-125.777443	0.404623
3960.000004	-121.870671	-0.388002	-127.600154	-0.026663	-86.989727	0.413776	-123.364133	-0.370986
3970.000004	-127.427441	0.158229	-126.406311	0.012187	-82.861017	-0.477624	-131.118326	-0.306933
3980.000004	-140.209742	0.234359	-131.321253	-0.422246	-89.915326	-0.216123	-124.591309	-0.174591
3990.000004	-118.607134	-0.462222	-137.659978	0.318490	-86.115212	-0.111030	-128.304910	0.259915
4000.000004	-132.906563	0.042285	-127.972966	-0.320509	-80.406252	0.234721	-119.171585	-0.195304
4010.000004	-122.938330	0.043366	-137.287109	-0.150801	-81.600886	-0.027784	-124.460762	-0.190742
4020.000004	-126.950830	0.468762	-123.961847	-0.099882	-81.098349	0.221943	-136.311899	0.488803
4030.000004	-120.941045	0.330877	-136.625901	-0.253091	-79.628963	-0.006012	-122.856751	0.415342
4040.000004	-129.491921	-0.379796	-127.735601	-0.408717	-83.185281	-0.469226	-134.773612	-0.086724
4050.000004	-135.717299	-0.158637	-128.692319	0.091304	-84.531115	-0.168267	-130.533768	-0.150925
4060.000004	-128.740997	0.423079	-121.308931	0.304794	-83.260641	0.292975	-135.964634	0.414390
4070.000004	-126.136680	0.323669	-118.554110	0.217363	-83.988096	-0.443151	-127.539010	0.244908
4080.000004	-125.312442	0.498026	-127.685495	-0.472154	-78.051030	-0.489903	-126.705389	0.495105
4090.000004	-127.780220	-0.360312	-122.477935	0.205936	-81.123468	-0.156164	-117.535017	0.134930
4100.000004	-122.631282	0.025619	-129.634745	-0.215828	-84.449209	-0.089695	-123.807455	0.223765
4110.000004	-125.047291	-0.229755	-127.751678	0.018531	-91.084757	0.462082	-120.184757	0.040317
4120.000004	-124.601547	0.191252	-125.223371	-0.495890	-80.636643	-0.491910	-125.822537	-0.381154
4130.000004	-121.579803	0.499738	-134.579051	-0.229062	-76.981309	-0.304114	-122.488980	-0.137865
4140.000004	-126.152253	0.003415	-125.039324	0.472157	-75.128430	-0.380314	-120.533360	0.252162
4150.000004	-124.086409	0.410225	-122.919484	0.362291	-83.644321	0.296112	-121.888591	0.279683
4160.000004	-134.050598	-0.311758	-129.077414	-0.309534	-82.497709	0.286508	-117.828198	-0.388678
4170.000004	-129.150955	-0.422503	-130.323575	-0.008729	-82.056268	-0.272938	-134.972426	-0.315211
4180.000004	-120.986443	0.037262	-128.850730	0.144240	-77.034048	-0.327654	-126.788381	-0.118152
4190.000004	-121.927420	0.486356	-128.829874	-0.337138	-90.564764	-0.286579	-127.735015	0.456677
4200.000004	-126.261636	-0.449895	-142.157148	0.268458	-85.712312	0.030371	-122.646952	-0.046975
4210.000004	-122.636435	-0.341026	-129.691611	-0.222049	-75.393051	-0.259826	-126.894173	0.400288
4220.000004	-128.022851	0.015829	-131.513977	-0.477153	-79.671384	-0.002781	-121.547912	0.266707
4230.000004	-130.790882	0.317099	-117.892976	-0.003308	-78.962331	0.141398	-123.739178	-0.217431
4240.000004	-135.609382	0.443269	-126.736854	0.192808	-84.558203	-0.478266	-131.009885	-0.295750
4250.000004	-125.340346	-0.051732	-128.833100	0.035376	-82.034255	-0.140386	-123.487360	-0.191896
4260.000004	-126.663884	-0.400461	-119.053184	-0.095810	-76.514234	-0.322903	-121.759023	-0.083052
4270.000004	-126.998520	-0.332166	-139.955776	-0.105324	-87.384114	-0.276248	-131.540002	0.225828
4280.000004	-128.199737	-0.174133	-124.219055	-0.164860	-84.054323	-0.164793	-134.695979	0.042197
4290.000004	-123.811271	0.483266	-126.801834	0.393151	-88.673709	-0.282083	-136.685531	0.190747
4300.000004	-136.149238	0.243530	-128.234552	-0.313449	-85.713602	-0.486017	-121.988280	0.080941
4310.000004	-131.448794	0.349238	-124.832147	-0.063066	-92.094172	-0.193077	-130.758646	-0.196638
4320.000004	-126.006416	0.486619	-128.910650	-0.310835	-76.652204	0.433729	-140.547332	0.225612
4330.000004	-127.298212	0.080897	-127.681040	-0.168001	-72.655601	-0.333003	-130.745819	-0.389366
4340.000004	-127.632545	-0.458726	-126.408131	0.450383	-92.915544	-0.427729	-136.467470	0.354408
4350.000004	-124.728919	0.000278	-127.584074	0.176293	-84.169772	-0.466231	-126.040905	0.439409
4360.000004	-126.999381	-0.311937	-122.874942	0.141519	-80.980937	0.255014	-125.821558	0.052782
4370.000004	-133.954294	0.170369	-142.947623	0.033695	-84.671411	0.451341	-131.602710	-0.222277
4380.000004	-125.499601	-0.025619	-131.501950	0.192613	-84.257927	-0.199886	-123.882094	-0.119709
4390.000004	-121.853089	0.140908	-123.106148	0.253958	-86.312516	0.279235	-124.022747	0.213989
4400.000004	-122.200029	0.187453	-121.287280	-0.453884	-82.978388	0.182859	-121.775002	0.059521
4410.000004	-135.102832	-0.138108	-133.018996	0.137928	-83.511569	0.072553	-125.340904	-0.016456
4420.000004	-148.110610	-0.191523	-127.862185	0.372384	-78.258633	-0.200190	-127.131458	0.285949
4430.000004	-126.828032	0.296113	-124.987742	-0.421153	-85.230222	0.042870	-122.519055	-0.306083
4440.000004	-122.038243	0.155027	-133.221707	0.376714	-82.324306	0.418320	-124.678833	-0.011979
4450.000004	-125.807082	0.007077	-126.462199	0.251020	-99.428070	0.291960	-129.235613	0.261461
4460.000004	-127.005214	-0.423175	-122.519351	0.177983	-77.538373	0.145840	-130.636519	0.281270
4470.000004	-128.234306	0.422092	-130.516527	-0.445860	-93.512743	0.417510	-127.187724	0.469901
4480.000004	-124.377080	0.278602	-127.626083	0.204069	-79.082927	0.123673	-123.333234	-0.228356
4490.000004	-129.575224	-0.243836	-131.835054	0.157610	-83.224593	-0.028225	-116.236500	-0.324381
4500.000004	-118.746435	0.192070	-137.486601	0.379382	-83.880269	-0.257600	-123.205993	-0.227437
4510.000004	-129.089708	-0.366522	-135.476800	-0.439394	-78.417233	0.335008	-121.971822	0.192831
4520.000004	-119.880129	-0.192247	-127.746752	-0.168131	-82.744457	0.296557	-123.142757	-0.372962
4530.000004	-130.284151	-0.350555	-132.214864	-0.395990	-78.531355	0.489331	-129.603816	-0.357614
4540.000004	-141.549040	-0.190003	-131.738810	0.040235	-79.088689	0.044194	-129.676950	0.000231
4550.000004	-125.115728	0.253084	-127.411432	-0.316621	-85.310602	0.231362	-123.545117	0.378357
4560.000004	-133.419434	-0.489825	-126.451065	-0.010293	-61.095187	0.245052	-85.856025	-0.246629
4570.000004	-120.022288	0.080666	-134.700392	0.163716	-83.955026	0.148564	-124.836401	-0.003713
4580.000004	-132.232733	0.468766	-128.880008	0.126248	-77.610184	0.290343	-142.343785	-0.236507
4590.000004	-127.487261	-0.307694	-140.664326	-0.375396	-83.602185	0.172475	-122.866950	0.017126
4600.000004	-122.756718	0.178842	-123.994492	0.204395	-81.913735	0.221254	-124.907595	-0.171712
4610.000004	-135.301707	0.090351	-131.736905	0.112101	-84.467169	-0.275155	-136.300054	-0.147523
4620.000004	-128.503159	-0.251880	-121.042076	-0.108107	-84.707044	0.267263	-131.115043	0.106166
4630.000004	-126.589854	0.097199	-124.968012	0.018771	-91.122927	0.113762	-128.214987	0.025793
4640.000004	-124.995697	0.229850	-125.832895	-0.447725	-82.269901	0.357093	-127.927860	0.460318
4650.000004	-121.930489	0.035780	-120.940630	0.044324	-85.521475	0.429006	-127.135646	-0.057871
4660.000004	-131.761900	0.206009	-122.710917	0.481523	-80.088829	0.309006	-119.656160	0.102879
4670.000004	-126.274014	-0.127142	-120.312814	0.138924	-88.169461	0.069441	-124.278322	0.095544
4680.000004	-120.342150	-0.241551	-123.042306	-0.191417	-78.841703	-0.043965	-125.645285	-0.251308
4690.000004	-133.083742	-0.117196	-135.872999	0.345841	-79.706900	-0.162713	-131.250954	0.381254
4700.000004	-127.454942	0.390511	-131.961473	0.123458	-75.152614	-0.148280	-122.508493	-0.269162
4710.000004	-120.261499	0.267345	-126.436499	-0.469925	-83.616395	-0.429525	-142.666773	-0.229917
4720.000004	-139.213681	-0.274020	-123.035662	-0.484112	-78.712048	-0.117364	-130.182195	-0.059340
4730.000004	-125.913950	-0.476298	-127.979746	0.421026	-84.785937	0.460142	-125.106080	-0.067588
4740.000004	-128.101184	0.120522	-124.966036	0.497951	-86.471080	0.146140	-133.110888	0.187817
4750.000004	-126.870429	0.353023	-134.173647	0.269347	-84.434350	-0.227600	-124.095719	0.397576
4760.000004	-122.868931	-0.024652	-122.253029	-0.241100	-83.664028	0.065454	-122.059400	-0.192977
4770.000004	-127.675635	0.372022	-118.695267	-0.199841	-83.383718	-0.339798	-122.481409	0.212411
4780.000004	-128.050240	0.434806	-126.106596	-0.479839	-86.781083	-0.159456	-128.225559	0.475476
4790.000004	-121.217640	0.251716	-131.629771	0.002354	-82.108116	-0.172788	-133.933568	0.304112
4800.000004	-122.186047	-0.240900	-121.311327	0.287281	-85.115523	0.341646	-127.095690	0.353462
4810.000004	-128.963573	0.241056	-120.784020	0.374135	-81.580544	-0.348306	-128.925207	0.470387
4820.000004	-124.332180	0.427603	-129.613913	0.049885	-81.809876	0.152337	-124.852748	0.324433
4830.000004	-119.089389	0.074707	-127.073663	0.174600	-76.938571	0.076709	-127.909656	0.270823
4840.000004	-135.310279	-0.270396	-128.333134	0.141430	-93.465223	0.384545	-124.855478	0.021343
4850.000004	-122.642213	-0.202255	-127.116526	-0.025970	-79.192930	0.106123	-128.208282	-0.301526
4860.000004	-126.517255	0.336013	-126.071213	0.110409	-81.193031	0.352517	-128.664725	-0.073559
4870.000004	-125.232151	-0.234666	-129.337426	0.010065	-81.042657	0.452171	-126.725803	-0.195334
4880.000004	-124.409830	-0.071460	-140.495978	-0.131257	-82.583450	0.459557	-122.640655	-0.055936
4890.000004	-125.270761	-0.272588	-124.444929	-0.389729	-85.293829	0.474329	-121.702010	-0.349486
4900.000004	-127.643618	-0.438548	-127.563662	-0.444476	-85.829234	0.042511	-127.470340	0.398158
4910.000004	-124.462052	-0.088940	-118.843466	-0.078553	-82.063276	-0.073545	-123.223875	0.159712
4920.000004	-123.577926	0.216002	-125.956882	-0.425784	-99.750141	-0.259132	-136.433005	0.131208
4930.000004	-137.118452	-0.217263	-124.828191	0.309924	-76.911219	0.056658	-129.344747	0.070284
4940.000004	-129.783322	-0.178748	-124.188793	-0.061425	-94.188176	0.010861	-129.659346	-0.169013
4950.000004	-132.353665	-0.142073	-128.315922	0.133338	-76.030138	-0.273895	-126.006660	-0.165874
4960.000004	-119.096412	0.008977	-124.155536	-0.202694	-80.939533	0.463480	-117.681294	0.007606
4970.000004	-138.489425	0.378659	-127.122511	-0.099810	-84.937445	0.177712	-121.363745	-0.394678
4980.000004	-127.726951	0.366614	-129.237787	-0.152031	-81.652455	-0.034466	-126.689441	0.412496
4990.000004	-122.599066	0.066479	-125.812797	-0.271104	-84.717900	0.085843	-134.386289	0.018177
5000.000004	-126.417534	0.036901	-125.613733	0.045724	-86.823446	-0.004068	-124.162616	-0.021611
5010.000004	-130.678800	0.293055	-127.691620	0.277573	-80.222364	0.382355	-127.611071	-0.481161
5020.000004	-122.864128	-0.256195	-136.106655	0.458373	-83.741846	-0.366784	-126.636552	-0.161165
5030.000004	-124.809114	-0.434046	-130.525347	0.350963	-81.940751	0.332186	-135.864096	0.484097
5040.000004	-126.802100	-0.090882	-119.177033	-0.128987	-79.864937	-0.267957	-132.645743	-0.253794
5050.000004	-135.373366	0.369536	-122.327527	0.475918	-81.549391	0.379100	-129.872722	-0.059623
5060.000004	-120.976632	0.446787	-125.333787	-0.368144	-85.811758	0.316767	-131.102374	-0.048937
5070.000004	-136.516095	-0.037867	-124.990324	0.354957	-84.436193	-0.144155	-132.603726	0.037834
5080.000005	-127.083262	-0.259593	-127.619223	-0.278599	-78.662624	-0.205882	-129.589542	-0.250406
5090.000005	-121.404301	-0.106345	-122.319051	-0.427692	-85.153996	0.036768	-122.623143	-0.049273
5100.000005	-126.441703	0.039002	-128.217351	0.181631	-82.743401	-0.237870	-126.566350	0.098959
5110.000005	-119.732602	0.129033	-124.040325	0.284842	-78.545325	-0.355832	-150.004587	-0.282970
5120.000005	-126.565136	-0.314356	-128.757358	-0.018260	-78.215854	-0.292464	-122.056757	-0.442395
5130.000005	-136.366773	0.239315	-136.950545	0.266974	-79.943417	0.462985	-130.040544	-0.144010
5140.000005	-124.564830	0.430987	-119.781322	0.476350	-83.743580	0.335315	-135.188083	0.154633
5150.000005	-126.212296	-0.216211	-124.343219	0.305960	-73.192523	0.088087	-127.459301	-0.262138
5160.000005	-127.164614	0.021966	-129.336404	-0.316664	-87.747498	-0.334397	-126.019396	-0.492088
5170.000005	-125.406765	0.095694	-128.542263	-0.044596	-84.715285	0.426729	-123.697752	-0.165590
5180.000005	-136.307989	0.241780	-122.129943	-0.108936	-80.391439	-0.288804	-122.450464	0.181011
5190.000005	-129.482347	-0.410775	-137.216045	-0.033641	-88.309944	-0.473796	-122.808885	-0.336562
5200.000005	-129.463924	-0.268667	-121.691459	0.393293	-96.538205	0.292833	-125.508038	-0.297214
5210.000005	-130.480295	-0.371981	-124.955196	-0.028496	-84.836485	0.422847	-123.241873	0.427837
5220.000005	-127.106139	-0.091504	-122.282275	0.056908	-76.338598	0.350734	-129.928158	0.002080
5230.000005	-125.016836	-0.192568	-122.847201	-0.262957	-80.576350	0.451713	-124.446791	-0.279993
5240.000005	-126.469262	-0.051895	-122.861998	-0.054409	-79.245561	-0.197276	-130.337508	0.426352
5250.000005	-133.983419	0.065476	-123.356587	0.204957	-89.319547	0.080614	-128.935733	0.350672
5260.000005	-127.246098	0.097492	-119.536976	-0.137645	-89.147893	-0.436176	-126.944648	-0.263343
5270.000005	-126.499933	-0.071847	-121.292890	-0.219818	-90.031875	0.476076	-130.346831	-0.264872
5280.000005	-123.628778	-0.009989	-122.434509	-0.286871	-78.758783	0.439065	-132.624966	-0.477488
5290.000005	-122.401634	-0.348085	-129.478107	-0.477717	-86.172156	0.112153	-129.557605	-0.146842
5300.000005	-124.995204	0.179377	-150.572892	0.249552	-93.021856	-0.194112	-124.389639	0.481651
5310.000005	-140.240397	0.446485	-127.903528	0.134678	-86.573854	-0.421553	-117.401212	-0.151251
5320.000005	-133.281549	0.138189	-146.396099	0.433846	-90.353027	0.348128	-127.758576	0.216008
5330.000005	-122.542191	-0.055953	-127.931768	-0.036185	-81.212398	0.098361	-122.035554	-0.248720
5340.000005	-122.783160	0.108779	-122.078295	-0.234894	-86.521356	0.086096	-125.548899	0.414591
5350.000005	-125.711304	-0.333480	-142.758475	0.066138	-91.162941	0.400403	-124.455310	-0.177269
5360.000005	-119.959508	0.181110	-128.569628	0.175063	-84.464540	-0.229127	-115.392076	-0.102694
5370.000005	-127.394691	0.377149	-124.662217	-0.046315	-89.315145	-0.497890	-131.947342	-0.053562
5380.000005	-136.568545	0.046535	-129.396534	0.035622	-80.464887	-0.324788	-133.755087	-0.084216
5390.000005	-127.645260	0.036623	-129.815874	0.155195	-86.066526	-0.173055	-132.153890	-0.424912
5400.000005	-128.250858	0.439571	-122.825465	-0.450203	-78.668119	0.269164	-123.702200	-0.362107
5410.000005	-121.244796	-0.452103	-129.239096	-0.274474	-85.604286	0.103534	-133.660821	0.190828
5420.000005	-133.051247	0.292406	-121.964417	0.341943	-84.219201	-0.221867	-121.715112	-0.073927
5430.000005	-129.481281	-0.137039	-130.967172	0.042733	-78.504388	0.114054	-124.233809	-0.346509
5440.000005	-131.024172	0.321154	-127.092341	0.222945	-85.978298	0.129795	-122.120582	0.422007
5450.000005	-126.964603	-0.459464	-121.792262	-0.221610	-87.803247	-0.222094	-121.214568	0.295286
5460.000005	-119.078473	0.386366	-123.784125	0.475397	-82.322433	-0.172440	-121.150228	0.456046
5470.000005	-129.253427	-0.182790	-134.288577	0.052705	-82.394774	0.499426	-134.039543	0.367017
5480.000005	-121.756320	0.088128	-120.164568	-0.233403	-81.838701	0.388071	-122.297259	-0.047041
5490.000005	-120.579287	-0.185884	-121.183537	-0.442501	-85.047199	-0.384696	-131.544389	0.459880
5500.000005	-124.839113	0.209819	-122.928752	-0.056803	-86.130252	0.176148	-127.109793	-0.090684
5510.000005	-146.092210	0.162252	-120.450136	-0.436478	-79.722346	-0.198651	-124.206162	0.219370
5520.000005	-127.679719	-0.001379	-125.016346	0.455374	-94.359251	0.225658	-145.057191	0.330944
5530.000005	-124.964897	-0.384701	-123.273732	-0.346596	-99.289922	-0.355769	-127.458785	-0.128767
5540.000005	-126.822942	0.061437	-129.192225	0.353711	-82.760441	0.026955	-124.685511	0.179086
5550.000005	-132.937596	0.234932	-127.838094	0.479759	-77.161185	0.016174	-129.131385	-0.142609
5560.000005	-137.104435	-0.383046	-124.945706	0.268291	-85.092733	-0.214368	-126.897233	0.371263
5570.000005	-121.919636	0.495667	-130.177827	0.299653	-81.251053	0.464195	-120.581653	-0.447580
5580.000005	-130.069732	0.193682	-133.186571	-0.412857	-89.101604	-0.468756	-125.942231	0.392136
5590.000005	-123.083887	0.339713	-124.855454	-0.224341	-85.628672	0.195096	-140.641672	-0.133810
5600.000005	-125.756487	0.272941	-122.934923	0.181880	-80.196906	0.289697	-131.892882	-0.309753
5610.000005	-129.705637	0.099252	-122.408859	0.148266	-98.351454	-0.114664	-124.546137	-0.052683
5620.000005	-121.844056	-0.413071	-133.391294	0.219396	-95.292550	0.004579	-124.902120	-0.446725
5630.000005	-124.185274	0.477920	-122.738441	0.315043	-79.792922	0.057760	-119.989059	0.462471
5640.000005	-125.274475	-0.403375	-119.035032	-0.379878	-92.167107	-0.243137	-127.538170	0.114355
5650.000005	-123.713316	-0.449811	-124.408088	0.484853	-78.810872	-0.370213	-122.403833	-0.279618
5660.000005	-136.207878	-0.028334	-128.920061	0.268698	-78.934959	-0.006763	-138.102986	-0.189728
5670.000005	-127.295368	-0.114900	-123.950961	0.314681	-80.764007	-0.147185	-118.681059	0.483362
5680.000005	-126.742438	-0.460860	-121.559422	-0.035160	-77.401260	-0.137485	-121.214025	0.481934
5690.000005	-128.751041	-0.474758	-130.286285	-0.413486	-82.452569	0.113718	-124.317973	0.224690
5700.000005	-124.627751	0.149839	-118.975195	-0.136495	-87.347261	0.199433	-134.173989	-0.391454
5710.000005	-120.750946	0.431655	-124.380068	-0.231449	-76.800044	0.089363	-121.461506	-0.462777
5720.000005	-125.819733	0.251682	-127.751102	0.162566	-77.090731	-0.480436	-127.505410	0.273169
5730.000005	-125.517676	-0.240527	-128.902754	0.049185	-83.117564	0.039781	-125.817558	0.196989
5740.000005	-134.594964	-0.441416	-129.654700	0.440301	-83.635681	0.420170	-132.563857	-0.192402
5750.000005	-125.286642	0.082157	-124.740612	0.474591	-82.121675	0.057854	-123.781923	0.157912
5760.000005	-128.168104	0.143328	-128.104065	0.058934	-85.110540	0.425315	-119.819980	0.192317
5770.000005	-122.765770	0.355553	-127.340038	-0.039887	-81.826648	0.159157	-137.757418	-0.074122
5780.000005	-124.324509	0.088280	-145.020369	0.489437	-88.329475	-0.475864	-119.453313	0.444348
5790.000005	-124.466133	0.364823	-126.184647	0.489359	-82.953229	0.342290	-125.520645	0.462070
5800.000005	-126.699025	0.425125	-121.792401	-0.387254	-86.908462	-0.169786	-129.857082	-0.245652
5810.000005	-129.701596	-0.429632	-127.289143	-0.029078	-86.015439	0.134576	-144.651753	-0.025508
5820.000005	-133.694804	0.229770	-124.915698	-0.398026	-82.548583	-0.226353	-123.436417	-0.359703
5830.000005	-131.860512	-0.444279	-122.447732	-0.077047	-88.186988	-0.226254	-123.279908	0.155108
5840.000005	-135.734278	0.392552	-130.430527	-0.469681	-87.310477	0.257109	-125.895361	0.221068
5850.000005	-122.016804	-0.150958	-131.119173	-0.231711	-84.765806	-0.319058	-121.603195	0.108976
5860.000005	-129.450774	-0.442622	-123.108443	0.203602	-84.311399	-0.412408	-122.111797	-0.246097
5870.000005	-125.081555	-0.037007	-125.101488	-0.112125	-87.461979	-0.359149	-123.633993	-0.152197
5880.000005	-127.641539	0.203999	-145.330290	0.207011	-85.500663	0.464675	-125.319761	0.119834
5890.000005	-121.983263	-0.305154	-126.659920	0.361618	-83.084752	-0.243633	-125.992551	0.471013
5900.000005	-126.252634	-0.448175	-127.047393	0.080068	-92.621311	0.251416	-125.107254	0.492989
5910.000005	-124.124676	-0.165066	-129.497035	-0.197996	-81.792005	0.214659	-127.512125	0.145217
5920.000005	-129.267038	-0.111342	-123.525842	-0.203853	-84.697580	0.393557	-119.427064	-0.047667
5930.000005	-130.403201	-0.201269	-123.597490	0.221963	-87.436380	0.267843	-126.875619	0.399864
5940.000005	-127.996038	0.119672	-120.076322	0.015826	-91.376148	0.404993	-129.100600	0.101747
5950.000005	-129.370647	0.258844	-127.983155	-0.287317	-87.769274	-0.018842	-124.417061	0.370223
5960.000005	-120.618269	0.331306	-118.350718	0.001895	-80.586950	0.132036	-121.806868	-0.443057
5970.000005	-128.529139	-0.179579	-120.923574	0.477537	-88.207463	-0.019736	-129.448721	-0.282009
5980.000005	-125.920496	-0.234142	-131.861647	0.112437	-87.004575	0.184295	-128.807907	0.176608
5990.000005	-124.358005	0.210532	-124.437486	0.238944	-88.573444	-0.045970	-123.575135	0.397272
6000.000005	-133.261734	0.402011	-131.691974	0.049077	-78.038744	-0.496383	-131.071229	-0.020970
6010.000005	-125.674831	-0.339005	-134.894924	0.441630	-81.009843	0.345648	-127.250264	-0.324927
6020.000005	-143.174842	0.256755	-127.395585	0.161260	-82.012955	0.019541	-125.677880	0.274012
6030.000005	-127.294805	-0.090947	-132.380374	-0.107738	-87.850568	-0.125459	-121.663530	-0.246758
6040.000005	-125.191937	-0.125558	-136.610148	0.064353	-83.894435	-0.315668	-119.064992	-0.417380
6050.000005	-122.944803	-0.370016	-127.947493	0.410207	-86.740994	-0.298367	-138.323479	-0.424062
6060.000005	-125.016245	0.364905	-139.379927	0.212418	-83.927182	0.104677	-125.763412	-0.394851
6070.000005	-118.746331	0.000963	-124.325189	-0.389980	-82.169046	-0.187346	-121.225030	-0.287669
6080.000005	-123.045745	0.378545	-124.465237	0.260024	-79.464475	0.116956	-103.042234	-0.251852
6090.000005	-120.837485	-0.356340	-126.520628	0.436440	-85.284132	0.477335	-127.932270	0.362913
6100.000005	-120.446111	-0.126290	-126.809201	-0.399255	-87.189969	-0.297549	-140.534426	-0.270191
6110.000005	-127.084923	-0.469336	-131.172930	0.137770	-92.884503	-0.458110	-132.768877	0.393618
6120.000005	-121.072580	-0.423904	-117.884545	-0.286089	-78.799144	0.217279	-122.400857	0.420187
6130.000005	-120.352445	-0.405463	-126.361390	0.205724	-94.730590	-0.469467	-134.838979	0.485755
6140.000005	-133.951549	-0.053633	-130.456540	0.093230	-80.648805	-0.046731	-121.422829	0.139307
6150.000005	-128.809896	-0.336631	-124.222826	-0.105908	-82.439893	-0.172311	-127.186877	-0.393242
6160.000005	-124.016335	0.271899	-122.480655	0.284243	-86.814698	-0.329873	-128.846950	0.484001
6170.000005	-122.920756	0.277258	-132.590738	0.453279	-80.475283	-0.162660	-123.587094	-0.318873
6180.000005	-124.204689	0.411121	-124.706213	-0.107237	-83.954487	0.307587	-121.642178	-0.012398
6190.000005	-125.701656	0.046233	-126.057685	-0.443714	-86.747133	0.154683	-138.289549	-0.374977
6200.000005	-122.990662	-0.457621	-136.198061	0.371232	-85.850663	-0.155717	-127.790546	-0.441819
6210.000006	-121.794472	0.072202	-124.159020	-0.418794	-81.867402	-0.349543	-124.522995	-0.106721
6220.000006	-130.893511	0.493446	-125.280583	-0.295959	-92.403245	-0.028250	-127.628692	-0.016538
6230.000006	-128.553387	-0.286732	-121.009194	0.115155	-81.535214	-0.093760	-136.271768	0.003165
6240.000006	-138.343507	0.222324	-129.315441	-0.463934	-85.058611	-0.105497	-121.659008	-0.430841
6250.000006	-120.356792	-0.084742	-127.669120	0.359209	-79.810510	-0.444250	-121.940273	-0.411409
6260.000006	-118.656532	-0.344316	-123.538863	-0.322319	-77.854012	-0.412248	-126.537777	-0.327420
6270.000006	-120.004324	-0.144886	-136.654230	0.092259	-84.652492	-0.122407	-124.329556	0.079423
6280.000006	-123.585728	0.096910	-120.867623	-0.099670	-78.850219	-0.198711	-141.341445	0.382669
6290.000006	-125.872724	0.336096	-124.244146	-0.078832	-88.512475	-0.093492	-123.428672	0.429747
6300.000006	-137.480811	0.018200	-126.413879	-0.456666	-83.526489	0.130772	-129.523101	0.310432
6310.000006	-144.116621	-0.395121	-119.843583	-0.378047	-90.681488	0.098164	-124.114724	-0.090697
6320.000006	-124.865971	0.092918	-127.189517	-0.025778	-93.505045	-0.295100	-120.750849	0.096683
6330.000006	-129.249267	-0.361970	-125.864583	-0.287116	-79.839776	0.335750	-121.414401	-0.192820
6340.000006	-121.301275	0.468187	-135.927753	0.040774	-93.501052	-0.151927	-144.450934	0.447609
6350.000006	-131.469690	-0.276504	-128.713488	-0.110061	-80.182555	-0.283873	-141.631383	-0.129994
6360.000006	-119.385279	0.283766	-122.523462	0.317442	-81.979667	-0.423057	-120.208270	0.414002
6370.000006	-129.402118	-0.239180	-132.280297	0.055212	-84.180603	0.432302	-142.348350	0.303923
6380.000006	-131.384228	-0.056828	-127.955063	-0.049828	-83.371621	-0.491366	-132.203655	0.396006
6390.000006	-122.834760	-0.120547	-129.806314	0.155252	-87.708310	0.123664	-125.866575	0.263802
6400.000006	-127.941203	-0.207814	-136.341742	0.095173	-76.795668	-0.373354	-132.351524	-0.327232
6410.000006	-138.021710	-0.008679	-126.554025	0.059273	-81.290412	0.041768	-125.531405	-0.442799
6420.000006	-122.533762	-0.102914	-120.521749	-0.139707	-81.763848	0.196390	-122.390994	-0.016739
6430.000006	-130.143358	0.477565	-124.499883	0.288188	-88.377202	0.023147	-122.992197	0.032778
6440.000006	-127.723345	-0.025875	-131.900141	-0.156209	-102.579764	0.120253	-122.283323	-0.214265
6450.000006	-140.703409	0.478747	-123.414944	-0.455907	-81.172613	-0.036346	-126.244550	-0.026204
6460.000006	-128.477759	0.342114	-126.348070	0.414415	-87.253218	0.058783	-143.352021	-0.236410
6470.000006	-125.415642	-0.250823	-123.745783	0.386231	-91.270737	-0.333763	-123.046113	-0.397130
6480.000006	-127.016385	0.239954	-129.485647	0.367789	-86.023563	-0.168687	-141.815643	-0.189649
6490.000006	-126.771729	0.224721	-125.784918	-0.277014	-85.091924	0.108145	-126.402832	-0.432732
6500.000006	-131.019472	-0.185928	-127.576859	-0.113217	-105.381999	0.414344	-121.340727	-0.251189
6510.000006	-142.242727	-0.333461	-128.398114	0.399861	-91.626384	0.488253	-120.239513	0.472021
6520.000006	-125.634814	0.367195	-133.827826	0.346631	-85.576219	-0.131511	-127.123137	-0.016607
6530.000006	-132.173937	0.098086	-128.682929	0.280590	-115.178498	0.405187	-128.278601	0.310333
6540.000006	-123.576110	-0.291679	-121.492200	-0.210758	-83.990543	0.035295	-126.160073	-0.390248
6550.000006	-121.399619	-0.183652	-125.476434	-0.367761	-90.781779	-0.162577	-120.093769	0.489651
6560.000006	-136.977035	-0.324893	-136.633089	-0.204486	-81.134549	-0.246947	-137.892169	0.053146
6570.000006	-133.441402	-0.050473	-134.367825	-0.479259	-79.888739	0.001982	-121.522888	-0.043907
6580.000006	-125.695670	-0.021100	-119.327796	-0.448562	-96.223043	-0.134709	-123.201058	0.322102
6590.000006	-129.475631	0.118111	-129.199966	0.141134	-81.991722	0.007497	-122.381671	-0.210608
6600.000006	-129.804462	-0.398161	-124.843251	-0.144337	-85.695638	0.215178	-123.154020	0.027053
6610.000006	-121.974548	0.468136	-130.406472	-0.201587	-87.449763	0.430934	-123.900593	0.334533
6620.000006	-132.358273	-0.193296	-124.662152	-0.450566	-87.841372	0.391234	-119.058692	0.006003
6630.000006	-140.348513	-0.060710	-123.303758	0.233519	-92.189832	0.005601	-139.213350	0.159079
6640.000006	-128.485801	-0.160605	-116.768879	0.334074	-78.597362	0.172794	-120.405098	0.381792
6650.000006	-120.905616	0.000596	-119.066392	-0.096352	-86.239410	0.068552	-128.738795	-0.175274
6660.000006	-127.100353	0.444761	-125.862666	0.018122	-79.308607	0.022026	-132.658466	-0.424095
6670.000006	-120.960028	-0.150036	-129.967615	-0.258268	-89.562778	0.310479	-127.613902	0.371709
6680.000006	-124.360843	0.396371	-132.821245	0.274895	-82.629102	-0.299826	-136.873721	-0.201221
6690.000006	-122.901631	0.322392	-119.329963	-0.387697	-83.433086	0.046459	-128.893013	-0.117359
6700.000006	-122.448299	0.203420	-120.541850	0.435509	-91.338500	0.460378	-124.957057	0.023208
6710.000006	-127.233578	0.177804	-122.641988	0.207780	-83.471430	-0.013637	-131.206806	0.481231
6720.000006	-129.828087	0.288332	-123.478504	0.054417	-79.345760	0.024683	-130.730500	-0.067844
6730.000006	-130.951212	-0.348237	-126.101497	-0.158211	-84.927018	0.192648	-127.665649	-0.194383
6740.000006	-126.315839	-0.196048	-125.617269	-0.394562	-80.467571	-0.243906	-130.227546	-0.264248
6750.000006	-123.359836	-0.156323	-131.554520	-0.405620	-85.469954	-0.258773	-122.954568	0.483006
6760.000006	-126.212405	-0.422704	-128.776246	-0.282305	-88.285132	-0.402356	-144.065530	0.104086
6770.000006	-129.543632	-0.178343	-123.656068	-0.302580	-82.030230	0.458036	-133.563487	-0.077428
6780.000006	-137.492811	0.124942	-121.543126	-0.433537	-90.753034	0.228607	-126.277508	-0.259693
6790.000006	-133.847740	-0.179219	-134.732483	0.473846	-82.535589	-0.018716	-125.231431	0.116756
6800.000006	-124.708414	0.130545	-132.819574	-0.438801	-90.501074	0.459506	-119.576559	-0.053039
6810.000006	-121.852711	0.047870	-128.832025	0.258042	-88.939670	-0.023555	-128.970600	-0.151396
6820.000006	-121.661368	-0.459986	-125.977924	-0.225339	-88.446166	-0.330138	-135.283395	0.155367
6830.000006	-127.400788	0.424384	-131.515862	-0.242322	-92.315640	-0.163071	-128.260692	0.075378
6840.000006	-124.155226	-0.125088	-130.738633	0.241583	-86.666835	-0.364088	-118.330538	0.318364
6850.000006	-138.850036	-0.298902	-128.235387	-0.129130	-101.320341	0.243633	-125.904370	-0.472863
6860.000006	-119.738732	-0.122635	-128.657995	-0.236183	-85.134127	0.420566	-128.528834	-0.140688
6870.000006	-130.722564	-0.045530	-127.928812	-0.293080	-90.877770	0.123968	-128.545319	0.233962
6880.000006	-127.214851	0.200730	-121.117365	0.266622	-89.788699	-0.004192	-120.389328	-0.221710
6890.000006	-122.896203	0.238558	-124.760470	-0.193741	-84.684409	-0.362829	-125.005688	0.047848
6900.000006	-122.045733	0.242506	-130.378305	0.177534	-81.589403	-0.351225	-124.996111	-0.136379
6910.000006	-120.241437	-0.319944	-122.248792	-0.220738	-85.869265	-0.049848	-125.514867	0.097074
6920.000006	-131.647264	-0.245505	-122.447911	0.117517	-85.498611	0.449167	-124.936835	-0.331321
6930.000006	-137.382774	0.289576	-128.953045	0.117827	-79.591845	-0.269499	-131.177532	-0.219983
6940.000006	-124.262250	-0.371833	-120.609264	-0.355435	-87.903805	-0.010590	-129.261121	-0.446557
6950.000006	-125.500141	0.371150	-121.091792	0.158059	-77.284229	-0.434309	-127.488611	0.027456
6960.000006	-124.599588	-0.130576	-124.027041	-0.025292	-78.849449	0.205126	-121.185574	0.257131
6970.000006	-127.443005	-0.028415	-132.110895	0.191761	-85.088395	0.093518	-129.062072	-0.318460
6980.000006	-131.703780	-0.133843	-137.936674	-0.250861	-83.976047	0.030880	-127.134573	-0.378984
6990.000006	-125.351579	0.060843	-136.836604	0.075504	-88.310820	-0.099238	-126.369462	0.258064
7000.000006	-128.048124	-0.114496	-125.010576	0.197766	-84.493440	-0.060809	-125.214909	0.257607
7010.000006	-141.163205	0.160543	-131.217739	-0.120651	-82.538387	0.039102	-129.997985	-0.013242
7020.000006	-132.239063	-0.413490	-121.248326	0.068431	-86.571799	-0.450485	-128.160373	0.042976
7030.000006	-120.846240	0.373284	-131.587797	0.324445	-85.297214	0.228062	-125.369959	0.461180
7040.000006	-132.221284	-0.412406	-126.048225	0.282109	-77.704531	-0.189058	-112.113160	-0.026166
7050.000006	-132.462425	-0.150821	-127.026718	-0.184350	-84.605385	-0.495245	-130.825612	0.440294
7060.000006	-123.474567	-0.232732	-131.109779	0.489776	-86.963394	-0.199528	-124.623949	-0.271427
7070.000006	-136.072980	-0.052305	-120.905143	0.186246	-81.997736	-0.301215	-120.878719	0.268770
7080.000006	-126.961181	-0.328900	-125.640325	0.376727	-89.892464	-0.235807	-137.156660	0.037330
7090.000006	-125.453499	-0.016417	-116.359357	0.347575	-97.029257	0.431728	-122.930771	-0.435934
7100.000006	-122.334106	0.373043	-123.705676	0.459620	-92.733131	0.485188	-123.727909	0.484795
7110.000006	-135.020306	-0.472332	-129.680754	0.004632	-84.234045	-0.453555	-139.901026	0.190292
7120.000006	-133.272647	0.262536	-123.311442	-0.449591	-85.968510	0.064501	-135.050306	0.469595
7130.000006	-120.125976	0.273155	-131.790495	0.001651	-85.317779	-0.196032	-123.786205	0.082911
7140.000006	-132.444588	-0.127072	-125.247422	-0.349383	-79.172976	-0.183463	-127.296106	-0.031368
7150.000006	-126.562101	0.397962	-126.146911	0.289142	-84.380336	0.453622	-123.118591	0.393817
7160.000006	-122.494422	-0.248281	-124.606031	-0.362007	-83.277646	0.279039	-122.940244	-0.256113
7170.000006	-121.316110	-0.059677	-131.829602	-0.248658	-89.242653	-0.478099	-129.465733	-0.334438
7180.000006	-123.904253	0.338364	-130.815581	-0.379903	-87.144529	-0.283460	-126.344470	-0.140563
7190.000006	-124.670365	0.167166	-140.671785	-0.324098	-91.058403	0.038273	-126.032625	-0.073406
7200.000006	-120.373813	0.439070	-123.055788	-0.445308	-88.158260	0.348451	-120.151511	-0.162116
7210.000006	-123.684905	-0.350803	-123.572300	0.224613	-86.928421	0.048639	-128.508306	-0.221507
7220.000006	-118.529431	-0.209966	-122.084810	-0.159076	-86.384033	-0.048207	-119.743861	-0.160490
7230.000006	-139.352642	0.266852	-120.566309	-0.276658	-88.538691	-0.292969	-129.173673	-0.057037
7240.000006	-126.532740	0.186110	-134.397013	0.130140	-85.006928	0.079148	-127.078026	0.412205
7250.000006	-122.766058	-0.117502	-119.313861	0.382776	-92.045604	0.207601	-129.632024	0.250270
7260.000006	-123.927273	0.451197	-138.281185	-0.201889	-89.780273	-0.384251	-124.464445	0.180563
7270.000006	-127.037595	0.154818	-135.357382	-0.191531	-82.268277	0.328687	-120.038777	0.349863
7280.000006	-127.068659	0.440738	-130.685593	0.192423	-78.585182	0.058523	-126.880175	0.389160
7290.000006	-120.081756	0.147813	-122.762514	0.234884	-85.274742	-0.275518	-125.984969	0.329538
7300.000006	-129.497765	-0.423574	-120.702717	-0.246777	-82.941169	0.473831	-128.644525	0.360085
7310.000006	-125.626884	0.271959	-127.788465	0.223127	-87.216797	-0.378659	-123.560128	0.361013
7320.000006	-127.303515	0.072178	-131.957736	0.380380	-81.703379	0.192565	-133.711842	0.281635
7330.000006	-125.107405	-0.158135	-138.394287	-0.113485	-86.438749	0.491673	-123.168958	0.195933
7340.000007	-125.906544	0.325078	-121.440978	-0.323672	-78.639011	-0.022452	-130.202696	-0.458768
7350.000007	-122.747870	0.247650	-138.730866	0.331825	-81.391522	0.059535	-125.799378	0.180736
7360.000007	-128.865619	0.319343	-133.996854	-0.235682	-80.087356	-0.358869	-138.852125	0.280913
7370.000007	-123.609090	0.148502	-131.888252	0.258433	-92.802648	-0.239835	-122.608776	0.013196
7380.000007	-123.958386	0.354083	-131.011701	0.096629	-85.215868	0.030947	-127.336786	0.337938
7390.000007	-124.936325	-0.472510	-125.787204	0.447895	-82.324249	-0.202258	-127.777782	-0.294254
7400.000007	-130.537149	-0.042052	-123.628987	-0.236342	-84.914576	-0.115687	-143.051420	-0.283129
7410.000007	-122.665778	-0.296634	-132.451720	0.475776	-83.731089	0.370370	-133.629361	0.375964
7420.000007	-124.757987	0.476696	-126.812037	-0.285412	-79.751297	-0.485124	-123.120222	0.344784
7430.000007	-121.072036	0.250307	-125.170611	-0.219054	-86.272891	0.292763	-133.913305	-0.314854
7440.000007	-135.525676	-0.453984	-144.949761	0.490026	-94.522653	-0.268127	-131.996796	-0.478252
7450.000007	-130.039960	-0.392807	-122.057123	-0.397624	-83.316082	0.407511	-126.370993	0.484422
7460.000007	-124.143392	0.398757	-130.473576	-0.227367	-79.602353	0.247665	-136.333238	0.175658
7470.000007	-127.805375	0.006824	-124.661816	-0.405122	-84.412060	-0.410432	-134.523912	0.050192
7480.000007	-123.155394	-0.381552	-120.845204	-0.164920	-83.014817	0.362431	-121.229165	-0.346948
7490.000007	-127.422050	-0.208367	-132.104010	0.332267	-97.075860	-0.318597	-121.583718	-0.066937
7500.000007	-125.446534	0.011615	-131.996819	-0.042562	-84.572093	0.153499	-123.226477	0.131933
7510.000007	-132.389733	-0.064407	-121.940746	-0.298059	-83.457167	-0.207225	-128.746351	0.430204
7520.000007	-129.152308	0.444201	-126.057740	0.014567	-76.758002	-0.135284	-121.913365	0.406625
7530.000007	-131.648428	0.392728	-123.139518	0.333703	-87.874932	0.167270	-134.165799	0.389639
7540.000007	-118.845095	0.387858	-129.629810	0.418703	-83.556914	-0.173765	-122.022287	-0.297047
7550.000007	-121.145466	-0.368354	-123.391910	0.470786	-81.551745	0.010816	-126.250286	0.435492
7560.000007	-127.271629	0.297154	-120.913174	0.441221	-89.104884	-0.164116	-134.665580	0.463864
7570.000007	-141.874094	-0.406354	-131.021894	-0.062628	-83.704813	-0.458230	-129.881841	0.005801
7580.000007	-137.776504	-0.235633	-121.898539	-0.311121	-99.599095	0.298710	-144.250078	-0.331975
7590.000007	-118.549951	-0.190200	-130.123530	-0.429591	-81.536916	-0.281444	-121.675307	-0.309704
7600.000007	-129.234870	-0.186748	-133.817527	0.123185	-77.200192	-0.211106	-97.430903	0.104342
7610.000007	-128.131384	-0.282438	-121.686352	-0.221956	-82.904053	-0.472416	-148.930379	0.104164
7620.000007	-127.329963	-0.105241	-135.199137	-0.482716	-87.773737	-0.448406	-120.455718	0.115522
7630.000007	-128.912340	0.364952	-125.909369	-0.291199	-81.545666	-0.112533	-132.919169	-0.210770
7640.000007	-121.428573	0.026436	-134.638528	0.166798	-80.555005	-0.047916	-129.643013	-0.163746
7650.000007	-141.950636	-0.296134	-128.406355	-0.433189	-82.526805	0.133617	-138.155178	-0.335076
7660.000007	-121.359717	0.365193	-137.179128	-0.441742	-84.535022	-0.050570	-127.262089	-0.482329
7670.000007	-130.423856	0.290243	-155.270588	0.380044	-100.509679	-0.243982	-145.300548	-0.021040
7680.000007	-122.112924	0.124879	-133.197758	-0.269645	-83.410159	0.246184	-126.129558	0.169691
7690.000007	-122.567367	-0.031227	-126.190630	0.100409	-85.259765	0.440691	-125.413261	-0.179660
7700.000007	-131.444955	-0.229371	-129.110430	-0.297162	-93.684751	0.133216	-125.755674	0.263602
7710.000007	-126.485077	-0.170942	-121.814790	0.368969	-90.352351	0.020576	-130.853841	0.207408
7720.000007	-125.813101	-0.057343	-124.590327	-0.006135	-83.811980	0.118606	-145.442521	-0.366291
7730.000007	-131.894275	-0.189523	-124.934345	-0.458317	-89.352049	0.351969	-122.096725	0.358244
7740.000007	-123.761767	-0.380733	-119.603643	-0.419784	-95.250076	-0.452957	-133.531621	0.132751
7750.000007	-121.919422	-0.403376	-134.706219	-0.499170	-86.979704	0.488847	-117.758694	-0.449752
7760.000007	-124.764567	-0.464542	-121.567800	0.456841	-97.936827	-0.487458	-124.826709	-0.378700
7770.000007	-122.428728	0.017298	-123.578242	-0.102278	-78.544646	-0.396301	-124.899118	-0.275158
7780.000007	-137.311495	-0.218938	-131.215170	0.324631	-87.304796	-0.118971	-137.672766	0.270090
7790.000007	-126.876039	-0.357172	-128.879688	-0.255497	-85.863805	0.470628	-126.937076	0.021109
7800.000007	-131.552752	-0.241277	-120.827521	0.313519	-91.119063	-0.286042	-122.787929	0.379687
7810.000007	-124.096388	0.305337	-133.748646	0.097739	-87.758399	0.086299	-125.263514	-0.398905
7820.000007	-132.207536	-0.137757	-126.549346	-0.260124	-85.052129	0.366895	-127.588968	-0.126709
7830.000007	-128.811015	0.128419	-134.284552	-0.118615	-90.276748	0.100414	-122.641293	0.303621
7840.000007	-130.306281	0.461426	-125.669203	-0.374707	-79.666592	-0.112266	-122.945706	-0.379954
7850.000007	-124.853040	0.061813	-124.435034	-0.352480	-83.854222	0.121153	-129.110060	0.441766
7860.000007	-131.129246	-0.357590	-120.118841	0.422680	-83.241147	0.030805	-128.558251	0.150109
7870.000007	-123.779767	0.344293	-126.304694	-0.183992	-81.487228	-0.056084	-124.260187	0.289857
7880.000007	-122.568956	-0.289656	-128.975181	-0.212924	-83.484259	0.443469	-123.872052	-0.348933
7890.000007	-123.055879	0.165722	-130.462636	-0.206445	-85.510979	0.249723	-127.048000	0.280110
7900.000007	-118.816681	0.414251	-128.909994	-0.456989	-85.571620	0.368154	-126.546823	-0.479461
7910.000007	-131.772375	-0.318045	-123.099209	0.287492	-85.036798	-0.099386	-133.458023	0.417342
7920.000007	-128.105397	0.290869	-124.942077	-0.388270	-92.271386	0.295997	-118.094683	0.416272
7930.000007	-136.924566	-0.374241	-122.161995	0.312099	-79.410361	0.203910	-128.265155	-0.067487
7940.000007	-137.525309	0.361645	-123.552186	-0.322173	-92.198633	-0.061405	-124.287273	-0.255729
7950.000007	-129.068629	0.382020	-135.717125	0.105239	-84.269406	0.058665	-121.713920	-0.123078
7960.000007	-129.905494	-0.310108	-127.125330	-0.488373	-89.436150	0.066927	-124.399286	-0.464748
7970.000007	-121.602836	0.046917	-123.272569	0.428193	-85.695680	-0.477902	-122.993981	-0.075569
7980.000007	-130.664221	-0.495305	-129.812530	-0.465303	-80.867701	0.293312	-122.084126	-0.345500
7990.000007	-128.750652	-0.098199	-127.867666	0.250274	-87.582120	-0.189854	-130.045593	-0.176195
8000.000007	-120.974069	0.237660	-121.757568	0.116134	-85.807791	-0.464363	-125.104706	0.355220
8010.000007	-126.604375	-0.010172	-127.180686	0.242128	-88.809665	0.006823	-125.200109	-0.055283
8020.000007	-121.207326	-0.052614	-120.060243	-0.272537	-84.777310	0.133409	-124.791380	-0.108245
8030.000007	-127.264471	0.062477	-120.845409	-0.477250	-93.581629	0.238660	-119.789941	0.417386
8040.000007	-135.375244	0.193873	-135.265892	-0.403799	-88.686458	-0.361520	-122.936309	0.189349
8050.000007	-121.005485	0.432485	-122.367527	0.073178	-90.453257	-0.169870	-128.453086	-0.189025
8060.000007	-131.574561	-0.320024	-122.752784	0.180130	-86.201084	0.097816	-129.207164	-0.183730
8070.000007	-130.421857	0.494434	-126.687686	-0.098822	-79.530713	-0.376203	-129.058390	0.163064
8080.000007	-125.123285	0.416413	-125.936142	-0.139970	-84.101548	-0.087375	-132.271839	-0.178823
8090.000007	-122.476695	-0.369192	-129.149638	0.489925	-89.561808	-0.106208	-127.619433	-0.086521
8100.000007	-133.148505	-0.469130	-124.575627	-0.332678	-87.261483	-0.014502	-125.144177	-0.073300
8110.000007	-127.338140	0.364358	-134.398443	-0.417985	-81.079698	0.252786	-136.712167	-0.407780
8120.000007	-126.704495	-0.448550	-129.152505	0.136334	-87.018799	0.085642	-127.338518	-0.094397
8130.000007	-129.636197	-0.022687	-124.687252	0.188347	-87.573586	0.478044	-125.202197	-0.491306
8140.000007	-136.924266	0.356486	-136.188200	0.376158	-93.444783	-0.402806	-134.158754	-0.167318
8150.000007	-124.599730	-0.398150	-127.298001	0.082373	-82.868045	-0.039655	-123.814713	-0.140504
8160.000007	-127.306254	0.446923	-131.204455	0.130761	-107.423641	-0.408237	-131.358659	-0.304488
8170.000007	-123.704375	-0.362176	-119.091871	0.287042	-81.745205	-0.148441	-126.326008	0.257016
8180.000007	-129.322299	0.342497	-127.986353	-0.062681	-84.524948	0.101973	-121.766994	0.016912
8190.000007	-132.005888	0.389617	-129.748380	-0.158809	-86.778719	0.136055	-126.332651	-0.362031
8200.000007	-128.634821	-0.080951	-123.499396	-0.198044	-87.909067	0.084074	-123.945005	0.091134
8210.000007	-118.415448	-0.445285	-134.691031	-0.050686	-98.717846	-0.372123	-130.789304	0.477193
8220.000007	-143.476119	-0.278790	-126.242373	-0.060001	-84.290546	-0.475295	-121.330992	0.140199
8230.000007	-129.886563	0.455290	-126.138778	0.019754	-80.715581	-0.470531	-120.969590	-0.266307
8240.000007	-127.602495	-0.349969	-134.441478	0.392265	-86.739858	-0.310782	-124.619641	-0.286490
8250.000007	-124.314622	-0.166257	-129.117817	0.054548	-95.874457	-0.490522	-120.124622	-0.404638
8260.000007	-125.438366	0.460972	-126.065518	0.343651	-84.220431	0.299226	-136.497884	0.375032
8270.000007	-121.914552	-0.056862	-134.334355	0.341684	-91.309123	-0.142264	-136.772146	0.367953
8280.000007	-138.201918	0.014953	-124.384529	-0.009919	-95.076811	-0.268522	-128.572128	0.490033
8290.000007	-126.759733	-0.295641	-126.198706	-0.273023	-89.803184	-0.377681	-125.095911	-0.289315
8300.000007	-122.776115	-0.444270	-127.877648	0.187869	-93.006402	-0.075802	-127.416885	0.021176
8310.000007	-124.844205	0.229267	-140.269987	-0.292322	-85.156299	-0.183237	-129.132804	-0.364431
8320.000007	-121.835588	0.338042	-122.171572	0.010441	-98.689574	0.050504	-118.814461	0.233292
8330.000007	-127.999424	-0.014965	-128.488292	0.016525	-82.751719	0.467112	-121.624560	0.059785
8340.000007	-121.692985	-0.060030	-125.547153	-0.045220	-96.643407	-0.179938	-127.995409	-0.327467
8350.000007	-120.949287	-0.050797	-124.225153	0.267337	-83.927023	0.288439	-129.021976	-0.160735
8360.000007	-151.608431	-0.144958	-136.398255	0.042904	-87.812344	0.248906	-133.456157	0.330810
8370.000007	-127.242656	-0.065788	-131.339962	0.319512	-90.352950	0.360238	-127.630161	0.168781
8380.000007	-119.558389	-0.157817	-122.324275	0.086491	-89.243014	-0.147354	-119.600347	-0.163094
8390.000007	-137.204888	0.420811	-125.888102	0.357483	-88.533944	0.181214	-134.273904	-0.107528
8400.000007	-124.953688	-0.484164	-128.561769	0.188137	-79.481365	-0.474333	-122.109949	-0.478569
8410.000007	-135.333377	0.394347	-125.372051	0.041411	-93.316253	0.239878	-130.119666	0.326675
8420.000007	-123.561610	-0.131802	-122.408184	-0.290218	-95.028085	0.054251	-131.270384	-0.178826
8430.000007	-126.613979	0.047649	-125.840058	0.288261	-93.592068	0.014394	-125.865149	-0.129650
8440.000007	-129.994230	0.119097	-127.917218	-0.197362	-90.269157	-0.007332	-129.844366	0.359551
8450.000007	-133.076674	-0.105302	-118.602493	0.283540	-83.659189	-0.171813	-122.726046	0.311421
8460.000007	-126.161008	-0.177066	-121.424280	-0.225157	-88.276345	-0.353980	-119.331670	-0.143196
8470.000008	-118.440145	0.155620	-122.399210	0.014992	-84.995815	0.275828	-124.762015	0.212680
8480.000008	-125.008113	0.182362	-126.799929	0.159488	-83.249772	0.444286	-122.244099	-0.150838
8490.000008	-141.906184	0.422270	-130.921961	0.466283	-80.714628	0.178538	-121.913399	0.367282
8500.000008	-125.081956	-0.173085	-132.304400	0.440678	-82.547147	0.249479	-125.882221	0.052512
8510.000008	-135.761903	0.431016	-125.908689	-0.307665	-86.171295	0.035687	-121.296933	0.083398
8520.000008	-127.581522	0.272668	-124.798166	0.274524	-83.322562	-0.458272	-121.815986	-0.159116
8530.000008	-124.230068	0.428193	-130.370124	0.405963	-92.878049	0.229797	-122.898984	-0.499788
8540.000008	-134.197463	0.463871	-130.358478	0.285816	-92.564387	0.229331	-124.271534	-0.197459
8550.000008	-129.120407	-0.354885	-119.866508	-0.061760	-87.380332	0.090048	-132.946459	0.206654
8560.000008	-123.714446	0.101962	-124.924172	-0.436167	-87.473275	-0.441560	-128.171467	0.355292
8570.000008	-127.919883	-0.072072	-124.070180	-0.119002	-85.383742	-0.275487	-126.875253	-0.347784
8580.000008	-127.820959	0.391212	-133.778680	0.356802	-82.501386	0.008950	-121.096031	-0.242555
8590.000008	-127.874825	0.087882	-122.829575	0.396058	-88.340912	0.246203	-115.113410	-0.432428
8600.000008	-135.608667	-0.070533	-128.322457	0.145861	-86.993222	0.036763	-140.939769	-0.407241
8610.000008	-122.080889	0.336723	-130.132298	-0.057966	-90.831665	0.303410	-125.407770	-0.449395
8620.000008	-120.959279	-0.093578	-119.742390	0.386751	-87.162306	-0.216577	-125.555065	0.466189
8630.000008	-121.018945	0.042653	-126.552523	-0.143750	-86.935632	-0.304864	-127.600259	0.021560
8640.000008	-139.210887	-0.202366	-123.078234	0.440849	-78.485519	0.142775	-135.197709	0.210130
8650.000008	-134.306366	0.460737	-133.520639	-0.355771	-82.912535	0.469996	-124.543377	0.046774
8660.000008	-132.418383	-0.157619	-126.437053	0.312944	-89.686744	0.277715	-132.206377	-0.393710
8670.000008	-122.223014	-0.435115	-127.638058	-0.283151	-76.335315	-0.376287	-136.160031	0.225900
8680.000008	-123.099908	0.420006	-124.116587	0.335217	-88.623186	0.301670	-140.042379	0.393880
8690.000008	-126.970892	-0.031910	-131.722076	0.128960	-84.978511	-0.175311	-147.560414	-0.348754
8700.000008	-121.344605	-0.106769	-139.288448	-0.408992	-83.303009	0.450332	-132.168188	-0.202236
8710.000008	-126.862236	0.044046	-125.134719	0.297715	-81.209548	-0.497446	-125.158585	0.225811
8720.000008	-132.701394	0.129396	-122.289827	-0.273750	-85.401595	0.377472	-127.424463	0.417355
8730.000008	-129.820812	-0.126416	-120.507957	0.476147	-91.072191	-0.322055	-122.351023	-0.447129
8740.000008	-125.397192	-0.239408	-120.494322	-0.388171	-83.170754	0.080819	-131.782917	-0.210804
8750.000008	-126.663154	-0.275116	-123.633917	-0.250475	-99.158213	-0.048019	-134.814233	0.180939
8760.000008	-127.113174	0.265055	-121.706398	0.297402	-97.812280	0.333704	-123.741066	0.070509
8770.000008	-123.062239	-0.165491	-131.369961	0.452425	-86.906851	-0.078335	-135.723136	0.426340
8780.000008	-126.541345	0.346289	-129.901063	-0.006158	-89.265207	0.266180	-144.400899	0.365543
8790.000008	-134.993830	-0.047205	-125.161914	0.208622	-86.515238	0.351621	-123.367746	-0.256411
8800.000008	-125.766851	0.369073	-122.685001	-0.010435	-90.796630	-0.138367	-124.060996	0.306197
8810.000008	-136.963547	0.371709	-121.369135	0.334938	-82.720868	-0.169103	-122.833976	-0.134059
8820.000008	-123.553330	0.200307	-122.515682	0.396499	-84.362153	0.123353	-134.969113	0.093090
8830.000008	-123.120412	-0.404831	-128.227955	0.061167	-78.658352	-0.289566	-123.625885	-0.344863
8840.000008	-128.372038	-0.013238	-126.482134	-0.156041	-85.099783	0.353071	-138.118377	-0.161222
8850.000008	-136.750112	0.424146	-126.988695	0.165617	-79.244376	0.080145	-126.095155	0.309045
8860.000008	-125.036425	0.195471	-125.480133	0.422217	-84.334270	0.306475	-128.319214	-0.404191
8870.000008	-132.459087	-0.434536	-133.980892	-0.077365	-111.168701	-0.478595	-131.458144	-0.370087
8880.000008	-124.342659	0.469700	-127.855698	0.230595	-93.255453	-0.065653	-120.766957	0.283400
8890.000008	-128.778971	-0.466783	-125.751523	-0.377149	-82.762951	-0.410687	-141.009661	0.128720
8900.000008	-124.336480	-0.442570	-125.013163	-0.079386	-96.123507	-0.028421	-124.761193	0.429339
8910.000008	-130.276803	-0.109878	-122.885750	-0.476698	-96.988132	0.345979	-126.252781	0.227716
8920.000008	-131.634275	-0.014319	-124.435941	0.328484	-85.566492	-0.242123	-123.437634	0.336964
8930.000008	-120.127204	-0.474281	-125.479209	-0.066767	-91.378105	-0.189474	-133.262771	-0.145973
8940.000008	-128.467949	0.189141	-129.284965	-0.338832	-86.194881	-0.426630	-128.112247	0.266514
8950.000008	-126.125777	-0.175771	-124.837378	-0.461849	-83.551349	-0.133360	-121.309036	-0.320384
8960.000008	-123.668147	0.071765	-124.568105	-0.123251	-85.633453	-0.476766	-117.117004	0.122855
8970.000008	-135.073927	-0.166148	-129.996940	-0.396032	-84.963545	-0.081103	-124.126657	-0.330295
8980.000008	-129.443821	-0.118956	-125.094356	0.179721	-88.962050	0.270464	-137.380729	0.478196
8990.000008	-133.498622	-0.450805	-124.015317	-0.003660	-93.486287	-0.145459	-143.667626	-0.365600
9000.000008	-127.552050	-0.080383	-123.107657	-0.318627	-87.093998	0.095191	-131.115141	-0.045738
9010.000008	-127.198556	0.006310	-124.022856	0.166535	-89.178644	0.200812	-127.053203	0.039788
9020.000008	-125.999427	0.095734	-120.925837	-0.151008	-86.343235	0.373762	-123.974513	0.160018
9030.000008	-121.485855	0.054572	-134.646658	-0.120642	-97.794484	-0.483728	-129.889805	-0.026450
9040.000008	-119.520471	-0.308624	-122.698034	0.376958	-85.859428	-0.148745	-124.885555	0.273677
9050.000008	-135.911646	-0.337794	-132.240224	-0.289410	-81.731496	-0.039437	-124.329796	-0.343761
9060.000008	-135.908855	0.437316	-136.617403	-0.152817	-87.307822	-0.221282	-129.657045	-0.313657
9070.000008	-124.075218	-0.049333	-123.190454	0.441749	-88.143940	-0.242538	-124.730438	0.405286
9080.000008	-127.106537	0.341721	-124.143309	0.106041	-88.480458	-0.333740	-121.281960	-0.169650
9090.000008	-130.161962	-0.217325	-140.956954	0.496211	-89.049826	-0.203841	-126.617644	-0.295322
9100.000008	-146.904032	0.085610	-126.473402	-0.010644	-85.274836	-0.091743	-127.269124	-0.111258
9110.000008	-122.058673	-0.389684	-125.112033	0.169004	-96.429465	-0.110998	-129.475314	0.470331
9120.000008	-134.633211	-0.081584	-124.685299	0.121628	-85.293954	0.468872	-93.175851	0.370682
9130.000008	-124.013147	-0.216492	-130.103982	0.495301	-97.431082	0.128228	-135.352116	0.279462
9140.000008	-137.014201	0.282339	-123.244773	0.495424	-82.691051	0.167294	-132.727379	-0.388008
9150.000008	-137.767562	0.138606	-124.671320	-0.218498	-81.960256	0.122969	-126.800174	0.190780
9160.000008	-123.781167	-0.412811	-125.774203	0.372047	-88.160503	-0.124002	-127.825491	0.390592
9170.000008	-129.048571	0.392423	-123.910866	-0.138788	-89.437744	-0.166232	-125.571378	-0.243276
9180.000008	-129.311651	0.098075	-138.998991	0.283494	-84.583829	0.135330	-122.391156	-0.262820
9190.000008	-125.987720	-0.317154	-126.346692	-0.365812	-92.820054	-0.412576	-124.823883	0.255746
9200.000008	-123.668798	-0.301442	-132.029214	-0.094677	-89.136072	-0.155831	-132.396309	0.489957
9210.000008	-123.184581	-0.420006	-129.029373	-0.405187	-85.512803	0.280445	-127.468890	-0.476217
9220.000008	-124.621119	-0.095043	-123.512948	-0.428293	-88.975341	0.094631	-126.310918	-0.411295
9230.000008	-127.783982	-0.447878	-129.241901	-0.282645	-84.440913	-0.229704	-127.628189	0.260535
9240.000008	-126.046447	-0.229107	-120.379363	-0.441980	-95.695690	-0.045003	-118.925799	0.427920
9250.000008	-124.945265	-0.065665	-125.473684	-0.209031	-80.027058	-0.326100	-119.327490	-0.499302
9260.000008	-129.800414	0.006613	-121.949905	-0.022181	-93.933937	0.085233	-123.571718	-0.227940
9270.000008	-126.962536	-0.281574	-122.967566	0.281027	-80.540533	-0.051995	-122.531715	-0.158725
9280.000008	-124.042661	0.331463	-127.249464	-0.142502	-88.788284	-0.240607	-127.849104	-0.063714
9290.000008	-126.396822	-0.405013	-122.143304	0.323389	-93.087595	0.011885	-125.450733	0.195328
9300.000008	-127.656393	0.495585	-126.481995	0.135550	-98.687014	0.358407	-132.867100	0.329855
9310.000008	-132.203497	0.378399	-125.868003	-0.339685	-89.315882	-0.400435	-127.946739	-0.295078
9320.000008	-123.448750	-0.309708	-125.372422	-0.016313	-95.545592	0.130747	-122.377865	0.108066
9330.000008	-138.962817	-0.470554	-123.741601	0.272066	-83.825231	0.295314	-125.484661	0.394339
9340.000008	-122.417218	0.371465	-124.101536	0.275830	-84.907116	0.148891	-132.244105	-0.434595
9350.000008	-129.610358	-0.222827	-121.592892	-0.469905	-97.376498	-0.362469	-127.823616	-0.377397
9360.000008	-138.365078	-0.281918	-132.690421	-0.433888	-80.081443	-0.141815	-122.197557	-0.080985
9370.000008	-128.434692	-0.308274	-125.320065	0.368918	-84.205785	-0.462310	-124.270418	0.420867
9380.000008	-126.741486	0.338083	-130.286408	-0.444222	-89.565438	-0.201866	-127.165887	0.228007
9390.000008	-137.087173	-0.301048	-128.773904	0.314130	-86.896439	0.344785	-124.340277	0.490380
9400.000008	-126.441080	-0.365753	-128.422775	0.449628	-86.817828	-0.332155	-136.884434	0.481026
9410.000008	-120.893306	-0.451944	-129.471672	-0.311885	-84.448485	0.179558	-125.713925	-0.404068
9420.000008	-132.112499	0.336188	-128.184938	0.237384	-104.908579	-0.094001	-130.910368	-0.412718
9430.000008	-126.454068	-0.440535	-124.524336	0.483699	-86.437055	-0.216401	-123.996390	0.021894
9440.000008	-128.456108	0.152264	-125.120235	0.088749	-96.123879	-0.050005	-132.683957	0.372395
9450.000008	-121.260860	0.494816	-119.513199	-0.453185	-93.195201	-0.095759	-125.002770	-0.344236
9460.000008	-124.161672	-0.081881	-120.319111	0.089497	-89.470561	0.194912	-132.621761	0.047761
9470.000008	-123.197584	-0.142619	-121.582710	-0.241795	-100.525226	0.337126	-128.503592	0.319360
9480.000008	-139.775008	-0.428095	-124.954171	-0.410044	-83.609564	0.133830	-141.942200	0.138891
9490.000008	-120.675012	0.362092	-123.151527	-0.429712	-87.952122	-0.229751	-116.917726	0.422837
9500.000008	-124.775103	0.058735	-130.290043	0.123959	-92.412650	-0.215177	-126.738144	0.271900
9510.000008	-125.313793	0.377898	-121.488822	-0.241241	-82.410163	0.091119	-127.499508	-0.366959
9520.000008	-124.473676	-0.054746	-129.598027	-0.299150	-85.579808	0.276936	-122.584734	-0.265808
9530.000008	-125.163482	0.377086	-128.768181	0.173034	-96.282425	-0.240539	-128.281941	-0.104864
9540.000008	-126.146501	0.489496	-129.611085	0.031696	-87.521381	0.149855	-134.708404	0.225019
9550.000008	-124.730630	0.260834	-129.150789	0.209053	-82.703547	-0.223119	-121.560419	0.106803
9560.000008	-129.642422	-0.243110	-143.816105	0.483832	-90.189461	-0.337599	-127.355706	-0.162433
9570.000008	-129.658991	-0.371948	-133.493661	-0.023735	-91.736869	-0.161473	-130.086574	0.142452
9580.000008	-128.570503	-0.341028	-125.018623	-0.338203	-108.531140	-0.086497	-128.913987	-0.433274
9590.000008	-119.910773	-0.193553	-133.902755	0.417394	-102.110153	0.097636	-135.723808	-0.314311
9600.000009	-120.569843	0.247741	-124.007688	0.469549	-86.321170	-0.357212	-127.191183	-0.062969
9610.000009	-123.190956	0.087520	-117.354425	0.050998	-88.353370	0.271353	-128.587527	-0.393146
9620.000009	-120.939195	-0.447798	-130.491625	-0.313890	-88.642477	0.320089	-127.568587	0.073851
9630.000009	-125.292098	-0.474962	-132.496477	-0.273401	-95.904283	0.390744	-141.201074	0.451689
9640.000009	-129.519058	-0.037896	-129.217397	0.196927	-95.770347	-0.152988	-120.419018	-0.333920
9650.000009	-136.519251	-0.424911	-128.959777	-0.073208	-86.107424	-0.339672	-133.706257	0.151321
9660.000009	-151.203631	0.443717	-118.838377	0.078942	-82.618172	0.499190	-124.954814	-0.249892
9670.000009	-118.725824	0.272109	-121.313250	-0.349380	-80.018501	-0.406024	-132.184959	-0.372613
9680.000009	-125.500266	-0.402823	-125.180879	-0.373685	-83.518065	-0.094729	-119.772341	-0.420128
9690.000009	-124.503961	-0.077156	-143.138141	0.444824	-91.115301	0.102651	-135.792051	0.499665
9700.000009	-126.551329	0.465110	-134.440910	-0.069753	-89.631197	-0.228896	-130.869888	-0.403965
9710.000009	-120.592946	0.103201	-125.870109	0.487470	-92.565040	-0.384456	-125.173778	0.324422
9720.000009	-128.452418	0.216037	-122.061669	0.165627	-81.869194	0.200789	-163.009911	0.290952
9730.000009	-123.160532	0.119896	-124.729344	0.071247	-87.786165	-0.041455	-122.134307	0.230773
9740.000009	-127.963077	-0.396084	-127.715507	-0.202936	-83.234100	0.466657	-125.561082	0.210619
9750.000009	-124.700785	0.030053	-122.367105	0.004430	-86.056136	-0.180124	-128.655135	-0.087083
9760.000009	-124.548318	-0.332854	-122.872039	0.178581	-85.212472	0.135239	-122.049652	0.116263
9770.000009	-128.454024	0.436920	-123.425262	0.050045	-91.242525	0.394371	-126.736330	-0.166942
9780.000009	-126.564564	-0.298655	-122.915604	0.441547	-84.883215	0.280699	-123.594119	0.390237
9790.000009	-139.136713	-0.293931	-123.821504	0.166715	-112.284426	-0.123464	-124.178066	-0.405898
9800.000009	-125.378833	-0.365239	-124.694971	-0.188605	-85.281140	-0.492735	-126.932826	0.050613
9810.000009	-143.817985	-0.002914	-129.024201	-0.429418	-83.384453	-0.071580	-131.621700	-0.221872
9820.000009	-128.960324	0.496211	-118.780132	0.391397	-78.128399	0.258410	-120.198897	0.214279
9830.000009	-121.406268	0.167636	-125.054379	0.264553	-96.032560	-0.037769	-128.429669	0.316118
9840.000009	-134.061374	-0.181542	-130.324050	-0.364026	-87.460842	0.499927	-122.059279	0.246740
9850.000009	-122.243949	0.179189	-124.169940	0.110049	-87.209046	0.075394	-122.351419	-0.216545
9860.000009	-121.265951	0.453108	-137.599119	0.104309	-93.758693	-0.102367	-126.123161	-0.217131
9870.000009	-126.443120	0.157867	-126.045890	0.216034	-89.291808	0.067607	-127.411804	0.141852
9880.000009	-129.694610	0.014421	-125.322527	0.340694	-95.584007	-0.033395	-130.592163	-0.083982
9890.000009	-124.243975	-0.075323	-126.954607	-0.030841	-84.404606	-0.226095	-131.315196	0.347579
9900.000009	-131.057696	0.141893	-130.649858	0.048906	-84.704661	-0.344547	-120.794868	0.338299
9910.000009	-123.971440	-0.308186	-130.030171	-0.247638	-94.421432	-0.358202	-127.211020	0.061890
9920.000009	-122.454989	0.106159	-123.779832	0.074929	-97.558521	0.427045	-121.969992	-0.216322
9930.000009	-125.068216	0.293918	-132.461988	0.078836	-87.211571	0.441856	-121.593092	-0.251869
9940.000009	-129.526345	-0.144329	-120.470805	0.321295	-85.944989	0.078139	-122.624016	0.426967
9950.000009	-123.893293	0.291833	-134.174028	0.108644	-88.435785	0.154964	-119.479787	0.328141
9960.000009	-126.527064	0.256301	-131.758640	0.023231	-84.996791	-0.353071	-138.304624	-0.185139
9970.000009	-131.112657	-0.161094	-126.508615	-0.182292	-88.369688	-0.183783	-130.774598	-0.153350
9980.000009	-122.634789	-0.195937	-130.426009	0.390663	-83.898552	-0.091511	-124.747658	0.245591
9990.000009	-137.695830	-0.033432	-126.207494	0.348980	-85.067977	-0.203536	-134.716947	0.174216
10000.000009	-131.330654	0.461969	-124.040883	0.089621	-84.356339	-0.311429	-152.315686	-0.089960
