% f85.txt
% Date Sat, Jun 26, 2021 5:23 PM
% Sine seq
% Response spectrum
% Stim level (V pk) 0.500, 0 dB filter gain, 120.0 dB attenuation
% Stim RMS (V) 0.000
% Freq [Hz]	Ch0 Mag [dB]	Ch0 Phase [cyc]	Ch1 Mag [dB]	Ch1 Phase [cyc]	Ch2 Mag [dB]	Ch2 Phase [cyc]	Ch3 Mag [dB]	Ch3 Phase [cyc]
%%end
10.000000	-125.839592	-0.232819	-130.016420	-0.263264	-76.106645	-0.458428	-112.346092	-0.456375
20.000000	-121.007786	-0.248624	-119.402605	0.433626	-68.490001	0.199287	-115.769201	0.307562
30.000000	-120.877656	0.161481	-118.240043	-0.038400	-66.866684	-0.071782	-126.943742	-0.192977
40.000000	-121.325471	-0.047253	-120.702971	0.469623	-64.860246	-0.007858	-118.063312	-0.191623
50.000000	-122.791869	-0.400829	-116.316368	0.264322	-69.712946	0.193298	-120.013112	-0.028951
60.000000	-96.768921	-0.268592	-89.322287	0.028903	-61.725919	0.162142	-101.525679	0.470433
70.000000	-123.310608	-0.393612	-121.105850	-0.245646	-65.868841	0.069093	-121.850834	-0.241520
80.000000	-126.601143	-0.317109	-125.650979	-0.348887	-59.599249	-0.149199	-120.974912	-0.387126
90.000000	-132.268159	0.303051	-126.157511	-0.250941	-72.869207	0.368656	-116.467467	-0.048320
100.000000	-127.007736	0.453730	-122.281007	-0.497559	-64.808147	0.080222	-121.782525	-0.332706
110.000000	-143.147806	-0.088936	-125.773610	0.146737	-62.511843	0.280679	-116.876524	0.011416
120.000000	-125.514218	-0.078531	-131.627933	0.108986	-70.140979	0.257264	-141.206186	-0.449157
130.000000	-131.367837	-0.279328	-120.082243	0.128968	-60.024733	-0.359654	-122.592332	0.088847
140.000000	-118.457651	0.267890	-122.772890	0.242092	-61.504476	-0.456612	-120.769917	0.132731
150.000000	-138.937635	0.113153	-135.086248	-0.097862	-61.026256	-0.093135	-119.897249	-0.232611
160.000000	-118.429596	-0.439414	-125.662184	0.484471	-73.061724	-0.129654	-124.316137	-0.477484
170.000000	-129.587207	0.364738	-139.201666	-0.441757	-61.762229	-0.078205	-124.531867	-0.420552
180.000000	-106.701374	-0.383377	-94.285163	-0.410832	-61.127756	-0.254013	-95.400203	-0.034900
190.000000	-119.172076	-0.091251	-117.617502	-0.343097	-61.522704	-0.287115	-128.436713	0.020820
200.000000	-122.541590	0.239055	-119.455915	0.299412	-66.022897	-0.204215	-119.171868	-0.164690
210.000000	-128.560154	-0.340919	-125.067116	0.072246	-66.773593	-0.064618	-124.737500	-0.099163
220.000000	-150.917122	-0.000547	-116.145177	0.176346	-63.959237	-0.186636	-125.095883	0.084129
230.000000	-134.645739	0.250309	-140.136630	-0.236318	-62.952211	-0.457906	-119.672787	-0.334742
240.000000	-130.690924	-0.251541	-124.377389	0.334719	-62.580303	0.310627	-124.627493	-0.307392
250.000000	-124.105650	0.072647	-122.555532	0.116267	-60.837674	-0.321102	-121.328154	-0.088033
260.000000	-128.658583	-0.424124	-122.335944	-0.457425	-61.335464	-0.218643	-129.206380	0.349922
270.000000	-129.747965	-0.202910	-118.652044	0.243644	-56.526600	0.455404	-123.865193	0.271715
280.000000	-125.089828	-0.034790	-126.313703	-0.119836	-61.742694	0.383144	-128.732916	0.404870
290.000000	-126.079039	-0.279799	-136.624511	-0.353288	-62.860663	-0.069894	-127.354352	-0.220754
300.000000	-111.974449	-0.326254	-107.832359	0.187613	-59.844898	0.324378	-110.639350	0.434211
310.000000	-129.450970	0.446079	-123.141818	-0.271496	-59.557435	0.044839	-127.508608	0.040375
320.000000	-139.448952	-0.202329	-120.437828	-0.495861	-66.885696	0.161474	-127.130074	0.431139
330.000000	-124.238382	-0.172750	-134.331797	-0.254725	-67.115045	0.166819	-123.555978	0.416825
340.000000	-121.396456	0.440938	-124.956548	-0.054597	-65.731016	-0.092494	-124.261523	0.285911
350.000000	-122.727430	0.380180	-121.346073	0.253700	-61.100415	-0.137426	-133.491598	0.327129
360.000000	-125.123417	-0.151290	-128.907317	-0.407118	-64.233939	-0.222320	-119.558443	0.268155
370.000000	-122.518984	0.318549	-139.919320	0.282459	-66.820391	-0.368404	-126.518174	0.050495
380.000000	-122.986957	-0.121782	-126.246937	0.332437	-64.815898	-0.249305	-124.674426	0.358686
390.000000	-142.551018	-0.176814	-128.858493	0.006701	-55.902910	-0.324951	-131.937035	-0.483308
400.000000	-123.778230	-0.360729	-124.578520	-0.047194	-74.140037	0.326002	-118.074523	0.184250
410.000000	-132.459557	-0.121345	-131.620021	-0.205290	-67.530037	0.081129	-129.207567	0.211643
420.000000	-120.737983	0.273934	-115.531763	0.254074	-71.728098	0.315059	-135.770202	0.401831
430.000000	-133.681446	-0.054981	-125.815635	0.222844	-59.152929	0.028758	-126.630651	0.317487
440.000000	-129.980615	0.337796	-124.998193	-0.015007	-70.187018	-0.045746	-132.022228	-0.091737
450.000000	-125.741104	0.193437	-125.687207	0.186903	-64.653867	0.068519	-122.857091	-0.358262
460.000000	-122.881569	-0.103063	-128.214560	-0.075955	-90.452863	-0.262956	-122.090890	-0.318608
470.000000	-125.338968	-0.243639	-120.104058	-0.312796	-58.404083	0.282826	-132.667883	0.258456
480.000000	-117.829691	-0.247225	-121.251855	-0.213710	-70.577116	-0.140836	-137.976286	0.185145
490.000000	-128.114468	0.206935	-121.716065	-0.050049	-68.174604	-0.347127	-124.601557	0.435635
500.000000	-130.292837	0.344050	-123.033587	-0.167556	-56.684808	-0.233554	-119.579503	-0.182072
510.000000	-126.685935	0.365104	-124.595568	-0.017068	-66.195559	0.451666	-136.474855	-0.283118
520.000000	-121.552094	0.307304	-131.609796	-0.331210	-70.341952	0.012185	-134.510184	0.110129
530.000000	-131.803145	-0.210975	-120.710177	-0.308018	-66.781425	0.381935	-132.873849	-0.166595
540.000000	-122.947998	0.172436	-115.280946	0.274635	-63.418862	0.495065	-141.307019	-0.345445
550.000000	-128.403689	0.111227	-125.433654	-0.162033	-65.222471	-0.213814	-128.859213	0.370698
560.000000	-128.750950	0.139444	-122.668725	0.012393	-65.227319	0.357312	-122.241801	-0.006746
570.000001	-125.335526	0.004836	-131.620209	0.262504	-70.183931	0.439269	-133.167536	0.346054
580.000001	-126.514546	-0.299293	-123.919304	-0.105004	-80.203287	-0.403187	-142.912038	0.191619
590.000001	-122.655007	-0.128743	-122.739210	-0.115355	-70.735658	-0.487812	-126.063394	0.100597
600.000001	-132.496950	0.306281	-124.889998	-0.222260	-62.132103	-0.299646	-131.494994	0.460909
610.000001	-118.788747	0.085501	-136.408637	-0.448735	-58.634535	-0.061178	-126.711580	0.410058
620.000001	-123.206382	0.493657	-120.984200	0.444350	-64.907270	-0.294819	-130.529331	0.186372
630.000001	-126.016822	0.498062	-122.880609	0.298644	-76.454006	-0.450792	-124.419496	-0.468458
640.000001	-131.762749	0.460630	-120.177030	-0.268897	-69.359936	0.086954	-120.825729	0.005529
650.000001	-126.921954	-0.207029	-133.098994	-0.139146	-68.440334	-0.274798	-126.305730	-0.430834
660.000001	-143.246665	-0.217799	-116.984038	-0.359897	-62.877452	-0.378299	-120.973686	0.431699
670.000001	-117.610553	-0.163517	-127.481906	0.153199	-67.283739	-0.306222	-123.949021	0.048003
680.000001	-124.062543	-0.080396	-138.443522	-0.341664	-68.786144	-0.291483	-135.229397	0.444451
690.000001	-120.945118	-0.451158	-126.491887	-0.011261	-70.749317	0.234226	-126.280125	0.203163
700.000001	-138.044379	-0.439125	-124.492226	0.472541	-61.792898	0.162573	-125.640577	0.246084
710.000001	-126.420234	-0.133026	-134.204981	0.298988	-68.026064	-0.467968	-127.869690	0.050801
720.000001	-127.713780	-0.216171	-125.595384	0.034908	-71.356776	-0.325990	-134.105392	-0.033964
730.000001	-124.982118	-0.093672	-121.903545	0.492860	-69.187871	-0.146507	-126.768297	0.423340
740.000001	-128.917820	-0.352926	-125.394135	-0.453290	-71.885216	-0.067288	-137.746167	-0.176498
750.000001	-127.042646	0.333575	-138.402416	-0.419548	-72.472315	0.103850	-127.579964	0.133105
760.000001	-136.216022	0.274732	-123.242889	0.032493	-91.715164	-0.388980	-126.728874	0.324569
770.000001	-128.229825	0.246344	-127.592750	0.024526	-66.627891	-0.376926	-121.061059	-0.322759
780.000001	-121.183647	0.046248	-123.114750	0.313977	-69.268795	-0.373984	-126.149775	0.397981
790.000001	-119.259760	-0.284755	-127.643212	0.167876	-59.119616	0.339095	-133.172067	-0.300024
800.000001	-123.178690	0.296757	-124.708456	-0.134948	-67.020517	-0.451406	-135.330311	0.343327
810.000001	-126.753130	-0.179090	-121.326882	0.401379	-71.584810	-0.152023	-123.080143	0.043490
820.000001	-127.379146	0.127977	-119.841165	0.247569	-68.451895	0.016588	-121.185242	0.212950
830.000001	-124.832392	0.442036	-126.638028	0.349821	-72.793293	0.069646	-131.996342	-0.280090
840.000001	-121.069196	0.028755	-118.933111	0.001746	-63.365106	0.175130	-138.605693	-0.100396
850.000001	-143.121991	0.371457	-131.732372	-0.350256	-69.531848	-0.011601	-131.973990	0.301759
860.000001	-137.097163	0.256583	-130.071465	-0.223846	-66.512786	0.146076	-122.119618	-0.031164
870.000001	-133.374342	0.037725	-126.025450	0.158652	-80.101698	0.428022	-127.011482	0.014710
880.000001	-138.274058	0.287695	-124.497103	0.384572	-66.844907	0.234654	-124.995884	0.091583
890.000001	-130.752885	-0.365406	-124.633717	0.488864	-70.730176	-0.096167	-127.239323	-0.431463
900.000001	-117.673088	0.318144	-126.128984	0.027008	-68.566004	-0.422405	-127.367966	0.311596
910.000001	-124.581584	0.003783	-120.458930	-0.032491	-67.286736	-0.495742	-119.208280	0.400858
920.000001	-127.619100	-0.383255	-131.677014	0.143496	-72.538610	-0.065815	-123.956313	-0.476439
930.000001	-134.851956	-0.228172	-128.559142	-0.235056	-65.707949	-0.135419	-128.127878	0.026996
940.000001	-124.911113	-0.374568	-121.035807	0.467493	-70.526450	-0.207913	-133.463076	-0.104270
950.000001	-124.300228	-0.017455	-148.505595	-0.236122	-72.520003	-0.363594	-126.168711	-0.368390
960.000001	-124.001156	-0.326274	-134.222491	0.047914	-80.061151	0.219825	-108.451165	0.112558
970.000001	-147.502080	-0.161397	-119.047608	-0.052990	-66.811634	0.025604	-122.175850	-0.423064
980.000001	-121.415900	0.257229	-124.252521	-0.441969	-71.182310	0.220051	-129.837749	-0.248057
990.000001	-130.287963	-0.096451	-121.303302	0.328262	-69.876181	0.184315	-132.943488	0.305848
1000.000001	-130.728024	0.478367	-117.630187	0.097271	-66.967368	-0.042882	-118.924909	0.148346
1010.000001	-127.513280	0.262629	-120.441725	0.043278	-77.158387	-0.119466	-123.249476	-0.326375
1020.000001	-119.096124	-0.106695	-129.754363	0.405740	-70.361454	0.331565	-130.013583	-0.297644
1030.000001	-126.461718	0.251337	-126.316603	-0.100091	-70.939628	-0.469197	-128.037720	-0.220529
1040.000001	-121.757231	0.059432	-131.759999	0.405105	-68.914653	-0.455781	-124.749836	0.047079
1050.000001	-126.000346	-0.173812	-134.617642	-0.042020	-65.833784	-0.296766	-126.364582	-0.324014
1060.000001	-120.237044	0.057938	-124.882188	0.196352	-71.251912	0.443856	-127.979719	-0.014706
1070.000001	-126.921314	-0.399369	-120.250692	-0.221411	-83.980924	0.494247	-123.833148	0.381464
1080.000001	-119.642327	0.286491	-126.560240	-0.180065	-67.490689	-0.274946	-125.841639	0.195789
1090.000001	-128.107074	-0.318050	-125.814539	-0.050734	-69.551353	-0.403782	-132.604988	-0.115065
1100.000001	-129.557561	-0.087172	-123.525954	0.259552	-71.263532	0.487984	-127.553187	-0.311577
1110.000001	-128.188216	0.139712	-122.151091	0.065404	-66.623774	0.376410	-125.092765	-0.274858
1120.000001	-134.106682	-0.484086	-129.512650	0.043330	-72.005382	0.038644	-112.814151	-0.370192
1130.000001	-121.895242	-0.147371	-122.906394	0.148030	-65.408862	-0.409622	-133.152097	-0.078909
1140.000001	-127.613735	0.038856	-126.129312	-0.165193	-64.385454	-0.444443	-127.121096	-0.016320
1150.000001	-120.091892	0.039552	-124.579928	-0.059414	-68.632570	0.385040	-136.141595	-0.142276
1160.000001	-122.738487	-0.460728	-127.815924	-0.335391	-68.275994	-0.420500	-120.002616	-0.262267
1170.000001	-121.499906	0.477032	-130.867831	0.008163	-65.907829	-0.205387	-117.482365	0.473782
1180.000001	-123.992253	-0.245040	-138.473852	-0.445599	-89.210619	0.406193	-126.897237	0.244905
1190.000001	-128.245821	0.254184	-131.068310	0.388574	-75.995623	0.169309	-122.950344	0.380373
1200.000001	-128.391218	0.089160	-124.615586	0.321787	-67.730997	-0.177329	-119.713906	0.351452
1210.000001	-137.210126	0.012127	-120.707989	-0.272236	-69.839752	0.185105	-120.596094	0.017342
1220.000001	-122.985573	0.277236	-130.582387	-0.042373	-79.699289	-0.065984	-148.545168	0.442131
1230.000001	-133.944822	-0.002446	-117.131002	0.286495	-74.511199	0.496044	-130.249499	-0.043212
1240.000001	-124.435495	0.156714	-121.847658	-0.330573	-78.475087	0.437871	-138.138158	-0.276567
1250.000001	-137.169901	-0.474621	-136.243437	0.022547	-68.518308	-0.096853	-126.532718	-0.322494
1260.000001	-123.903883	-0.304436	-120.662146	-0.337668	-83.210687	0.205953	-126.292966	-0.213700
1270.000001	-124.851030	-0.136859	-125.240303	-0.242926	-73.680511	-0.332492	-130.364668	0.142197
1280.000001	-135.776717	-0.108143	-123.258453	-0.319910	-65.093955	-0.004314	-120.687104	-0.243522
1290.000001	-132.455664	0.187966	-119.113322	0.030448	-81.303111	-0.473581	-132.182114	0.328338
1300.000001	-124.781073	-0.045956	-113.364259	0.431737	-68.167899	-0.362884	-123.797262	-0.047735
1310.000001	-133.394227	-0.438294	-121.714069	0.231648	-85.348221	0.410199	-129.230610	0.463511
1320.000001	-121.581878	0.228459	-125.969061	-0.484874	-71.577911	-0.193140	-129.243570	0.193637
1330.000001	-135.547956	0.059505	-119.684148	-0.207423	-70.813168	0.364515	-124.484623	0.316219
1340.000001	-119.266014	0.399942	-117.742869	0.236542	-79.026997	-0.316744	-120.995962	0.159835
1350.000001	-124.200535	-0.429759	-125.677706	0.438362	-75.091765	-0.218480	-123.037455	0.263196
1360.000001	-121.562012	0.166759	-120.754064	-0.240508	-75.896857	0.132261	-132.058077	-0.081851
1370.000001	-130.394469	-0.072794	-130.259859	0.407470	-68.711448	0.325393	-125.438004	0.024129
1380.000001	-118.452360	-0.131706	-114.613870	-0.396264	-71.483464	0.047946	-124.940755	-0.434050
1390.000001	-126.712124	0.297695	-127.023214	-0.172246	-68.724586	0.305924	-126.814998	-0.138539
1400.000001	-126.239658	0.076039	-116.805943	-0.438315	-69.688207	-0.489189	-129.529226	-0.279595
1410.000001	-140.662607	-0.112771	-115.732733	0.206362	-73.876497	0.245257	-130.414777	-0.368482
1420.000001	-121.925256	-0.317789	-109.961580	0.426700	-71.780280	0.350487	-133.779985	0.072103
1430.000001	-129.720205	-0.497285	-121.378579	-0.328861	-71.320035	0.055502	-123.264162	0.365168
1440.000001	-125.374940	0.213872	-137.539521	-0.365089	-71.853497	0.016774	-118.281097	0.193209
1450.000001	-127.793344	0.476378	-119.282510	-0.243572	-68.085066	0.243590	-126.767163	0.355184
1460.000001	-119.765135	0.237813	-118.684719	0.333795	-68.402238	0.235991	-121.941905	-0.104743
1470.000001	-124.737829	0.074728	-114.638257	0.039345	-73.608991	-0.492452	-128.503791	-0.154695
1480.000001	-118.840840	-0.183396	-126.579863	-0.125087	-82.810754	0.466057	-125.946774	0.304201
1490.000001	-129.395299	-0.386541	-122.063742	-0.230221	-72.215064	-0.025618	-127.274898	0.428236
1500.000001	-131.896919	0.383589	-121.459385	-0.495017	-79.593137	0.373993	-129.655290	-0.113958
1510.000001	-131.380955	0.042434	-131.089164	0.444142	-82.745047	-0.038712	-124.404103	0.389724
1520.000001	-121.951612	0.199843	-130.064597	-0.399499	-79.386729	-0.005890	-133.431433	-0.468479
1530.000001	-118.891790	0.031881	-124.265013	-0.224819	-76.684336	-0.333421	-128.549586	0.434908
1540.000001	-129.674842	0.089499	-123.361874	-0.489184	-75.439006	0.022053	-123.087606	-0.294044
1550.000001	-138.115848	-0.160468	-121.774746	-0.075221	-76.068037	-0.087672	-122.999403	-0.248352
1560.000001	-124.346757	0.411950	-125.252922	-0.190738	-74.271689	-0.244927	-135.793033	0.092139
1570.000001	-118.165353	0.091470	-124.540784	0.236008	-69.073584	0.359376	-125.410968	0.290433
1580.000001	-127.088703	-0.126324	-124.384267	-0.270761	-76.310340	-0.439499	-123.904334	0.096161
1590.000001	-122.288653	0.357661	-122.004991	-0.373601	-66.191972	0.120785	-120.347601	0.325326
1600.000001	-117.872507	-0.314714	-123.495065	0.021602	-80.273745	0.367230	-125.754588	-0.286489
1610.000001	-123.469920	0.488053	-127.351630	0.370474	-72.896407	0.351273	-137.645160	-0.157440
1620.000001	-122.889498	-0.030031	-127.528780	-0.414267	-85.175926	-0.149960	-126.297236	-0.049836
1630.000001	-133.464102	-0.268913	-121.726994	0.112060	-83.788484	-0.061400	-124.857051	-0.431270
1640.000001	-149.790822	0.138616	-130.850043	-0.149964	-69.987966	-0.069555	-123.890525	0.235927
1650.000001	-124.772263	-0.467801	-126.893135	-0.241721	-69.390047	0.362393	-137.930838	0.059813
1660.000001	-134.557326	-0.296598	-119.043456	-0.317081	-81.425697	-0.228150	-132.952873	-0.065335
1670.000001	-132.487630	-0.207360	-124.295866	0.061713	-73.697855	-0.427407	-126.390772	0.306144
1680.000001	-128.630732	-0.271112	-121.910977	-0.060657	-76.553060	0.260585	-128.563317	0.415594
1690.000001	-124.347678	-0.145707	-135.385230	-0.230964	-79.666375	-0.282122	-132.451578	0.057927
1700.000002	-116.401247	-0.041332	-131.384352	-0.210489	-73.329359	0.172569	-124.915780	-0.279322
1710.000002	-122.234863	0.265379	-126.414208	0.497170	-68.799780	-0.463907	-121.313067	0.378519
1720.000002	-125.536734	0.024965	-124.174493	-0.113380	-71.525818	-0.460009	-129.292776	0.132907
1730.000002	-123.593385	0.277135	-118.781616	-0.238696	-75.125517	0.075549	-122.425317	-0.257001
1740.000002	-122.728512	-0.096416	-134.312283	0.411304	-67.244933	-0.176679	-128.602546	0.029299
1750.000002	-120.147793	0.466185	-120.355053	-0.392546	-80.610245	-0.136269	-128.296392	0.338392
1760.000002	-121.217416	-0.393083	-126.798880	0.459171	-72.747183	-0.193234	-125.058795	0.293508
1770.000002	-116.560072	0.408609	-122.447542	0.130516	-77.654940	-0.384279	-128.248460	0.330102
1780.000002	-125.267645	-0.016133	-141.040054	-0.292314	-79.596382	0.417319	-125.135080	-0.478354
1790.000002	-121.425654	0.387681	-140.426888	0.256963	-72.019815	0.397877	-123.546074	-0.173311
1800.000002	-133.443722	-0.270401	-123.289475	0.498985	-77.173443	0.368554	-120.887760	0.429440
1810.000002	-120.016534	0.417535	-130.213696	-0.356060	-80.825009	-0.205910	-125.482487	-0.482862
1820.000002	-132.312691	-0.196599	-140.544598	0.324064	-75.017612	-0.454928	-135.102407	0.310019
1830.000002	-130.670176	-0.306379	-131.376365	0.354857	-78.857870	-0.251260	-126.099141	0.026565
1840.000002	-139.240152	-0.432701	-130.699466	-0.100053	-68.307974	-0.265733	-127.092247	0.353827
1850.000002	-121.281668	-0.405873	-135.713190	0.411501	-74.002871	0.337590	-126.780664	0.178603
1860.000002	-123.725791	-0.494341	-123.703347	0.416670	-75.603525	-0.395098	-131.038751	0.355558
1870.000002	-135.312034	-0.398766	-129.608520	-0.270965	-75.595746	-0.223692	-123.940532	-0.197467
1880.000002	-120.819680	0.247450	-146.452456	0.338288	-70.010085	-0.419036	-131.418695	0.028671
1890.000002	-127.757803	0.304566	-122.943154	0.489275	-79.364028	0.197569	-120.558866	0.420887
1900.000002	-125.289375	0.148012	-134.159266	-0.448247	-78.530643	0.493296	-134.702313	0.243255
1910.000002	-124.233442	0.084498	-121.678661	0.054198	-73.636879	-0.385442	-120.898736	-0.138839
1920.000002	-139.608757	-0.287138	-125.363184	-0.222607	-72.927266	-0.169333	-126.749193	0.136677
1930.000002	-123.297779	-0.333182	-132.173754	-0.142703	-70.650888	0.360679	-143.896899	-0.263056
1940.000002	-147.158680	-0.297341	-128.513641	0.450910	-76.303583	-0.019200	-123.466144	0.408627
1950.000002	-134.626851	0.233421	-123.556928	0.129158	-88.632480	0.368336	-122.659959	-0.127213
1960.000002	-121.633001	-0.223810	-127.868589	0.243034	-67.672990	-0.328542	-138.470129	0.150802
1970.000002	-131.629122	-0.341131	-118.664532	-0.126429	-79.889638	0.271546	-121.417453	-0.045621
1980.000002	-134.640668	0.370837	-134.376196	-0.229412	-67.765196	0.442602	-121.953484	-0.493521
1990.000002	-122.593348	-0.293714	-123.286762	-0.273655	-74.904935	0.290098	-123.171758	-0.462070
2000.000002	-119.734064	0.422568	-120.888769	-0.363970	-73.396168	0.071592	-118.253192	0.314397
2010.000002	-124.270274	0.143391	-124.903239	-0.333580	-71.023302	-0.066981	-123.817875	-0.408664
2020.000002	-128.047272	-0.002412	-137.403454	0.315492	-69.685779	0.402407	-125.092235	0.326578
2030.000002	-134.570383	-0.123296	-133.671230	-0.248741	-75.942654	0.104441	-129.846374	0.482222
2040.000002	-121.183532	-0.325520	-136.348057	-0.132189	-72.212755	0.363143	-125.160404	-0.453647
2050.000002	-128.523040	-0.056608	-120.759081	-0.428296	-76.627251	0.184288	-126.864772	0.456497
2060.000002	-130.780238	0.435575	-127.324495	0.394855	-78.312013	0.458676	-129.237797	0.333779
2070.000002	-126.817049	-0.104758	-121.974575	0.429558	-83.943158	0.130023	-134.301938	-0.123411
2080.000002	-124.844440	-0.157963	-131.193579	0.134522	-70.640673	-0.276227	-110.005718	0.232294
2090.000002	-128.060724	0.495464	-124.109261	-0.462200	-71.406718	0.320799	-124.987091	-0.211787
2100.000002	-129.391240	-0.475745	-126.573706	-0.254895	-78.407671	-0.357649	-123.809753	-0.231238
2110.000002	-124.583577	0.152781	-129.242034	0.492187	-70.060587	0.157317	-136.076145	0.235577
2120.000002	-127.423763	-0.017970	-125.969956	0.276355	-75.902252	-0.162440	-127.703702	-0.498288
2130.000002	-126.731857	-0.410170	-121.048432	0.423341	-76.273744	0.197584	-140.061315	0.476593
2140.000002	-119.190143	-0.012887	-123.442986	0.448830	-77.408989	-0.104736	-124.433980	-0.292979
2150.000002	-123.462221	-0.018975	-126.788206	0.224802	-68.291969	0.394126	-126.162846	0.467214
2160.000002	-119.465829	-0.477545	-129.075716	0.472074	-74.294177	-0.068479	-125.220718	0.492836
2170.000002	-125.728119	0.244344	-127.440438	0.259237	-74.463381	-0.360806	-120.828635	0.236693
2180.000002	-134.561568	-0.341668	-125.898074	0.394246	-71.753934	-0.410348	-131.389379	-0.402911
2190.000002	-123.713326	0.207718	-125.245393	-0.050460	-73.565023	-0.447919	-120.525992	0.495258
2200.000002	-126.601484	-0.449159	-136.175170	0.196519	-73.458763	-0.418222	-124.607197	0.211848
2210.000002	-132.263547	0.440409	-119.872881	0.124750	-79.762377	-0.177049	-120.445417	0.392848
2220.000002	-131.489092	0.096009	-124.496711	0.485672	-71.799754	-0.473003	-124.384146	0.331943
2230.000002	-125.970113	0.278907	-125.516297	-0.407340	-80.269154	-0.387578	-129.406299	0.332725
2240.000002	-133.410693	-0.175724	-126.225016	0.459203	-71.551474	-0.250198	-120.883536	0.312209
2250.000002	-128.846070	0.450712	-130.682703	-0.084554	-81.566083	-0.338128	-121.906706	0.005670
2260.000002	-125.723109	-0.116707	-134.336141	-0.050093	-92.742774	-0.404549	-127.750341	0.085574
2270.000002	-128.229422	-0.272664	-122.705082	-0.124029	-72.377825	0.169171	-123.457568	0.312883
2280.000002	-124.008560	0.237512	-139.343474	-0.381204	-73.962396	-0.076851	-125.129395	0.033306
2290.000002	-128.589223	-0.394931	-130.508534	-0.352696	-84.335783	-0.037481	-131.875213	0.406591
2300.000002	-126.345574	-0.270112	-135.855381	0.491528	-87.630026	0.482284	-124.668197	0.153274
2310.000002	-132.683872	0.266056	-121.246538	-0.360870	-72.294955	0.368989	-125.023808	0.148472
2320.000002	-131.139540	0.090000	-128.496336	-0.364932	-76.404636	0.469910	-126.134691	0.023603
2330.000002	-120.121048	-0.234576	-134.391220	0.367040	-75.171067	-0.191048	-123.804402	0.353127
2340.000002	-127.421837	-0.410488	-128.844289	-0.491841	-79.692833	-0.228721	-132.008752	0.285053
2350.000002	-130.513939	-0.399160	-134.088267	-0.108197	-77.338857	-0.419709	-125.686961	0.022498
2360.000002	-127.173171	0.326270	-122.377813	0.040081	-73.283800	-0.230290	-121.824898	-0.307685
2370.000002	-124.154283	0.157882	-123.769769	-0.289298	-70.928465	-0.446137	-126.302736	0.271045
2380.000002	-125.483128	-0.322358	-153.445845	0.047269	-76.120100	-0.281954	-127.479949	-0.112348
2390.000002	-125.099589	-0.164009	-130.334872	-0.239276	-82.697083	0.161021	-120.758649	-0.256161
2400.000002	-127.625269	-0.060846	-119.220548	-0.207437	-78.194796	-0.453824	-124.617123	-0.371459
2410.000002	-131.708643	0.462614	-119.834633	-0.078062	-87.794749	-0.073003	-124.330363	0.182876
2420.000002	-128.352535	0.259181	-135.917597	-0.383160	-83.090385	-0.354165	-126.574099	0.159816
2430.000002	-128.387697	0.291421	-127.188551	0.072608	-84.719696	-0.398867	-121.242644	0.294671
2440.000002	-129.926814	0.119777	-119.448094	0.064977	-80.433870	-0.053769	-131.533025	0.071951
2450.000002	-131.644893	0.463969	-128.350607	-0.495580	-106.435132	-0.321136	-121.767643	-0.330361
2460.000002	-119.424588	-0.337649	-134.946745	0.227124	-78.121130	-0.280779	-128.932639	0.289390
2470.000002	-127.390825	0.363378	-123.391334	0.462221	-77.981617	0.474279	-121.397766	0.184656
2480.000002	-126.297627	-0.137431	-129.398583	-0.150947	-86.578210	0.216007	-126.018529	0.162074
2490.000002	-131.123222	-0.150182	-131.325575	-0.252929	-80.549427	-0.092399	-123.453713	-0.406119
2500.000002	-133.559018	0.014905	-125.074872	-0.052159	-91.223335	0.460670	-134.240261	0.280455
2510.000002	-129.015805	0.088934	-121.807984	-0.106173	-81.061186	-0.240909	-125.570337	0.084766
2520.000002	-123.213398	-0.307689	-131.569206	0.049499	-70.622653	-0.179297	-130.121167	-0.377446
2530.000002	-132.985595	0.090234	-136.524724	0.140963	-74.244921	-0.427506	-123.781449	0.439200
2540.000002	-130.882089	-0.025462	-128.116786	0.107789	-79.174459	0.051722	-130.960389	-0.142255
2550.000002	-121.428995	-0.393231	-128.292467	0.032545	-81.122882	0.455435	-129.635358	0.162912
2560.000002	-123.216238	-0.487897	-139.036505	0.476800	-94.902651	-0.331979	-133.264560	-0.391554
2570.000002	-132.384059	0.144093	-124.724160	-0.083829	-75.399008	0.275826	-126.370969	0.147753
2580.000002	-145.965613	-0.357861	-119.271911	0.124730	-81.385483	0.342519	-126.825126	0.152885
2590.000002	-122.601893	-0.479554	-118.599707	0.301476	-78.090748	0.481294	-138.428279	-0.205253
2600.000002	-125.056860	0.348068	-122.266925	-0.442031	-75.650676	0.380820	-125.564035	-0.378734
2610.000002	-124.044456	0.104177	-125.237955	-0.041183	-92.054925	-0.300593	-130.956414	0.201385
2620.000002	-131.317195	-0.176279	-123.400846	0.271334	-73.328258	0.281600	-130.757084	0.290686
2630.000002	-131.062014	-0.096378	-126.193902	0.104271	-76.912064	0.217729	-125.986068	-0.246727
2640.000002	-126.621750	0.428188	-130.043486	0.213923	-81.361538	-0.476506	-129.178248	0.316168
2650.000002	-130.282237	0.473528	-128.748932	0.425168	-79.353184	0.083423	-136.489560	0.036393
2660.000002	-122.492494	0.490462	-129.122175	-0.047919	-73.898759	0.302077	-127.141449	0.103091
2670.000002	-123.358053	-0.065484	-131.946471	-0.222016	-77.871978	0.310054	-127.833003	-0.174688
2680.000002	-139.669625	0.034629	-128.397482	0.382791	-70.846694	-0.192472	-135.270723	0.220514
2690.000002	-127.857210	-0.126698	-136.481893	-0.421322	-88.705350	-0.330179	-122.481906	-0.338323
2700.000002	-121.185933	0.380641	-135.691440	-0.047207	-85.513093	0.090692	-136.439708	0.367966
2710.000002	-128.772181	0.109692	-127.198826	-0.122612	-76.953805	0.166851	-130.417900	-0.240287
2720.000002	-125.883578	-0.032235	-128.337102	-0.196805	-80.974023	0.378361	-121.041030	-0.105499
2730.000002	-129.316821	-0.411268	-126.842432	-0.338024	-91.754060	-0.487359	-126.932475	-0.027186
2740.000002	-136.483773	-0.152718	-124.097264	0.496617	-79.524970	0.075055	-126.513898	0.339555
2750.000002	-128.697069	-0.400299	-126.219224	-0.102353	-82.014461	0.067483	-127.321196	-0.424473
2760.000002	-127.225239	-0.425609	-125.450552	0.237406	-75.594775	0.273366	-121.828196	0.095951
2770.000002	-125.227743	-0.482750	-120.387566	0.428934	-75.255946	0.461839	-119.703335	0.218206
2780.000002	-128.926294	-0.436720	-137.102577	0.255734	-74.720123	0.135208	-123.528650	-0.237991
2790.000002	-126.539136	0.001173	-126.821234	-0.130517	-83.187920	-0.015254	-124.251927	0.136784
2800.000002	-119.745200	-0.081005	-123.364090	0.042546	-75.322567	-0.197553	-135.458654	-0.038178
2810.000002	-128.390336	0.459812	-136.643182	0.338230	-87.053159	0.396868	-123.923414	-0.071649
2820.000002	-123.931177	-0.343431	-133.051563	0.311786	-75.946885	-0.003046	-136.480079	0.116882
2830.000003	-131.463489	0.405313	-118.836219	0.256177	-84.483940	0.222500	-122.794447	0.399433
2840.000003	-123.998388	-0.351172	-124.711304	-0.028433	-73.195483	-0.016834	-129.076092	0.183507
2850.000003	-125.137712	0.288394	-127.530992	0.143639	-90.419493	-0.491035	-137.190247	0.189908
2860.000003	-125.248119	-0.012716	-124.790283	0.058766	-78.291768	0.311976	-129.587718	0.029233
2870.000003	-124.377208	0.090787	-123.158729	-0.106708	-78.398795	0.450820	-130.356093	-0.207666
2880.000003	-128.615979	0.212658	-124.491922	-0.175604	-84.517819	0.368326	-123.870690	-0.248556
2890.000003	-124.297202	-0.134550	-119.841951	0.073876	-78.234527	0.498004	-122.768030	-0.447042
2900.000003	-127.988471	0.188861	-121.792151	0.096865	-85.636736	0.467330	-129.469275	-0.048185
2910.000003	-128.781128	-0.396132	-123.356358	-0.279738	-90.672025	0.344834	-132.904822	-0.252347
2920.000003	-119.940263	0.251646	-121.559835	0.399546	-77.382358	-0.172268	-128.635309	0.406007
2930.000003	-135.142731	-0.352268	-124.185152	-0.493731	-86.498403	0.394124	-127.610572	-0.198403
2940.000003	-126.466818	0.129062	-134.520805	0.056942	-78.498524	0.118564	-131.506925	-0.074144
2950.000003	-126.950761	-0.143479	-124.275980	-0.388858	-77.925403	0.233930	-132.510917	-0.421885
2960.000003	-124.125359	-0.239372	-139.868577	-0.413270	-82.766375	0.249453	-127.709526	0.430175
2970.000003	-119.128830	0.056759	-123.543319	0.404456	-88.224776	0.445224	-122.044691	0.148030
2980.000003	-128.859046	0.356503	-127.699625	0.329730	-77.712523	-0.401028	-140.284896	-0.047039
2990.000003	-130.818705	-0.246578	-122.505193	-0.339076	-83.375046	-0.060687	-131.452005	-0.115130
3000.000003	-131.424466	0.280054	-117.528945	0.368968	-76.879621	-0.243561	-136.874147	0.024188
3010.000003	-130.613504	-0.014370	-129.786927	0.340956	-82.872383	-0.097362	-122.340948	-0.473814
3020.000003	-127.306851	0.491538	-130.051078	0.385654	-75.518861	0.184946	-132.765301	0.476988
3030.000003	-122.103224	0.454205	-129.537414	0.467240	-78.785645	-0.245676	-120.065209	0.458699
3040.000003	-117.060105	0.399682	-119.193939	0.463179	1.489633	0.401580	-23.022955	-0.157883
3050.000003	-120.644781	0.241583	-119.177488	0.077449	-75.377535	0.462851	-120.623809	0.226312
3060.000003	-123.152648	0.147814	-128.825202	-0.211083	-78.299655	0.140960	-133.976927	0.457834
3070.000003	-125.899067	-0.028667	-141.445513	-0.479201	-77.081156	-0.251792	-129.166305	0.094059
3080.000003	-131.423370	-0.098649	-125.525312	-0.057197	-74.672774	0.236130	-126.386780	0.483191
3090.000003	-121.334174	0.010441	-133.772103	0.489920	-88.372826	0.323296	-131.336236	-0.063232
3100.000003	-125.472790	0.233166	-117.843698	-0.310325	-79.677810	-0.491440	-123.234958	-0.475269
3110.000003	-123.950320	0.494431	-128.095436	0.322912	-79.038062	0.104334	-128.890827	-0.182280
3120.000003	-120.206118	0.458263	-122.897530	0.360287	-86.549164	0.123973	-120.618859	-0.463719
3130.000003	-126.824396	0.010878	-134.737685	-0.238443	-82.410811	0.428000	-128.484359	0.027638
3140.000003	-125.668925	-0.255009	-130.318292	-0.155921	-79.529465	-0.488005	-126.562113	-0.234700
3150.000003	-126.102992	0.005676	-135.934789	0.294689	-83.444814	-0.179581	-127.849824	0.144425
3160.000003	-121.314336	0.146604	-119.332706	-0.010401	-74.836610	-0.292141	-127.286336	-0.434482
3170.000003	-131.567879	0.199544	-131.162625	0.326655	-74.869677	-0.377636	-120.935098	-0.457776
3180.000003	-123.965976	0.368768	-126.554877	0.033292	-80.107152	0.485853	-132.104474	-0.244617
3190.000003	-128.464188	0.288313	-134.684244	-0.011404	-87.005345	-0.484140	-136.725355	0.052007
3200.000003	-134.191970	0.277269	-126.966134	-0.446742	-74.395144	0.358428	-118.150440	-0.156074
3210.000003	-132.631062	-0.494293	-120.668799	0.071116	-95.082517	0.100524	-142.824653	0.296356
3220.000003	-133.218454	-0.380827	-124.057408	0.124469	-77.704253	0.295071	-133.647441	-0.305379
3230.000003	-132.796219	0.225505	-127.758433	-0.400250	-74.161594	0.191859	-126.965914	0.320176
3240.000003	-123.903333	0.321611	-131.401412	-0.192212	-80.211937	0.325352	-126.056695	-0.484150
3250.000003	-122.457684	0.191962	-127.481521	0.128334	-74.786107	-0.315764	-125.291535	0.242155
3260.000003	-131.296450	-0.005813	-126.135544	0.338677	-79.325099	-0.495926	-123.956326	0.211439
3270.000003	-127.008359	0.484561	-129.720041	0.173303	-77.026066	0.272307	-134.700837	-0.418483
3280.000003	-128.758102	-0.096195	-122.037999	0.446691	-77.918555	-0.149273	-133.508338	0.255784
3290.000003	-121.685336	0.049149	-124.320825	0.101664	-80.103549	0.382169	-117.414821	0.249447
3300.000003	-133.666534	0.040916	-133.688100	0.362767	-77.923041	-0.332860	-128.929553	-0.453981
3310.000003	-133.548154	-0.434212	-129.738852	0.185535	-81.354524	-0.483950	-123.416222	0.082794
3320.000003	-125.854146	-0.010190	-121.408929	-0.415328	-80.923690	0.072836	-127.640868	0.153372
3330.000003	-122.242022	-0.169013	-132.929608	0.246784	-78.459534	0.078557	-122.687994	-0.240107
3340.000003	-125.385311	-0.310629	-121.830785	-0.186584	-73.709655	0.103703	-126.323877	-0.095305
3350.000003	-130.228755	-0.457881	-130.643882	0.085872	-72.707682	0.080874	-127.571077	0.086515
3360.000003	-123.240661	0.361874	-126.845375	-0.303468	-82.968211	-0.263393	-122.874467	0.497269
3370.000003	-128.056809	0.401853	-124.996487	0.094038	-81.551610	0.111200	-132.119928	0.030131
3380.000003	-125.429140	-0.125394	-124.204505	0.466569	-75.834460	0.046008	-122.093988	-0.363761
3390.000003	-121.722729	0.074154	-124.936337	0.457130	-79.228790	-0.104422	-131.861009	0.361813
3400.000003	-122.414245	-0.298964	-124.209813	-0.483485	-81.162975	0.242426	-121.885180	-0.417260
3410.000003	-133.636436	0.011115	-131.343576	-0.113116	-80.640551	-0.088394	-126.942244	-0.010792
3420.000003	-130.033909	0.184556	-121.599889	0.239182	-78.486509	-0.194026	-124.173419	-0.457674
3430.000003	-123.671130	0.369677	-125.117641	0.198757	-81.316073	0.240031	-138.672124	-0.104895
3440.000003	-133.979102	-0.297213	-132.632323	0.260840	-75.413457	-0.187616	-125.729850	0.148536
3450.000003	-119.279156	0.144288	-140.627423	-0.019536	-75.818411	-0.352467	-126.955117	-0.039232
3460.000003	-126.512499	0.399267	-126.709532	0.330295	-80.204268	-0.302422	-127.579065	0.365764
3470.000003	-124.917652	0.261822	-130.230978	-0.239943	-77.807386	-0.343028	-120.765336	-0.264918
3480.000003	-132.454788	0.379468	-142.046859	-0.066020	-76.221976	0.071053	-121.200270	0.054325
3490.000003	-125.976604	0.396692	-129.015680	0.170402	-75.370464	0.269090	-132.002652	-0.298501
3500.000003	-128.835198	-0.498845	-132.818398	-0.030161	-77.292460	-0.348255	-126.307196	0.204483
3510.000003	-128.427359	0.281110	-124.716783	0.416511	-85.867577	-0.490581	-120.568029	-0.242145
3520.000003	-133.272323	-0.147348	-146.418732	0.496717	-77.824389	-0.339693	-123.474205	0.432638
3530.000003	-134.868536	-0.401610	-128.104396	-0.421377	-76.739049	-0.172337	-129.864867	0.096513
3540.000003	-140.177853	-0.146941	-122.193748	-0.271267	-83.069086	-0.198074	-137.991102	0.405114
3550.000003	-123.342184	-0.302210	-126.235162	-0.190592	-79.711347	-0.193931	-128.829596	-0.173979
3560.000003	-129.704726	-0.312229	-147.276666	0.053037	-82.285820	-0.197155	-134.785600	0.457956
3570.000003	-122.269629	-0.461181	-124.738777	-0.333164	-80.885784	0.450186	-132.369498	-0.310246
3580.000003	-129.562357	0.059323	-127.297739	0.469943	-79.248409	0.114200	-120.080737	0.003049
3590.000003	-128.875530	-0.495645	-126.991112	-0.186449	-80.748562	-0.453527	-125.819942	0.042024
3600.000003	-122.834354	-0.330956	-120.763555	-0.333124	-89.529967	0.294695	-123.065587	-0.481878
3610.000003	-125.877729	-0.455219	-127.131177	-0.073231	-77.753676	-0.014687	-137.236301	-0.479822
3620.000003	-129.198177	0.092285	-128.462895	0.162662	-83.919377	0.122026	-132.418473	0.381712
3630.000003	-141.324185	0.072451	-133.173209	0.463978	-77.729609	-0.370867	-129.327445	-0.498421
3640.000003	-127.860079	-0.350029	-131.452444	0.064907	-86.614352	0.074747	-120.468931	0.251411
3650.000003	-119.374811	-0.477346	-125.682608	0.392887	-74.396910	0.105634	-122.246906	-0.410171
3660.000003	-119.325809	-0.469089	-124.173816	-0.227633	-84.592677	0.395826	-123.902961	0.251866
3670.000003	-132.444983	0.110825	-130.355937	-0.083303	-75.278530	-0.443021	-129.529130	0.049789
3680.000003	-125.294588	-0.076885	-128.541872	-0.253329	-73.689284	0.024066	-124.616270	0.323804
3690.000003	-123.094474	0.084530	-118.030555	0.035492	-80.019105	-0.401976	-123.185091	0.156366
3700.000003	-127.768864	0.134544	-133.746297	0.198200	-84.121886	0.183940	-120.051585	0.166501
3710.000003	-120.787359	0.014392	-124.399847	-0.048561	-76.805896	0.382422	-124.213335	-0.350585
3720.000003	-128.703190	-0.288730	-130.791052	-0.242541	-74.559953	-0.259659	-121.272648	-0.257425
3730.000003	-146.316796	0.150970	-132.887076	-0.422096	-76.355704	0.078402	-123.055174	0.303291
3740.000003	-130.883238	0.262598	-129.820025	0.213480	-81.087882	-0.409182	-124.896852	0.139254
3750.000003	-130.482225	0.028781	-123.182669	-0.031546	-85.220955	0.035388	-130.139057	0.252458
3760.000003	-123.251773	-0.414516	-121.847323	-0.208109	-84.840366	0.362710	-135.579045	-0.472153
3770.000003	-134.008599	-0.230260	-123.980862	-0.109910	-90.725329	-0.463632	-123.483113	-0.045961
3780.000003	-135.586936	-0.316044	-147.238604	-0.287201	-75.415346	-0.301610	-128.874450	0.084598
3790.000003	-118.086432	-0.265455	-121.798621	-0.019661	-78.195130	0.383674	-123.915297	0.418633
3800.000003	-120.463069	-0.171044	-119.805123	-0.041450	-79.450249	0.144178	-120.816395	-0.298654
3810.000003	-123.390403	-0.487298	-131.725079	-0.110915	-79.271797	0.339362	-121.526360	-0.210527
3820.000003	-118.828827	0.154378	-141.267203	-0.378837	-76.866970	-0.216130	-127.209162	0.015253
3830.000003	-128.982192	-0.034127	-131.884033	0.221194	-76.966479	-0.167094	-130.573605	0.339313
3840.000003	-130.310048	-0.268627	-124.432825	-0.124444	-75.221228	0.057113	-124.486339	0.255634
3850.000003	-129.254914	-0.049399	-129.327299	-0.076122	-77.173865	-0.475150	-123.689180	-0.185460
3860.000003	-135.196349	-0.415171	-139.420320	0.219625	-78.905215	-0.165987	-133.347135	-0.360465
3870.000003	-121.717231	-0.488619	-131.306949	-0.251273	-88.071874	0.466492	-120.912687	-0.424544
3880.000003	-125.775769	0.231292	-123.278566	0.438512	-80.184797	-0.414092	-119.605940	0.460159
3890.000003	-119.738123	0.258342	-126.790449	0.189312	-73.815648	-0.124754	-132.715851	0.095578
3900.000003	-127.646931	-0.047530	-125.640930	0.148023	-76.626357	0.471139	-147.517788	0.168113
3910.000003	-131.083663	-0.467692	-125.047528	-0.468436	-83.306781	0.271138	-125.179425	0.212841
3920.000003	-120.940039	0.030714	-121.274559	-0.292997	-91.593157	-0.191226	-125.818652	-0.039401
3930.000003	-121.826130	-0.443297	-129.568612	-0.435736	-79.023482	0.012731	-134.618298	-0.247834
3940.000003	-123.560597	0.187494	-123.833355	-0.412520	-77.367727	-0.133890	-130.572124	0.248342
3950.000003	-124.441666	0.305002	-122.301665	0.261732	-78.168282	-0.032745	-144.120487	-0.237607
3960.000004	-133.336041	-0.102214	-128.071633	0.470853	-78.731835	-0.269010	-122.756440	-0.032768
3970.000004	-132.242954	0.144921	-134.164268	-0.074544	-78.431593	-0.198102	-126.792094	-0.481596
3980.000004	-130.498348	0.426486	-125.691837	-0.196929	-78.593475	-0.355954	-124.107161	0.438255
3990.000004	-129.254062	-0.276004	-131.347609	-0.373207	-81.250016	-0.006398	-121.965318	-0.423965
4000.000004	-122.620628	0.437300	-126.648744	-0.477053	-79.023856	-0.088164	-102.589409	0.442686
4010.000004	-126.222086	-0.479016	-121.842593	-0.438863	-76.090299	-0.220416	-131.881359	0.106239
4020.000004	-135.820551	0.282858	-124.474451	-0.463694	-87.510568	-0.448210	-122.133377	0.289450
4030.000004	-139.372070	0.127314	-126.100518	-0.443310	-85.489770	0.325975	-133.725043	-0.165101
4040.000004	-129.015184	0.023312	-131.553792	0.196877	-79.809202	-0.071460	-139.489806	0.227921
4050.000004	-130.375300	-0.371697	-125.827132	-0.298825	-70.895052	0.248977	-129.496205	-0.366871
4060.000004	-137.103342	-0.219371	-128.476211	-0.499533	-79.310338	0.231850	-119.745385	0.211225
4070.000004	-131.389296	-0.121826	-128.960345	-0.096248	-84.530994	-0.008606	-126.429404	0.480637
4080.000004	-126.812557	0.483249	-123.253875	0.315791	-78.450718	-0.286483	-123.921470	-0.110051
4090.000004	-133.473313	0.169930	-129.743530	0.092554	-80.185101	0.354995	-138.646339	0.202480
4100.000004	-140.033012	-0.498915	-124.819077	-0.022656	-79.715506	0.363971	-132.513490	0.004931
4110.000004	-133.923726	0.051217	-120.236031	-0.069605	-82.342626	-0.327203	-136.094523	0.095520
4120.000004	-139.078306	-0.239456	-128.870672	0.476838	-76.110233	0.427414	-130.572160	0.468385
4130.000004	-126.433528	-0.071339	-122.865796	0.323966	-93.045227	0.485045	-129.117817	-0.373099
4140.000004	-121.471709	-0.012335	-133.318706	-0.245148	-76.203479	-0.306329	-126.467002	0.253001
4150.000004	-126.589106	-0.198719	-131.993232	-0.205477	-76.849217	0.051732	-125.229180	0.487034
4160.000004	-125.890841	0.116025	-129.227057	-0.447258	-80.554504	-0.228165	-119.903945	-0.042125
4170.000004	-124.901025	0.453603	-131.226587	0.170428	-76.609162	-0.376119	-125.414650	-0.165610
4180.000004	-128.666181	0.391697	-137.608107	0.187769	-86.211007	-0.265378	-126.752362	-0.018736
4190.000004	-121.927111	0.430025	-126.442947	-0.126342	-79.823369	-0.478389	-124.948878	-0.413763
4200.000004	-123.366961	-0.114488	-127.447503	-0.307401	-83.642737	-0.430203	-124.121788	0.274156
4210.000004	-130.145304	0.420425	-129.110408	0.283653	-95.071520	0.323240	-120.523300	0.331190
4220.000004	-132.778030	0.293177	-152.715886	0.017602	-92.474593	-0.395577	-129.769396	0.481630
4230.000004	-127.817651	0.136289	-133.467391	-0.202687	-80.936054	0.154730	-132.572797	-0.098810
4240.000004	-120.289370	-0.020057	-120.447048	0.356889	-86.773135	-0.426427	-121.936110	-0.465426
4250.000004	-137.570584	-0.261448	-122.030049	0.495104	-91.158374	-0.271407	-132.808220	0.471403
4260.000004	-128.206957	-0.202174	-132.804461	0.458498	-84.128310	-0.437157	-129.143162	0.069897
4270.000004	-116.784400	-0.128202	-122.907844	-0.144373	-75.247854	0.268970	-131.669558	-0.436389
4280.000004	-121.995230	0.215044	-123.886610	0.173337	-81.995728	-0.358059	-120.373694	0.178044
4290.000004	-123.520822	-0.230914	-125.023844	0.108598	-84.649511	0.430031	-130.202268	0.227851
4300.000004	-122.560898	0.218915	-133.218707	0.160070	-80.816241	0.384814	-124.522460	-0.141306
4310.000004	-120.436815	0.057636	-134.005144	0.167954	-78.727562	0.433826	-124.161811	0.476253
4320.000004	-125.630234	-0.274473	-122.757872	-0.042472	-83.442366	-0.483112	-120.477746	0.042276
4330.000004	-124.192805	0.257969	-121.879725	0.449789	-87.137449	-0.416000	-130.831827	0.390673
4340.000004	-121.911126	-0.110355	-125.384174	0.292615	-77.307120	-0.219163	-118.086579	0.019415
4350.000004	-130.045669	-0.078810	-125.454624	-0.238576	-96.047425	0.241808	-125.474944	0.085555
4360.000004	-123.279999	-0.086997	-127.475683	0.079863	-77.967839	0.330989	-122.729040	-0.157412
4370.000004	-138.842899	0.469381	-124.246448	0.394418	-80.574531	-0.163206	-125.767043	-0.347054
4380.000004	-138.942212	0.388815	-130.430061	-0.023181	-85.760479	0.031108	-125.615841	-0.377874
4390.000004	-127.057375	-0.168052	-126.978047	0.039522	-89.254117	-0.265778	-127.516631	0.390801
4400.000004	-121.489571	0.057688	-126.111741	-0.112361	-84.678089	-0.259440	-134.232642	-0.424314
4410.000004	-124.397928	0.334949	-128.229282	-0.251936	-79.419358	0.429355	-124.021171	0.357007
4420.000004	-132.301874	-0.363163	-122.000238	0.112508	-85.240156	-0.275798	-126.084375	-0.403414
4430.000004	-133.119812	0.305938	-120.231001	0.357950	-76.186861	0.119021	-126.102764	0.088236
4440.000004	-134.137683	0.402891	-132.412143	0.416917	-73.233110	-0.356147	-127.143938	-0.373102
4450.000004	-136.395326	-0.002889	-126.550453	-0.491583	-77.965018	-0.144975	-126.907045	0.112344
4460.000004	-125.523253	-0.120612	-129.245241	-0.240350	-74.907718	0.229980	-127.762953	0.255821
4470.000004	-125.300481	-0.460383	-127.622074	-0.279090	-76.514348	-0.139489	-120.943899	-0.392214
4480.000004	-138.041932	0.258948	-127.487468	0.495409	-76.177433	0.426125	-124.823790	0.456255
4490.000004	-125.627267	0.431214	-129.471813	0.052059	-75.035545	-0.005515	-121.855381	-0.415139
4500.000004	-132.272550	0.297487	-128.649555	0.327836	-88.164493	0.338692	-124.869112	-0.051593
4510.000004	-123.968803	-0.218339	-122.931596	-0.085875	-85.511159	0.008559	-118.024344	0.068411
4520.000004	-130.516401	-0.372306	-132.820084	-0.104978	-84.852303	-0.431609	-123.784415	-0.266016
4530.000004	-118.619717	-0.262248	-126.268754	-0.163748	-78.818917	-0.403964	-125.539045	-0.051841
4540.000004	-123.217402	0.161875	-122.451731	0.224683	-96.535968	-0.349401	-140.830502	-0.361731
4550.000004	-125.311726	0.177091	-123.395541	0.245732	-81.179622	-0.064264	-126.129928	0.127748
4560.000004	-119.792889	-0.276912	-120.674459	0.244644	-84.073108	-0.110557	-123.108077	0.063615
4570.000004	-143.931606	0.242045	-128.749398	-0.163950	-84.002640	0.038892	-135.206772	-0.168742
4580.000004	-126.495238	-0.097880	-122.612609	0.485524	-78.221578	0.238260	-124.969239	-0.068637
4590.000004	-122.057962	-0.334623	-124.574711	0.112825	-79.215902	-0.065957	-123.554160	-0.045374
4600.000004	-129.558108	-0.232618	-121.933474	-0.201608	-79.030052	0.455157	-119.895428	0.040483
4610.000004	-141.758951	-0.279395	-125.961765	-0.256922	-75.503717	0.280948	-120.934293	-0.475612
4620.000004	-124.286470	0.363884	-132.892478	0.249309	-87.218149	-0.024854	-121.320007	-0.189528
4630.000004	-125.224916	0.141710	-124.288735	0.444566	-84.412390	-0.035313	-122.354037	0.495891
4640.000004	-127.034604	-0.069951	-125.057489	-0.038577	-84.118105	0.208645	-125.089666	-0.139247
4650.000004	-129.013409	0.201531	-122.042137	0.383548	-85.780066	0.381032	-122.156934	-0.356795
4660.000004	-122.615040	-0.162790	-121.817330	-0.223599	-82.680066	0.457395	-127.513152	-0.166908
4670.000004	-131.157445	-0.336803	-121.539467	0.448904	-82.692540	0.331659	-127.012956	-0.276085
4680.000004	-123.522536	-0.234355	-125.875692	0.228643	-81.628966	0.293486	-129.540981	-0.114580
4690.000004	-122.971861	-0.320036	-126.336959	-0.399066	-82.168363	0.235765	-128.868905	0.372606
4700.000004	-129.129366	0.023767	-128.996555	-0.408590	-85.704167	-0.284579	-135.452080	-0.085415
4710.000004	-129.468125	-0.039243	-125.301571	-0.079865	-93.267200	0.127575	-128.862865	-0.246034
4720.000004	-121.165623	-0.432208	-127.249630	0.383391	-83.802672	-0.353724	-122.843433	-0.356783
4730.000004	-127.111350	-0.042607	-135.037150	-0.175999	-76.858018	0.372796	-125.645718	0.106085
4740.000004	-121.452767	0.156603	-117.872715	0.180437	-79.288886	0.261368	-126.047732	0.231555
4750.000004	-133.205573	0.339533	-126.521538	0.410849	-95.507456	-0.175329	-126.891903	0.285696
4760.000004	-123.728034	0.005691	-120.598134	-0.008670	-82.952122	0.393847	-136.530239	-0.189117
4770.000004	-122.710147	0.125362	-120.745114	0.462070	-87.313230	0.348203	-119.421335	0.314638
4780.000004	-122.241181	-0.186899	-126.051191	-0.167231	-76.625401	0.177700	-130.149447	0.009884
4790.000004	-125.825529	-0.400400	-125.811076	0.231799	-77.493951	0.159304	-120.462465	0.291404
4800.000004	-130.361651	-0.310399	-121.233855	0.174351	-84.177462	0.331413	-125.347752	-0.174022
4810.000004	-125.377858	0.054085	-133.897667	0.254364	-82.665501	0.400918	-126.106080	-0.202648
4820.000004	-126.546746	-0.334893	-122.192881	-0.189509	-93.611068	-0.092247	-122.067761	0.351891
4830.000004	-128.229394	-0.344261	-123.497798	0.165934	-79.260949	0.402790	-124.017435	-0.342109
4840.000004	-125.830552	-0.325080	-128.270382	-0.113002	-87.914798	0.462883	-130.309433	-0.280632
4850.000004	-129.701485	0.042506	-135.538726	-0.161242	-84.207680	-0.207878	-120.215504	-0.167002
4860.000004	-124.580550	-0.158573	-120.091564	0.210406	-76.122152	0.080825	-123.231449	-0.095855
4870.000004	-122.070782	-0.496160	-129.186717	0.160596	-82.731545	0.272769	-123.458563	-0.192851
4880.000004	-125.119229	-0.213624	-118.999775	0.115158	-81.011261	0.010779	-118.411107	-0.295722
4890.000004	-138.353419	-0.295899	-119.699380	0.200714	-78.598032	-0.098241	-134.990423	0.277695
4900.000004	-140.512119	-0.314065	-123.108118	0.416728	-80.772987	0.024375	-129.304337	-0.454096
4910.000004	-134.984817	-0.069817	-147.045644	0.368454	-81.358254	0.370220	-125.307789	-0.094435
4920.000004	-129.028085	-0.494331	-130.839754	-0.108613	-75.253474	0.390668	-127.515648	-0.438219
4930.000004	-122.246524	0.418541	-127.759314	-0.438733	-80.367666	0.123697	-128.111460	-0.021766
4940.000004	-122.006134	-0.045547	-145.939553	-0.060976	-83.399000	-0.207643	-133.725274	0.105363
4950.000004	-117.048302	0.012035	-130.401990	0.273590	-83.450682	-0.136658	-131.166335	-0.071089
4960.000004	-122.956437	-0.119510	-122.970050	0.433198	-85.823511	-0.222450	-107.959813	-0.436132
4970.000004	-135.849589	0.388626	-124.392360	-0.178255	-81.213324	-0.075759	-129.982401	0.052381
4980.000004	-126.210964	-0.205793	-126.921307	-0.024076	-77.968580	0.474014	-123.667070	-0.256552
4990.000004	-133.178094	-0.115014	-120.493901	0.118363	-90.645244	0.444526	-132.071190	0.171116
5000.000004	-119.883895	0.204157	-123.588499	-0.086098	-81.066823	0.018801	-124.943695	-0.076611
5010.000004	-127.953082	-0.153101	-129.025074	-0.017209	-87.051291	-0.034639	-126.194668	-0.369177
5020.000004	-120.999421	-0.267022	-130.265430	-0.283564	-81.783981	-0.271319	-128.777478	-0.055583
5030.000004	-126.195527	-0.321997	-123.526287	0.176597	-84.851283	-0.466963	-130.390394	-0.123063
5040.000004	-119.449163	0.161841	-125.596357	-0.349103	-82.723239	-0.274817	-125.587506	0.057418
5050.000004	-118.968037	-0.002164	-132.297409	0.222467	-84.625627	0.046741	-132.763968	0.155912
5060.000004	-122.457988	-0.155585	-133.144970	-0.221424	-80.262852	0.271716	-121.380083	-0.447433
5070.000004	-129.372673	0.370200	-130.212597	-0.417993	-79.925782	0.116098	-127.349193	0.187606
5080.000005	-127.258378	0.449052	-125.683013	0.355438	-76.875972	0.056417	-122.771125	0.248584
5090.000005	-123.509788	-0.193874	-145.771018	-0.349130	-78.740991	-0.392924	-126.177246	-0.097669
5100.000005	-122.465941	0.234362	-121.975773	0.109342	-81.586782	0.111217	-122.909806	0.374932
5110.000005	-122.845543	0.468078	-123.647746	0.023703	-83.511101	0.373238	-131.724173	-0.361268
5120.000005	-126.917791	-0.218937	-129.108556	0.008747	-89.048273	0.312340	-120.464582	0.068149
5130.000005	-133.160169	0.441287	-125.444812	-0.035459	-85.747431	-0.361782	-120.547396	-0.474992
5140.000005	-124.948455	0.406782	-127.286902	-0.056357	-80.877497	-0.283282	-122.370513	0.151263
5150.000005	-121.091252	-0.115868	-129.072119	-0.134965	-78.042081	-0.331322	-120.556290	0.129483
5160.000005	-135.580753	0.104077	-126.444713	0.386015	-82.426946	0.153372	-123.127555	0.312892
5170.000005	-118.457231	-0.319143	-126.725572	-0.104831	-78.867258	0.252396	-135.411091	-0.259242
5180.000005	-124.687261	-0.215445	-121.783433	-0.067469	-84.400498	-0.307649	-138.455565	-0.181455
5190.000005	-122.979523	-0.387986	-124.134682	-0.383541	-81.024846	0.101703	-127.759911	-0.134847
5200.000005	-126.414155	-0.081181	-134.291563	-0.250499	-81.432230	-0.030497	-122.814864	-0.351345
5210.000005	-140.123692	0.494886	-124.362518	-0.447261	-87.922466	0.242859	-132.961708	-0.184025
5220.000005	-130.409972	0.030302	-129.277583	0.187813	-88.801690	0.080354	-128.751221	0.296864
5230.000005	-125.420205	0.417447	-129.274726	0.445391	-81.160973	0.136001	-121.314727	0.428432
5240.000005	-122.759861	0.474070	-132.581359	0.271996	-94.321951	-0.183305	-126.909969	0.432748
5250.000005	-128.704694	0.068723	-123.375991	-0.011678	-82.387157	-0.318117	-127.996578	-0.260537
5260.000005	-124.172734	0.241055	-119.334852	0.006111	-84.045387	0.202793	-127.424738	0.169011
5270.000005	-120.600469	-0.289079	-130.172177	-0.227369	-82.406635	-0.250646	-123.689112	-0.238190
5280.000005	-122.442425	-0.185756	-122.973338	-0.245819	-90.928661	0.472656	-136.730436	0.108163
5290.000005	-128.878910	-0.382428	-124.491920	-0.400142	-81.549256	-0.027270	-134.763438	-0.094093
5300.000005	-125.497341	-0.008685	-135.964398	-0.303307	-73.538708	0.477723	-127.704684	-0.114878
5310.000005	-119.988405	-0.477343	-130.193210	-0.285951	-84.114178	0.073839	-120.906231	-0.350152
5320.000005	-126.258923	-0.010400	-127.113943	-0.433579	-88.457550	-0.247422	-122.148457	0.351585
5330.000005	-121.867382	0.183450	-124.395343	0.012472	-76.936731	-0.028120	-129.827627	0.310102
5340.000005	-120.786028	-0.339468	-124.264440	-0.483934	-83.224772	-0.102735	-130.993774	-0.135004
5350.000005	-130.611543	0.395142	-118.408002	0.411317	-80.225701	0.014742	-125.966786	0.437678
5360.000005	-121.955840	-0.238696	-126.174917	0.167171	-89.524623	-0.340290	-127.470537	0.428563
5370.000005	-124.310980	0.200968	-133.358256	-0.390491	-79.076555	0.074772	-128.508712	0.498682
5380.000005	-122.541156	0.356702	-131.208574	0.309198	-78.389539	-0.039846	-127.456858	-0.147648
5390.000005	-133.354827	-0.472815	-131.929806	-0.103812	-87.119408	0.305801	-136.004159	-0.234820
5400.000005	-126.357766	-0.102753	-137.471106	0.176536	-78.463613	-0.159924	-123.405861	0.100181
5410.000005	-129.697464	-0.299153	-126.697328	0.006563	-86.852018	0.095172	-130.321390	-0.066625
5420.000005	-125.972494	0.315005	-121.419514	-0.301560	-83.197432	-0.195809	-128.503359	-0.168852
5430.000005	-129.421378	-0.121833	-119.704511	0.239016	-82.804004	0.338937	-125.432331	0.311145
5440.000005	-123.262813	0.162405	-124.837015	-0.494134	-82.260871	-0.116572	-126.706370	0.250231
5450.000005	-127.912266	0.282757	-123.558487	-0.187990	-85.138262	0.064245	-131.484965	-0.327129
5460.000005	-127.215931	0.179161	-123.424947	-0.111595	-82.658563	0.114806	-136.825360	0.437159
5470.000005	-132.633892	-0.197887	-120.719779	0.457533	-83.760016	0.267517	-127.301980	-0.065411
5480.000005	-122.214396	0.034335	-123.359048	-0.269232	-81.988435	0.372729	-130.603824	-0.022327
5490.000005	-131.309643	-0.242088	-123.797079	0.348308	-86.898904	-0.448630	-119.868805	0.286562
5500.000005	-123.131727	-0.430307	-136.727890	0.184266	-107.607613	-0.028937	-130.059533	0.048072
5510.000005	-124.553214	0.471623	-124.196168	0.385983	-83.013613	0.421239	-121.596802	-0.360279
5520.000005	-134.353304	0.159656	-141.291291	-0.366712	-79.251221	0.469545	-129.227375	0.142590
5530.000005	-125.956695	-0.103654	-134.184438	-0.368015	-86.266173	0.030363	-130.924755	-0.373810
5540.000005	-127.002304	0.072138	-122.927999	0.110832	-85.162979	-0.365599	-139.914952	0.169161
5550.000005	-128.093056	0.162354	-129.502562	0.141390	-86.116799	0.410512	-129.646727	-0.077329
5560.000005	-136.171343	0.021500	-123.180537	-0.424686	-74.500019	-0.403531	-142.521585	0.433230
5570.000005	-126.221283	-0.309014	-122.353737	0.088097	-82.763372	0.281499	-127.090971	-0.482176
5580.000005	-123.717707	0.340679	-121.834522	0.395468	-76.788955	0.407699	-136.568246	0.044209
5590.000005	-122.625892	0.498765	-137.546441	0.481499	-90.828732	0.156532	-131.736891	-0.223669
5600.000005	-120.032237	-0.251874	-117.984299	-0.238393	-78.331505	0.122492	-119.699028	0.116768
5610.000005	-134.291437	-0.044299	-124.008383	-0.177268	-92.405413	-0.141198	-123.455342	-0.131389
5620.000005	-123.101823	0.448119	-120.834261	0.169943	-80.446511	-0.172472	-120.975431	-0.096027
5630.000005	-129.599760	-0.024301	-123.839760	0.165151	-78.511676	-0.326861	-129.633826	0.462125
5640.000005	-122.414561	0.414896	-124.665395	-0.299310	-83.770424	-0.219517	-127.969968	-0.467840
5650.000005	-146.989331	0.419350	-124.027799	0.087069	-79.475221	-0.357052	-126.127060	0.178608
5660.000005	-136.527127	0.074671	-119.586694	0.018342	-87.206182	0.470537	-135.479225	-0.354460
5670.000005	-125.520848	0.400852	-125.972160	-0.319619	-82.007319	-0.193834	-125.037729	0.013457
5680.000005	-123.805253	0.158787	-133.170237	0.064719	-80.208741	0.093512	-122.766255	-0.043152
5690.000005	-122.960450	-0.023997	-132.408543	0.140932	-75.106409	-0.095304	-127.580636	0.288110
5700.000005	-122.543767	0.336784	-128.634697	-0.494179	-80.881413	-0.356935	-132.712705	0.210627
5710.000005	-128.717291	0.171058	-123.946618	-0.141780	-78.183356	0.445359	-125.483500	-0.487035
5720.000005	-121.753134	-0.388503	-124.104518	0.477330	-89.020648	0.422225	-118.837134	-0.458447
5730.000005	-121.661144	0.344382	-126.543599	0.126570	-82.544187	-0.031666	-124.001192	-0.162087
5740.000005	-130.029324	0.325687	-128.200122	0.465653	-85.089389	0.180132	-125.031884	-0.451343
5750.000005	-125.914740	-0.403104	-131.822558	-0.108489	-83.205247	-0.060884	-124.894249	0.304085
5760.000005	-121.178423	-0.198659	-120.666490	0.403677	-81.131979	0.114390	-115.772684	0.177264
5770.000005	-127.356016	0.306493	-122.095584	-0.089807	-75.000172	0.337755	-125.195522	-0.234628
5780.000005	-123.319840	-0.285078	-129.976567	0.109420	-83.857649	-0.264693	-124.706791	-0.269662
5790.000005	-134.309895	0.198055	-132.931658	-0.301161	-87.173445	0.293769	-125.152086	0.490546
5800.000005	-136.210106	-0.270119	-124.137071	-0.421521	-85.157592	-0.186588	-130.432271	0.074272
5810.000005	-131.567435	0.135479	-134.767798	0.443104	-80.008425	0.318526	-123.215335	0.159497
5820.000005	-133.021122	0.258295	-130.142465	0.226034	-82.904383	-0.065210	-125.523310	0.454605
5830.000005	-123.348347	0.053380	-126.735772	-0.135582	-90.905027	0.044121	-132.943507	0.050498
5840.000005	-126.710111	-0.064757	-122.896869	0.487324	-83.878203	-0.205086	-123.450931	0.266040
5850.000005	-129.513317	0.375241	-123.678014	0.420635	-92.332563	0.316702	-123.660661	0.394066
5860.000005	-128.755121	-0.095748	-128.145580	-0.398454	-82.814213	0.088953	-129.876533	-0.404588
5870.000005	-125.492836	0.039724	-121.834299	0.311700	-82.774460	-0.386861	-131.047479	-0.284554
5880.000005	-125.649515	-0.219938	-120.799630	-0.458259	-81.289722	-0.126469	-134.326306	-0.125444
5890.000005	-122.715741	0.327614	-119.776496	-0.432040	-91.088208	-0.075017	-128.221339	0.048114
5900.000005	-128.980470	0.354556	-122.881862	0.300791	-81.134863	-0.079563	-129.833864	-0.318546
5910.000005	-123.807521	0.038845	-120.565780	0.179420	-94.558409	0.443405	-128.077384	-0.093841
5920.000005	-138.664379	0.332265	-127.045363	0.182663	-82.117915	0.007475	-132.166567	-0.309363
5930.000005	-123.392199	-0.069600	-131.215691	-0.036336	-83.523220	-0.400959	-127.619832	-0.070994
5940.000005	-125.939087	-0.239420	-123.397663	0.458051	-80.190424	-0.048723	-123.642366	0.494331
5950.000005	-131.295246	0.317643	-127.550944	0.265225	-82.404976	0.150703	-126.709706	0.405831
5960.000005	-129.169324	-0.053325	-126.785283	-0.144844	-82.352180	0.482842	-125.266334	-0.021723
5970.000005	-123.048504	-0.317442	-125.014053	-0.423822	-85.111243	-0.073903	-135.541664	-0.049186
5980.000005	-127.997907	0.437958	-126.802937	-0.275041	-78.463006	-0.247482	-121.252020	0.357680
5990.000005	-129.193062	0.092575	-123.783095	0.295888	-86.832330	-0.200397	-152.014119	-0.130492
6000.000005	-128.487772	0.310147	-123.635740	0.249575	-85.693557	-0.013888	-121.508367	0.190533
6010.000005	-123.350690	0.368283	-131.908151	0.107145	-76.489811	-0.359183	-137.931371	-0.071895
6020.000005	-130.067623	-0.079755	-131.739308	-0.134902	-82.813139	-0.055053	-120.823235	0.296022
6030.000005	-125.019999	-0.029157	-125.897090	0.334640	-74.310297	-0.371503	-124.507644	-0.193673
6040.000005	-119.430697	0.000512	-130.222383	-0.498622	-83.951776	-0.228944	-124.845440	-0.255618
6050.000005	-135.101646	-0.405673	-128.980858	0.184419	-85.284305	0.391349	-125.205115	-0.404598
6060.000005	-126.787210	-0.009415	-129.877857	-0.005749	-81.947096	0.444345	-123.026214	0.373532
6070.000005	-135.013642	-0.167122	-122.347711	0.334986	-90.756396	0.266528	-123.876840	-0.485307
6080.000005	-133.136501	0.278232	-128.824840	0.094400	-68.382509	-0.345050	-93.032911	-0.313395
6090.000005	-123.601171	0.458962	-130.323235	0.089745	-76.683847	0.443725	-127.140286	0.107921
6100.000005	-122.363113	-0.330788	-120.364064	0.352967	-87.015692	0.107195	-124.032077	0.033949
6110.000005	-129.009231	-0.216670	-125.692102	-0.123731	-80.410974	-0.257195	-127.120330	-0.056345
6120.000005	-137.083020	-0.114623	-123.024120	-0.312742	-89.032208	-0.356007	-121.882228	0.064389
6130.000005	-121.204723	-0.343605	-128.101713	0.132821	-86.086390	0.272932	-121.837364	-0.000427
6140.000005	-132.266181	-0.488380	-121.353359	-0.295297	-88.038630	0.307442	-120.377117	-0.148325
6150.000005	-124.515251	0.463589	-127.150325	0.073573	-79.631692	-0.040830	-131.678969	0.305903
6160.000005	-124.620405	0.485212	-124.797464	-0.080711	-85.278374	-0.339900	-127.433263	0.319491
6170.000005	-125.952668	0.100976	-125.219230	0.179690	-82.228990	-0.380140	-129.293111	-0.218794
6180.000005	-124.379825	-0.463994	-123.670184	0.335523	-85.944480	-0.281403	-118.605337	-0.261740
6190.000005	-120.661325	0.273317	-125.268670	-0.185247	-88.382450	0.024760	-131.369642	-0.166154
6200.000005	-124.861262	-0.335091	-124.409207	0.231617	-84.752303	-0.227675	-118.938350	0.023858
6210.000006	-125.283406	0.171205	-130.928033	-0.043757	-86.866970	0.197280	-132.004846	0.099270
6220.000006	-129.883943	0.468558	-122.732930	-0.066953	-86.450717	-0.100092	-124.036009	0.153294
6230.000006	-125.756837	-0.174374	-141.162675	-0.159565	-85.812548	-0.158022	-119.060386	-0.256360
6240.000006	-126.366218	-0.229233	-139.938448	0.245272	-83.628836	-0.141009	-120.598902	-0.299380
6250.000006	-126.225646	-0.028456	-130.278396	-0.422430	-76.778936	0.417145	-122.370251	0.038569
6260.000006	-126.121360	-0.469819	-124.338964	0.135484	-97.447774	-0.195193	-126.274630	0.450685
6270.000006	-129.707546	0.170813	-119.274309	-0.426456	-86.257969	0.299654	-140.176433	-0.045596
6280.000006	-128.146377	-0.036433	-127.938779	-0.438629	-96.825837	-0.488486	-130.817145	-0.134779
6290.000006	-125.133107	-0.238164	-122.049894	0.265238	-77.963904	0.058999	-124.443061	0.101730
6300.000006	-122.386343	0.413858	-121.878149	-0.461583	-86.916982	-0.230934	-120.349402	-0.343122
6310.000006	-132.713098	-0.281572	-126.964538	-0.090683	-82.475057	0.128393	-124.547960	-0.311169
6320.000006	-122.058881	0.021000	-128.507650	0.401597	-83.500243	0.277217	-123.597534	0.200281
6330.000006	-128.165436	0.320260	-118.285435	0.314418	-87.944481	0.306609	-137.683250	0.432357
6340.000006	-125.221599	0.255587	-129.891183	0.396549	-89.177872	0.142635	-125.157082	-0.051948
6350.000006	-122.774626	0.116214	-130.051390	0.171134	-86.056480	0.435152	-126.931435	0.091436
6360.000006	-130.032988	-0.495085	-125.960968	-0.322750	-88.770239	0.133174	-128.603787	-0.161165
6370.000006	-124.710682	-0.210091	-130.578767	-0.028796	-82.008167	-0.372107	-129.754550	0.415558
6380.000006	-123.254571	0.487025	-131.698351	0.381357	-82.924345	0.229658	-130.737967	-0.182593
6390.000006	-123.546187	-0.381711	-124.665976	-0.436952	-93.254155	-0.023203	-129.898190	0.035442
6400.000006	-128.922411	-0.296262	-130.965127	0.403705	-90.448077	-0.307073	-115.886665	-0.266997
6410.000006	-122.778826	0.052860	-128.340012	0.080087	-81.096697	0.434652	-122.112527	0.090282
6420.000006	-131.300439	0.340325	-125.548152	-0.207237	-84.895324	-0.329812	-133.033873	-0.227050
6430.000006	-125.700877	-0.266336	-127.482413	-0.430440	-84.594740	0.035201	-131.203517	-0.434859
6440.000006	-132.830362	-0.365683	-120.008588	-0.041595	-82.089069	-0.472201	-132.754051	0.310353
6450.000006	-130.318614	-0.095960	-121.851036	0.295173	-84.270777	-0.033480	-126.363533	-0.252064
6460.000006	-125.027153	-0.132770	-128.782883	-0.218293	-84.757386	-0.494359	-122.079865	-0.262267
6470.000006	-123.548408	0.168036	-134.290356	0.411148	-85.007892	-0.148406	-129.716436	-0.295415
6480.000006	-130.347814	-0.172151	-125.806710	0.344099	-84.053836	0.276611	-129.001896	-0.247655
6490.000006	-126.042706	-0.450288	-123.373823	-0.297075	-81.610464	0.429968	-123.124370	-0.434619
6500.000006	-123.936476	0.062640	-123.116688	-0.239588	-85.622247	-0.238967	-127.859919	0.215945
6510.000006	-124.420972	-0.237130	-120.823718	-0.124075	-82.242966	0.410548	-121.648639	-0.284365
6520.000006	-125.630972	0.207558	-129.662921	0.277390	-88.876808	-0.296937	-122.926574	0.233186
6530.000006	-125.469544	0.438197	-118.991537	-0.361685	-80.004294	-0.220371	-119.337280	-0.366969
6540.000006	-138.266255	-0.396207	-127.394634	0.021313	-79.930103	0.233038	-123.501048	0.497329
6550.000006	-129.932132	0.070148	-124.919317	0.314291	-86.481115	0.273501	-121.528479	-0.096884
6560.000006	-127.544525	0.351725	-123.006811	0.179107	-93.420995	-0.074396	-117.888666	0.178699
6570.000006	-125.827772	0.211954	-126.629547	-0.132014	-81.542662	-0.242398	-132.824154	-0.034102
6580.000006	-130.334650	0.348361	-118.590857	0.060877	-84.461299	0.024619	-133.857227	-0.178600
6590.000006	-135.865363	0.439449	-131.745705	0.159857	-80.321437	-0.039138	-124.345215	-0.259233
6600.000006	-126.453403	-0.315756	-122.243409	0.232772	-104.699386	-0.008384	-130.659632	-0.075213
6610.000006	-137.227832	0.194849	-126.375855	-0.010191	-79.308118	0.495687	-130.947824	0.336809
6620.000006	-129.133376	-0.473271	-132.811956	-0.312308	-109.114546	0.001776	-134.969546	-0.043221
6630.000006	-134.090146	0.079573	-126.581911	0.388765	-82.881443	0.335924	-124.752779	-0.477253
6640.000006	-129.621749	0.009136	-133.147022	-0.209982	-78.026796	0.396114	-126.097506	0.289206
6650.000006	-153.155745	-0.299719	-126.537850	-0.144788	-82.281005	0.049021	-126.397213	-0.161165
6660.000006	-122.612992	-0.345558	-135.890849	0.059463	-89.454770	0.211550	-123.503029	0.496516
6670.000006	-120.631932	0.123451	-124.409849	0.204297	-81.233104	0.037367	-132.984419	-0.411282
6680.000006	-122.656337	-0.450770	-122.836950	0.376801	-83.760300	0.247226	-124.348986	0.138194
6690.000006	-127.380804	-0.132546	-124.302256	-0.188799	-89.697902	-0.493020	-128.816618	-0.057401
6700.000006	-125.214411	0.174796	-128.994388	-0.415247	-79.195416	-0.479409	-123.257644	0.440985
6710.000006	-122.040520	-0.111135	-120.155864	0.024147	-89.142068	-0.232651	-130.737880	-0.008426
6720.000006	-123.472249	0.477331	-141.585989	0.443257	-75.842604	-0.384581	-121.866910	0.324304
6730.000006	-126.230314	0.251484	-129.798908	0.020804	-80.659263	0.055656	-121.784956	-0.203100
6740.000006	-116.347962	-0.408530	-126.846672	-0.341871	-82.759201	0.308464	-126.584453	-0.322091
6750.000006	-120.843797	0.014206	-134.457486	-0.485844	-80.993470	0.069115	-126.509035	-0.035545
6760.000006	-123.290004	-0.278232	-125.871953	-0.366047	-89.895068	0.217503	-126.866380	-0.043737
6770.000006	-137.757873	0.226772	-128.973425	-0.290508	-87.521370	0.281550	-129.035416	-0.079104
6780.000006	-130.639330	-0.290306	-130.149812	0.455445	-86.154266	0.301934	-128.466570	0.069255
6790.000006	-122.375671	0.330979	-131.358535	-0.120373	-80.329876	0.452329	-123.771328	0.341921
6800.000006	-124.415518	-0.282731	-125.807628	-0.345496	-80.801834	-0.405592	-122.409878	-0.295382
6810.000006	-119.183843	-0.315167	-121.200421	0.452876	-90.863118	-0.330174	-128.681512	0.063791
6820.000006	-127.763427	-0.405249	-132.829705	-0.010176	-79.561834	-0.106497	-119.889497	-0.369621
6830.000006	-120.637626	-0.026210	-130.241661	-0.043399	-88.493269	-0.275952	-132.061303	0.295383
6840.000006	-130.926228	0.403397	-126.238074	0.137781	-82.438268	-0.199065	-127.747603	-0.008018
6850.000006	-139.502714	-0.461697	-122.623076	-0.056598	-79.486597	0.177630	-124.763607	0.320404
6860.000006	-121.133067	-0.473388	-131.554268	0.154292	-85.811827	-0.328343	-129.745154	-0.472833
6870.000006	-127.771398	-0.233827	-132.669295	0.044492	-94.097354	-0.103095	-119.022482	-0.432549
6880.000006	-122.990900	-0.436884	-121.615982	0.230807	-79.431088	-0.168761	-115.946869	0.301709
6890.000006	-127.882939	0.407633	-128.572707	0.054738	-94.427071	0.320441	-124.276626	-0.160361
6900.000006	-125.094273	-0.164052	-125.037395	-0.093786	-81.075043	0.410311	-127.235300	0.089025
6910.000006	-120.513021	0.088228	-122.504953	0.030911	-94.800954	-0.007962	-127.033887	0.396860
6920.000006	-129.852511	-0.334181	-136.282455	0.015470	-95.910697	-0.241766	-128.173669	-0.458392
6930.000006	-121.846690	0.190242	-126.280916	-0.107925	-86.187761	-0.470869	-123.836063	0.174658
6940.000006	-119.300705	0.481511	-126.116641	0.321428	-84.910270	0.435734	-128.322794	-0.242990
6950.000006	-122.115669	0.487986	-141.444193	-0.318124	-89.549230	-0.411306	-119.120661	0.050159
6960.000006	-126.195147	-0.354651	-129.362216	0.166089	-77.169147	-0.417826	-125.098969	0.120279
6970.000006	-121.356088	0.157450	-134.039071	-0.388733	-80.810488	0.104189	-121.482867	0.241591
6980.000006	-117.885127	-0.462642	-121.323625	-0.454930	-88.822518	0.463179	-118.480923	-0.421824
6990.000006	-126.975142	0.328068	-129.928552	-0.240335	-79.271438	0.452103	-130.683637	-0.038237
7000.000006	-122.889111	0.150798	-135.049706	0.228885	-81.043124	0.189601	-128.451965	0.245641
7010.000006	-127.837400	0.111446	-133.154881	0.330641	-89.906444	-0.473396	-121.251092	0.432305
7020.000006	-127.208702	-0.112654	-123.427138	0.156690	-86.708740	0.301636	-139.527795	-0.425858
7030.000006	-125.179177	0.415228	-122.836999	0.281164	-86.552766	0.379429	-126.196991	-0.406068
7040.000006	-139.516895	0.184270	-125.254753	0.227510	-76.405752	-0.433484	-135.428242	0.180226
7050.000006	-129.940616	-0.266835	-128.193597	0.023361	-83.589461	0.071673	-123.085350	-0.213701
7060.000006	-118.795574	-0.426017	-125.845678	0.011148	-79.140392	-0.344808	-141.686535	0.355504
7070.000006	-121.551116	0.347745	-131.396766	-0.270569	-87.589729	0.489648	-119.390166	0.409090
7080.000006	-120.057436	0.225830	-129.016750	-0.392130	-90.710089	0.023248	-127.798083	-0.396085
7090.000006	-135.998468	-0.092440	-125.801994	0.330473	-79.068580	-0.044408	-126.631100	-0.495780
7100.000006	-138.153263	-0.023525	-121.776396	-0.375751	-92.994989	-0.292150	-137.637153	-0.183692
7110.000006	-128.619106	-0.149515	-125.784884	-0.211826	-79.654013	0.348625	-123.238585	-0.142913
7120.000006	-120.530087	0.108963	-122.994025	0.099330	-82.834895	0.337496	-137.175091	-0.478876
7130.000006	-131.812527	0.094030	-126.820605	-0.247278	-89.107839	0.100724	-140.665241	0.164973
7140.000006	-118.290649	0.265354	-120.056649	0.369482	-90.303971	-0.291383	-127.675793	-0.292055
7150.000006	-125.515624	-0.119167	-137.853473	0.187025	-81.601618	-0.452361	-123.109902	-0.111096
7160.000006	-126.405168	-0.044764	-134.261924	0.499037	-86.312942	-0.243706	-129.024718	0.057349
7170.000006	-126.845983	-0.097327	-122.449213	-0.413032	-85.697993	-0.383851	-129.243144	0.062646
7180.000006	-129.279348	-0.331797	-125.059130	-0.267425	-102.895420	0.193112	-123.774871	0.347940
7190.000006	-134.709336	-0.209985	-129.877346	0.104194	-82.873419	0.045356	-126.004292	0.389894
7200.000006	-117.717521	0.292661	-122.505716	0.156747	-102.058513	0.065953	-137.458074	0.471158
7210.000006	-124.161213	0.481322	-126.467160	0.447879	-84.338830	0.178738	-128.024170	-0.059359
7220.000006	-120.600310	0.277169	-128.466222	0.161668	-82.726975	-0.252269	-121.707122	0.247516
7230.000006	-127.058246	0.221952	-123.509170	-0.272982	-84.244040	0.427783	-123.431080	0.014118
7240.000006	-126.765770	0.385828	-121.433457	-0.161493	-82.653118	-0.128097	-141.078487	-0.441088
7250.000006	-124.378382	0.086391	-142.784075	0.040818	-85.038071	0.466192	-126.264427	0.001182
7260.000006	-122.735933	0.187797	-122.276842	-0.387724	-86.162746	0.022442	-132.578956	0.473255
7270.000006	-133.480089	-0.104363	-124.940919	0.018896	-83.617073	-0.168852	-123.330114	0.125871
7280.000006	-128.283902	0.310441	-125.350925	-0.133033	-83.911622	0.223698	-127.971650	0.379915
7290.000006	-125.714899	0.005484	-141.597104	0.007708	-83.557109	-0.455820	-125.073033	-0.021426
7300.000006	-122.085665	0.352716	-129.763119	0.376227	-80.825395	0.489956	-125.714086	0.202801
7310.000006	-121.555616	0.369811	-129.061345	0.147108	-91.750698	0.404828	-130.063453	-0.488149
7320.000006	-129.254888	0.161411	-134.629942	-0.324258	-86.927337	0.078787	-121.406184	-0.149579
7330.000006	-124.325469	0.381377	-128.782617	-0.016853	-93.558311	-0.323271	-124.456874	-0.340851
7340.000007	-129.344826	-0.289389	-119.715869	-0.194392	-96.362021	0.089426	-124.956397	-0.275387
7350.000007	-126.874874	0.493512	-130.720785	-0.104060	-82.812317	-0.219879	-125.910159	-0.434850
7360.000007	-137.553094	0.433356	-124.652486	-0.178882	-80.858623	-0.118089	-138.066197	0.240853
7370.000007	-136.538781	-0.083523	-121.006153	-0.309374	-87.399065	0.163479	-123.185168	0.047593
7380.000007	-128.050837	-0.225005	-123.733021	-0.433865	-95.683091	0.256812	-123.654655	-0.008023
7390.000007	-121.588709	-0.406406	-121.869549	-0.294161	-86.562240	-0.472737	-121.292325	0.183930
7400.000007	-124.168842	-0.416327	-136.860878	0.466912	-99.574735	-0.374771	-126.863315	-0.323013
7410.000007	-127.311982	0.331303	-124.684249	0.014525	-82.920925	0.333163	-128.629877	0.204801
7420.000007	-134.853002	0.111784	-130.601308	0.430884	-82.551577	0.306845	-124.064128	-0.479868
7430.000007	-122.822499	-0.099512	-128.304399	-0.131085	-81.937437	-0.255934	-127.742860	0.150796
7440.000007	-131.494984	-0.337754	-127.548854	-0.150845	-94.387211	-0.300169	-123.712764	0.295853
7450.000007	-129.092731	-0.427669	-124.628547	-0.275133	-83.321915	-0.291628	-128.986914	-0.059220
7460.000007	-127.803281	-0.414635	-124.293776	0.419135	-86.001439	0.106551	-119.021619	-0.050366
7470.000007	-122.376778	0.441729	-123.672077	0.192495	-88.072891	-0.162941	-118.379792	-0.487164
7480.000007	-118.909223	-0.293708	-125.997305	-0.136945	-79.438045	-0.238383	-132.585599	0.042814
7490.000007	-124.054533	-0.017880	-136.640461	0.484140	-80.325186	-0.382633	-123.277914	-0.315217
7500.000007	-122.416707	-0.078414	-126.676687	-0.128445	-101.388728	0.072362	-121.890124	-0.206504
7510.000007	-125.753066	0.123930	-138.966794	-0.307126	-82.078404	0.364165	-120.789083	0.186319
7520.000007	-134.333279	0.058843	-124.017463	0.262358	-81.219551	-0.409173	-118.511849	-0.310159
7530.000007	-123.385904	-0.430553	-124.980526	-0.037552	-93.137572	-0.373067	-126.082142	-0.209256
7540.000007	-137.959658	0.338641	-124.345825	-0.332294	-88.915453	-0.130516	-124.870402	-0.049240
7550.000007	-124.349464	-0.191679	-123.212315	-0.203258	-85.318684	0.192394	-126.351051	-0.368067
7560.000007	-133.878491	0.101339	-132.949799	0.265517	-95.021588	-0.250071	-129.118834	0.106197
7570.000007	-122.217113	0.339175	-123.120221	0.319830	-93.108113	0.111373	-119.803246	0.345530
7580.000007	-122.257711	0.176393	-124.908367	-0.239260	-83.235069	-0.089216	-126.747683	0.070894
7590.000007	-123.096719	-0.140611	-133.661933	-0.095587	-80.459253	0.497733	-127.040569	0.229976
7600.000007	-123.051000	-0.132792	-127.868975	-0.176997	-85.416539	0.291171	-123.681713	-0.131452
7610.000007	-127.548864	0.153601	-127.363355	0.220139	-76.971736	0.416659	-134.524142	0.471855
7620.000007	-123.389861	-0.197776	-130.748414	-0.398275	-96.087107	0.219156	-124.735599	-0.321477
7630.000007	-126.971159	0.232937	-120.591137	0.425247	-94.820861	-0.333498	-127.178702	0.222126
7640.000007	-130.798319	0.273446	-137.208038	0.275765	-82.193801	0.333557	-124.144188	0.320347
7650.000007	-124.562450	-0.204909	-136.763536	-0.480481	-86.533072	0.253379	-125.676029	-0.112826
7660.000007	-134.427870	-0.441559	-125.972599	0.265850	-79.732039	-0.404140	-131.950369	0.235420
7670.000007	-127.193612	0.288827	-124.862703	0.370058	-94.893302	-0.461550	-121.793837	0.179683
7680.000007	-119.073154	0.092241	-122.321228	0.131217	-92.471400	0.090758	-118.541786	-0.114942
7690.000007	-124.267323	-0.138730	-123.322878	-0.493337	-84.476881	0.147210	-135.664213	0.120342
7700.000007	-147.030484	0.455189	-128.125321	-0.220213	-86.112531	-0.461411	-128.536276	-0.039386
7710.000007	-126.799532	-0.335163	-127.320925	-0.406105	-79.385333	-0.460578	-122.735332	-0.225189
7720.000007	-130.530588	-0.154943	-134.209438	-0.028457	-86.575310	-0.196574	-125.346006	-0.100598
7730.000007	-132.158056	-0.172506	-129.351453	0.494211	-85.444076	-0.395096	-134.575653	0.481799
7740.000007	-124.516315	0.376072	-129.980494	0.131803	-85.994698	-0.280496	-131.100523	-0.271083
7750.000007	-121.353914	-0.395000	-135.975936	0.360139	-87.587597	0.261914	-126.382434	0.282703
7760.000007	-121.320326	-0.251861	-121.189765	0.327545	-102.709542	0.238207	-135.294636	-0.433199
7770.000007	-139.696498	-0.259840	-127.605265	-0.282982	-95.944959	-0.184886	-136.867999	0.249412
7780.000007	-122.374672	0.485174	-146.842493	-0.139659	-80.777290	-0.214069	-126.198795	-0.163177
7790.000007	-125.105677	0.409335	-125.574470	0.253956	-82.497599	-0.149519	-118.356872	0.360312
7800.000007	-124.213141	-0.219778	-124.472589	-0.397138	-82.269965	0.005372	-125.062087	0.135762
7810.000007	-122.194083	0.103806	-130.876554	-0.428434	-94.031274	0.098791	-133.964560	0.434768
7820.000007	-129.499194	0.422569	-124.453420	-0.436205	-89.757761	-0.121315	-134.937353	-0.248518
7830.000007	-123.896668	-0.131144	-118.908433	-0.264178	-86.157498	0.488776	-130.412311	-0.465097
7840.000007	-122.496988	0.180066	-120.898459	0.049757	-83.597527	-0.114092	-131.266198	0.452663
7850.000007	-123.279732	-0.132495	-123.906075	0.192645	-85.667896	0.345934	-129.054961	0.377264
7860.000007	-131.425361	0.348477	-122.997763	0.129468	-112.953698	0.357159	-133.639879	0.319418
7870.000007	-128.538451	-0.280373	-131.651947	-0.035919	-84.041059	0.369577	-125.914282	-0.394748
7880.000007	-124.808952	0.347869	-134.021836	0.055273	-88.287055	0.064178	-135.202958	0.480592
7890.000007	-123.463896	0.190432	-136.155213	0.136678	-78.262904	-0.499770	-144.464937	-0.391648
7900.000007	-133.687632	-0.285461	-129.640718	-0.456682	-79.450259	0.076908	-129.239446	-0.129395
7910.000007	-148.516483	0.322381	-127.037930	-0.064916	-97.275204	0.193334	-131.024530	-0.167987
7920.000007	-128.267464	-0.168202	-126.222858	0.356786	-80.283588	0.490723	-120.377993	-0.362770
7930.000007	-128.282133	0.042116	-124.770544	0.280464	-83.471884	-0.100154	-128.487340	-0.259917
7940.000007	-126.330119	0.480394	-117.711021	0.446769	-85.262226	-0.333638	-127.463184	0.267069
7950.000007	-128.390579	-0.095238	-125.305867	0.072454	-90.767270	-0.276995	-131.906242	0.313997
7960.000007	-125.129765	0.401696	-136.324617	0.027554	-85.905452	-0.343908	-118.959313	0.089675
7970.000007	-124.780671	-0.434206	-126.750919	0.407724	-81.501636	0.268063	-122.366915	-0.493891
7980.000007	-124.393004	0.400250	-133.674650	-0.490972	-93.444314	-0.408107	-127.222322	-0.193522
7990.000007	-126.573161	0.196043	-124.412892	0.370857	-87.904655	-0.328598	-133.789527	0.318815
8000.000007	-122.269999	0.406871	-132.009781	-0.338916	-87.180708	0.214236	-118.766270	-0.042241
8010.000007	-129.279583	-0.222511	-134.508656	0.181136	-82.910860	-0.164680	-126.831227	-0.223925
8020.000007	-125.807061	0.438541	-125.244582	-0.470760	-86.327286	-0.088836	-135.475178	0.175002
8030.000007	-123.999728	-0.084859	-139.806911	-0.123088	-99.022063	0.150328	-128.242821	0.092980
8040.000007	-130.804102	0.231496	-144.476661	0.486122	-85.423671	-0.300311	-127.812724	-0.111278
8050.000007	-132.405926	-0.202183	-122.746169	0.401242	-86.913658	-0.459459	-118.902913	-0.152552
8060.000007	-130.889604	0.047426	-127.432447	-0.390887	-87.670458	-0.043935	-122.755205	-0.198436
8070.000007	-120.694835	0.454449	-122.769031	0.143733	-95.433295	-0.314532	-130.875675	0.308218
8080.000007	-133.301961	0.058118	-126.075592	0.204576	-87.065741	-0.334086	-128.579831	-0.355342
8090.000007	-128.250375	-0.249675	-130.212449	0.223064	-83.022835	-0.047300	-128.100500	0.356749
8100.000007	-127.967354	0.071143	-122.173512	0.308751	-82.494831	0.014489	-122.379390	0.305126
8110.000007	-120.574852	-0.203342	-141.449811	0.012447	-100.290356	0.277057	-124.128997	0.247633
8120.000007	-145.385325	-0.256557	-123.793767	0.233347	-80.893252	-0.055945	-122.068007	-0.488408
8130.000007	-119.949251	-0.455437	-129.644320	0.297181	-92.011594	0.317360	-124.168486	0.259440
8140.000007	-125.647491	-0.272610	-121.258431	0.210265	-82.433639	0.037028	-123.918255	-0.471774
8150.000007	-122.430818	0.480853	-121.964848	-0.446497	-88.260710	-0.192741	-123.225757	-0.241956
8160.000007	-124.180197	0.331574	-128.009606	0.364324	-89.479860	0.492859	-105.570950	0.414474
8170.000007	-127.340945	-0.458296	-126.053973	-0.169943	-82.888566	-0.160265	-120.837084	-0.186179
8180.000007	-134.847996	-0.493664	-127.163696	0.380135	-86.256227	0.408430	-121.359666	-0.266328
8190.000007	-125.686787	0.002625	-123.282748	0.494557	-86.799598	-0.211400	-127.319737	-0.376042
8200.000007	-120.371885	-0.313805	-129.652606	0.345906	-79.882002	-0.413700	-130.526513	0.196918
8210.000007	-132.913592	0.382011	-119.228394	0.067250	-84.019271	0.193558	-134.819682	0.138317
8220.000007	-128.385666	-0.179144	-121.865608	-0.349535	-85.651365	0.239617	-121.788875	-0.417242
8230.000007	-123.698111	-0.093349	-120.717709	-0.024436	-81.038984	0.445968	-123.819539	-0.075262
8240.000007	-140.870613	0.223099	-129.712208	0.307200	-85.133134	-0.332471	-133.540880	-0.370877
8250.000007	-126.481066	0.084462	-137.082294	-0.338346	-80.190317	0.389185	-131.683729	-0.034431
8260.000007	-123.366691	0.377551	-126.323691	-0.001137	-91.662212	-0.080973	-128.805963	0.476421
8270.000007	-119.615599	0.170213	-124.713521	0.093564	-89.551731	-0.197804	-121.769318	0.359616
8280.000007	-126.086638	-0.018669	-122.877369	-0.367245	-82.448674	0.401754	-130.924353	0.401377
8290.000007	-131.648578	0.322613	-125.076388	0.382416	-96.784577	0.208619	-122.731607	0.267194
8300.000007	-132.257617	0.338210	-127.120286	0.212571	-85.111599	-0.124520	-129.358383	0.220012
8310.000007	-134.721598	0.166964	-117.756466	0.214613	-91.554859	0.199631	-130.487910	-0.073892
8320.000007	-129.508455	-0.421755	-126.375846	0.123013	-81.331316	-0.378509	-114.840901	-0.492827
8330.000007	-125.811194	-0.013313	-123.438942	0.356329	-90.942371	-0.375894	-127.329354	0.266573
8340.000007	-126.853380	-0.223860	-132.249779	-0.487865	-95.071633	-0.017194	-130.223239	-0.236675
8350.000007	-122.092458	0.352018	-121.317987	0.305843	-93.038421	0.496412	-121.665253	0.279950
8360.000007	-128.646061	-0.122995	-131.191239	0.066551	-95.628546	0.219314	-131.092465	-0.474291
8370.000007	-129.135156	0.336211	-123.283076	0.463631	-88.840731	-0.337982	-125.838688	0.268600
8380.000007	-123.182214	0.329360	-129.491210	-0.345954	-80.887468	0.498686	-139.380319	0.497781
8390.000007	-127.322721	-0.480659	-121.169659	0.017541	-82.856923	0.222214	-133.517855	-0.493757
8400.000007	-124.314336	0.281332	-122.354905	0.006469	-85.434958	-0.416754	-125.948605	0.269797
8410.000007	-146.230783	-0.101339	-128.311097	-0.047377	-82.721577	0.461537	-125.047614	0.078184
8420.000007	-125.309830	0.081914	-122.645514	0.094690	-78.497315	-0.303684	-125.287643	-0.019391
8430.000007	-124.575650	-0.041945	-123.042310	-0.119636	-85.139397	-0.180491	-128.800250	-0.273398
8440.000007	-124.576998	0.401053	-124.105366	0.457679	-96.104015	0.391169	-129.295621	0.371161
8450.000007	-133.913168	0.497202	-122.274105	0.180430	-84.489007	-0.003361	-127.905799	-0.055274
8460.000007	-123.381300	0.042002	-127.418911	-0.187087	-83.709725	-0.474389	-132.002453	-0.482490
8470.000008	-124.038977	-0.380746	-121.963266	-0.130849	-96.304515	0.213510	-128.923871	-0.157022
8480.000008	-120.219508	-0.046233	-120.138405	0.460955	-83.693474	0.074658	-124.588557	0.472242
8490.000008	-126.083364	-0.125385	-148.314204	-0.464234	-86.286089	-0.292019	-122.539813	-0.048133
8500.000008	-131.062950	-0.454542	-130.734721	0.267084	-83.566863	0.389228	-131.874696	-0.102141
8510.000008	-131.624157	-0.412889	-122.332970	0.126518	-89.004350	-0.065028	-127.257318	0.114211
8520.000008	-124.459045	-0.200471	-129.197606	-0.108712	-98.145066	-0.078338	-124.574133	0.412274
8530.000008	-126.248596	-0.285814	-129.521540	0.332829	-87.028446	-0.310785	-147.317066	0.022740
8540.000008	-124.053734	0.274591	-132.741553	0.305780	-85.567202	-0.121548	-129.810674	-0.038667
8550.000008	-125.509326	-0.025935	-143.817191	-0.314789	-78.879992	-0.313480	-131.824269	-0.463518
8560.000008	-125.961868	-0.365004	-117.061440	0.094371	-79.529739	0.254625	-123.655866	0.383215
8570.000008	-130.201596	-0.105745	-125.899536	-0.374521	-85.457021	0.050075	-125.424502	-0.411626
8580.000008	-120.378660	0.361989	-133.253239	0.150979	-83.103899	0.366285	-124.941260	-0.028859
8590.000008	-129.844620	-0.278899	-133.604461	-0.012012	-81.572286	-0.031024	-124.738737	-0.358973
8600.000008	-127.165456	-0.108670	-126.928693	-0.042935	-84.136569	0.238181	-126.484633	-0.489032
8610.000008	-133.010583	0.040172	-127.856639	0.377805	-84.361093	-0.201936	-126.445916	-0.354276
8620.000008	-119.110952	0.039911	-122.906347	0.216145	-92.830765	0.356892	-137.035221	-0.377101
8630.000008	-132.444481	0.223967	-121.531223	0.072658	-84.378512	-0.495362	-133.013185	0.414689
8640.000008	-121.257913	-0.155730	-122.429892	-0.444353	-82.135664	-0.014625	-126.009612	-0.460407
8650.000008	-120.123737	-0.466112	-129.828206	-0.186873	-83.223428	-0.135558	-124.719613	0.328076
8660.000008	-123.991593	0.391081	-123.902676	-0.210398	-83.186104	-0.126998	-122.100663	-0.189279
8670.000008	-130.456358	0.077662	-129.057573	-0.110008	-83.540094	-0.283797	-128.398033	-0.080979
8680.000008	-126.048026	-0.266254	-130.367286	0.071165	-83.290965	-0.316120	-127.402986	0.189959
8690.000008	-141.249761	-0.046605	-127.743632	-0.267349	-81.162254	0.233043	-124.992964	0.185359
8700.000008	-127.589557	0.438426	-123.317260	-0.234451	-85.309809	0.314892	-129.199061	0.121703
8710.000008	-129.410245	-0.114895	-124.466835	-0.154977	-91.939943	0.418068	-121.281376	-0.089886
8720.000008	-128.689791	-0.087290	-130.348746	0.087835	-86.758687	-0.367116	-124.368750	-0.114651
8730.000008	-138.690600	0.281333	-132.624057	-0.493531	-86.679127	0.471121	-127.147325	-0.416395
8740.000008	-126.790467	-0.498840	-122.754057	-0.117926	-82.627868	-0.079447	-119.347037	-0.059776
8750.000008	-126.503987	0.067496	-124.729130	0.104808	-87.919792	0.413626	-121.417396	0.274231
8760.000008	-125.161936	0.118573	-130.123448	0.075225	-80.763447	0.395674	-147.107212	0.173704
8770.000008	-131.397378	0.039256	-122.850206	-0.109194	-84.081327	-0.112497	-125.076524	-0.498668
8780.000008	-126.194911	0.116872	-126.115477	0.174675	-97.365062	-0.261624	-127.161605	0.032120
8790.000008	-117.825829	-0.388313	-120.609246	0.193133	-85.593375	-0.483593	-136.030246	-0.366150
8800.000008	-134.751786	0.487993	-127.176085	-0.206034	-87.014528	0.272467	-123.990253	0.035221
8810.000008	-119.144828	-0.386780	-122.870340	-0.289299	-90.781448	0.443424	-122.348757	-0.193523
8820.000008	-133.906080	0.306874	-119.438844	-0.486318	-83.551334	-0.416041	-128.446885	-0.446501
8830.000008	-129.807690	-0.216402	-122.551677	0.098225	-82.183232	-0.028152	-134.835261	-0.085044
8840.000008	-117.010613	0.076840	-121.261113	-0.085161	-85.749592	0.353706	-122.817766	-0.046924
8850.000008	-129.551263	0.020650	-128.821115	-0.148270	-90.560755	0.268892	-125.893759	-0.004687
8860.000008	-128.006269	0.023541	-127.220702	0.474291	-96.496612	-0.368092	-120.374708	0.429503
8870.000008	-131.789316	-0.442414	-125.581363	0.455108	-83.401594	-0.248243	-127.085111	0.077726
8880.000008	-125.942754	-0.245439	-133.018292	0.186653	-87.909960	0.330624	-128.204177	0.438756
8890.000008	-133.583885	0.071877	-123.166099	-0.233261	-86.283162	-0.231404	-119.571851	-0.124460
8900.000008	-122.036002	-0.348372	-126.874649	-0.056942	-83.087825	0.096253	-128.800442	-0.365898
8910.000008	-132.112110	0.114229	-124.992696	0.231496	-103.239162	-0.211127	-134.209824	0.453398
8920.000008	-124.861706	-0.297137	-122.196900	-0.479404	-81.368489	-0.415414	-130.044658	-0.290083
8930.000008	-128.538384	0.470735	-135.220917	0.445330	-89.917938	-0.375562	-123.805154	-0.375485
8940.000008	-125.362284	0.385831	-122.355157	-0.313633	-86.254971	-0.086093	-132.011732	-0.388266
8950.000008	-136.542564	0.447201	-133.236607	-0.193334	-84.380180	0.187050	-134.124220	-0.106810
8960.000008	-137.290579	-0.414441	-130.843497	-0.233876	-80.408348	-0.424824	-128.366269	0.113771
8970.000008	-124.567691	-0.243930	-131.111963	0.296970	-81.800536	-0.232999	-125.399812	-0.440673
8980.000008	-131.040329	-0.112128	-120.580836	-0.197270	-84.548283	-0.178546	-122.215973	-0.363656
8990.000008	-128.522264	0.120811	-124.035256	-0.311296	-83.766432	-0.064527	-130.518925	0.135833
9000.000008	-136.195690	-0.083881	-129.304540	0.088789	-77.818267	-0.084317	-127.966123	0.413776
9010.000008	-122.076453	-0.385234	-120.912129	0.013426	-80.084380	-0.026173	-126.716002	-0.178692
9020.000008	-129.741058	0.156437	-118.479072	0.321189	-90.790265	0.332693	-128.710898	-0.103093
9030.000008	-124.801786	0.084621	-125.027998	0.001079	-86.964892	-0.120676	-137.222411	0.148830
9040.000008	-120.645148	-0.020832	-134.904702	-0.312199	-86.861089	-0.498163	-117.282003	-0.261769
9050.000008	-137.447906	0.101134	-128.233342	-0.361344	-90.578909	-0.318517	-128.471435	-0.400992
9060.000008	-130.720772	0.302854	-128.913348	-0.287481	-82.593116	-0.261721	-131.303814	-0.372084
9070.000008	-131.684197	0.468134	-121.324366	-0.447332	-84.494008	-0.462722	-125.624373	-0.075379
9080.000008	-119.650977	0.258031	-141.561617	0.174246	-81.304930	-0.360983	-127.401259	-0.326927
9090.000008	-123.700051	0.443299	-124.029693	-0.267988	-96.392913	-0.081723	-127.704426	-0.497568
9100.000008	-117.287374	-0.322741	-125.054020	-0.290718	-79.774221	0.404276	-136.022733	-0.376106
9110.000008	-129.325486	-0.045386	-123.289339	0.173285	-83.600619	0.157442	-122.815658	0.096363
9120.000008	-135.599062	-0.498948	-130.657706	0.400844	-56.051545	0.132737	-85.393895	-0.307839
9130.000008	-123.375311	-0.345643	-131.454960	0.488006	-83.572245	0.435615	-121.559460	-0.393400
9140.000008	-126.090357	0.077438	-124.983436	0.269456	-88.976047	0.174435	-124.835573	-0.224741
9150.000008	-128.490358	0.398234	-125.460869	-0.223606	-88.752660	-0.298632	-127.460806	0.354820
9160.000008	-126.772220	-0.119861	-134.614141	0.038182	-91.214735	-0.140609	-126.814969	-0.290562
9170.000008	-131.020947	0.306694	-125.192123	0.055837	-83.537206	-0.495598	-124.454002	0.142148
9180.000008	-123.031361	0.308568	-130.846616	-0.012951	-99.787625	-0.255392	-119.594218	-0.056978
9190.000008	-123.128822	0.319804	-122.798761	0.207822	-92.831500	-0.499243	-128.290734	0.405381
9200.000008	-126.597290	-0.014954	-124.681876	0.204978	-86.320780	-0.024064	-123.928154	-0.166126
9210.000008	-120.064159	0.445585	-127.807645	0.261953	-85.505219	-0.012485	-125.512462	0.432639
9220.000008	-126.428152	0.007635	-122.299025	0.385446	-87.329826	0.259197	-129.492263	0.402876
9230.000008	-120.297520	-0.280354	-124.974340	-0.435222	-93.712100	-0.038061	-130.323166	-0.112838
9240.000008	-138.847259	0.398043	-120.899684	-0.437686	-99.259990	0.166813	-127.898664	0.372433
9250.000008	-124.793716	-0.105052	-137.428516	0.408459	-87.466893	0.105843	-124.461404	0.047057
9260.000008	-122.138183	-0.426887	-127.144610	-0.188927	-98.469059	-0.201928	-130.022936	0.109297
9270.000008	-131.330160	0.370722	-119.472951	-0.072259	-80.723321	-0.007720	-132.742122	-0.206489
9280.000008	-125.917162	-0.070407	-127.864510	0.259366	-87.186918	-0.432095	-135.418129	0.144633
9290.000008	-125.649342	0.161578	-129.107171	-0.150338	-79.377149	0.488161	-130.141131	0.002516
9300.000008	-126.259448	0.023892	-129.381334	-0.128010	-83.139364	0.083229	-124.062392	0.358983
9310.000008	-129.152681	-0.463859	-130.919201	-0.064346	-81.862564	0.337667	-119.598142	-0.021686
9320.000008	-121.624315	0.438016	-123.546884	-0.380090	-89.776561	-0.169904	-128.147634	0.111748
9330.000008	-127.067288	-0.320834	-124.324301	0.224617	-93.228810	0.136003	-132.013757	0.464857
9340.000008	-125.416359	-0.108846	-123.735955	-0.018504	-85.907553	0.411153	-132.875211	-0.434356
9350.000008	-121.352387	-0.344132	-130.886619	0.277938	-85.004732	-0.293772	-131.709413	-0.259027
9360.000008	-128.929490	0.328741	-131.424308	0.448503	-79.506969	0.453293	-124.220650	-0.087581
9370.000008	-131.883855	-0.247766	-125.776046	0.392176	-78.631727	-0.057391	-126.907721	0.138350
9380.000008	-130.124515	0.325791	-125.329472	-0.247912	-106.912220	0.077906	-138.321760	-0.340257
9390.000008	-125.380542	0.308777	-130.892698	0.344304	-86.251728	0.369249	-121.677129	-0.038815
9400.000008	-125.908538	0.367818	-123.806430	0.352651	-91.827285	0.018106	-128.253770	0.237044
9410.000008	-137.537383	0.205557	-126.590070	0.384179	-93.138861	-0.346443	-124.157474	0.030748
9420.000008	-121.658698	-0.341505	-128.774751	0.102069	-84.891699	0.306328	-134.449745	0.196071
9430.000008	-135.354591	-0.049749	-126.971786	0.218462	-79.273037	0.430177	-126.668497	0.021045
9440.000008	-122.440384	0.373409	-135.138934	-0.330291	-88.519071	-0.176321	-120.097482	-0.435627
9450.000008	-131.543090	-0.020624	-121.616213	-0.322900	-83.074811	0.482580	-127.743688	-0.278721
9460.000008	-124.125077	-0.130866	-135.650739	-0.042495	-84.870839	-0.183056	-127.955149	-0.373846
9470.000008	-126.900597	-0.336070	-127.262187	0.102882	-93.213891	0.153220	-132.904127	-0.376062
9480.000008	-127.889965	-0.097818	-124.489790	0.047815	-85.277705	-0.493784	-122.314884	0.165111
9490.000008	-126.055868	-0.179925	-119.327390	0.029560	-85.022444	0.489663	-118.329409	0.369335
9500.000008	-126.061948	0.336038	-117.886515	-0.494194	-83.615669	-0.184684	-122.675415	0.264903
9510.000008	-128.851250	-0.220030	-128.748399	-0.295971	-87.278033	-0.288062	-128.242853	-0.061471
9520.000008	-126.278751	0.271650	-142.035451	0.491189	-98.644827	-0.155444	-123.535184	-0.211284
9530.000008	-127.044705	-0.228033	-124.233058	-0.444465	-89.832612	0.094081	-129.748535	-0.092679
9540.000008	-130.207869	0.321868	-125.950061	0.392115	-92.539446	0.380097	-124.626967	-0.289769
9550.000008	-127.265491	0.361091	-130.962407	-0.044065	-89.070064	-0.405401	-123.745518	0.454735
9560.000008	-128.175556	0.057344	-126.501257	-0.376557	-86.308182	-0.185205	-125.885283	-0.240762
9570.000008	-125.689087	0.112303	-125.547118	0.397297	-94.391416	-0.138415	-133.947226	0.254961
9580.000008	-128.518692	-0.138787	-127.821139	-0.446732	-96.064481	0.239948	-128.302580	0.012191
9590.000008	-128.629357	0.186319	-130.848252	0.355296	-82.593395	0.172652	-125.540145	0.116849
9600.000009	-122.954237	-0.326502	-130.369689	-0.433340	-88.118512	-0.140395	-128.292844	-0.330681
9610.000009	-123.811694	-0.321685	-123.634061	-0.372950	-87.049719	-0.045714	-124.401464	0.066780
9620.000009	-131.768457	0.123929	-125.404867	0.255361	-92.537754	-0.424310	-123.586727	0.196258
9630.000009	-131.964965	-0.408574	-124.219131	-0.122432	-88.320889	-0.297952	-131.067764	-0.196843
9640.000009	-121.562113	0.438696	-127.890386	0.259875	-84.025340	0.435736	-124.503965	-0.326332
9650.000009	-127.390770	-0.442676	-123.171175	-0.432401	-88.597607	0.103144	-120.204762	-0.431538
9660.000009	-123.558479	0.135468	-128.000406	0.092535	-88.799785	-0.114320	-121.532235	-0.426826
9670.000009	-127.617031	-0.286585	-120.773971	-0.377121	-96.928548	0.174595	-125.421981	-0.486948
9680.000009	-124.432172	-0.150962	-131.774301	0.183922	-85.062977	0.078276	-128.587986	0.353267
9690.000009	-125.475299	-0.135841	-130.965110	-0.350312	-90.400550	-0.078083	-125.234013	-0.150142
9700.000009	-120.653544	-0.204823	-121.990674	-0.327973	-83.634822	-0.144476	-129.082440	0.414598
9710.000009	-126.811443	-0.206414	-125.034672	-0.358367	-85.547769	0.194446	-119.205969	-0.447215
9720.000009	-124.036855	0.185789	-127.497461	-0.379722	-79.424550	-0.436495	-131.113883	-0.207387
9730.000009	-123.107189	0.115679	-126.501330	-0.152496	-88.782461	-0.029262	-125.569501	0.019161
9740.000009	-134.325332	0.270504	-129.820268	-0.272085	-86.939765	-0.031026	-134.362231	-0.159074
9750.000009	-125.177704	-0.492582	-123.984444	0.474531	-86.469536	0.241319	-136.555024	-0.152755
9760.000009	-127.995422	0.021339	-128.355175	0.321611	-88.355786	0.099843	-130.521200	0.185612
9770.000009	-123.675919	0.176871	-119.397642	-0.047200	-84.519085	-0.164488	-124.370226	0.112819
9780.000009	-132.764815	-0.020520	-122.979671	-0.276202	-91.915299	-0.085619	-120.650277	0.430890
9790.000009	-128.197845	0.094271	-120.239294	0.044716	-83.152804	0.460105	-124.828469	0.322537
9800.000009	-127.082904	0.044252	-123.115288	0.253597	-88.362149	-0.471333	-119.852249	-0.186000
9810.000009	-130.424210	0.495928	-123.043946	-0.295282	-87.397213	-0.275894	-129.563216	0.312412
9820.000009	-125.582378	-0.053790	-169.011322	-0.444267	-86.098105	0.481569	-125.261463	-0.039305
9830.000009	-125.121358	-0.266271	-127.957604	0.379203	-87.204025	-0.412880	-137.161915	-0.385120
9840.000009	-121.788761	0.278929	-132.703528	-0.035738	-97.381166	0.218431	-126.617907	0.353536
9850.000009	-127.081669	0.431037	-128.751440	0.328580	-108.683309	-0.291415	-121.292769	-0.037426
9860.000009	-129.022294	-0.229000	-121.201121	-0.312452	-86.383879	0.228327	-132.331666	-0.192903
9870.000009	-124.413246	-0.392762	-123.549007	0.473030	-91.431941	0.240993	-125.531085	0.417420
9880.000009	-131.529421	-0.413007	-122.028839	-0.472569	-80.425901	0.308278	-133.051933	0.027182
9890.000009	-128.842119	-0.259483	-132.591106	-0.099850	-83.741970	0.172454	-121.531445	0.044468
9900.000009	-141.279378	-0.302002	-122.507451	0.258466	-84.797005	0.092038	-126.213683	0.129957
9910.000009	-134.384943	0.375631	-126.195018	0.409370	-85.276941	-0.155399	-127.301819	0.123093
9920.000009	-126.478190	-0.181284	-126.098464	-0.256960	-84.776116	-0.494810	-130.617457	-0.201739
9930.000009	-122.077585	-0.080871	-122.417311	0.426441	-85.664487	-0.385388	-121.633598	0.346435
9940.000009	-118.312969	-0.309300	-122.933880	-0.242014	-89.519576	0.422369	-121.259814	0.161607
9950.000009	-137.558049	0.236350	-124.504126	0.076287	-84.370811	0.375598	-129.398430	0.186679
9960.000009	-132.130192	-0.334164	-132.679721	0.461346	-83.746567	0.057786	-128.677329	0.481405
9970.000009	-129.662647	0.339839	-129.546488	0.293435	-92.496982	-0.152330	-132.145988	-0.199113
9980.000009	-129.735811	-0.466339	-125.097489	-0.325610	-89.665814	-0.277018	-124.240530	0.498422
9990.000009	-123.095924	-0.000694	-121.860072	-0.240353	-98.723339	-0.398161	-128.775719	0.300781
10000.000009	-120.315352	-0.423816	-122.492643	-0.345629	-89.920376	0.386428	-121.168175	-0.295556
