% f86.txt
% Date Sat, Jun 26, 2021 5:24 PM
% Sine seq
% Response spectrum
% Stim level (V pk) 0.500, 0 dB filter gain, 120.0 dB attenuation
% Stim RMS (V) 0.000
% Freq [Hz]	Ch0 Mag [dB]	Ch0 Phase [cyc]	Ch1 Mag [dB]	Ch1 Phase [cyc]	Ch2 Mag [dB]	Ch2 Phase [cyc]	Ch3 Mag [dB]	Ch3 Phase [cyc]
%%end
10.000000	-122.723194	0.002987	-117.913973	0.176920	-70.942259	0.357478	-118.774748	-0.004292
20.000000	-122.267209	-0.432837	-111.304614	-0.312703	-74.767658	-0.107076	-116.707792	0.467946
30.000000	-120.846116	0.151135	-119.202247	0.439514	-88.455135	-0.258033	-120.991052	0.489396
40.000000	-122.060311	-0.000559	-122.562783	0.066673	-63.577984	-0.492494	-115.293932	-0.316771
50.000000	-127.801394	0.433290	-116.135353	-0.221483	-67.016142	0.239093	-120.877018	-0.101538
60.000000	-97.596591	-0.443211	-89.484601	-0.163231	-53.893787	0.172940	-100.418630	0.277731
70.000000	-123.831664	-0.420400	-114.853906	0.289085	-66.343974	-0.246001	-124.731927	-0.258903
80.000000	-119.944535	0.362952	-118.778425	0.296574	-61.452249	0.389626	-121.955004	0.058601
90.000000	-121.189988	0.248282	-121.183306	-0.394726	-61.130740	0.490032	-130.092381	0.352159
100.000000	-120.744994	0.468781	-119.489205	-0.112259	-58.191207	0.385091	-142.553392	-0.006475
110.000000	-125.824928	-0.348697	-125.862295	0.012661	-61.923956	-0.030474	-126.273589	-0.158114
120.000000	-121.436615	-0.460026	-117.194722	0.408703	-56.453813	-0.382512	-127.908491	-0.424688
130.000000	-120.364236	0.217539	-126.478726	-0.126813	-54.302385	0.127082	-124.708486	0.168621
140.000000	-124.640473	-0.072960	-125.630027	-0.386879	-64.235069	-0.078915	-119.480151	-0.035190
150.000000	-122.502982	0.462056	-129.272601	-0.112674	-64.716061	-0.362795	-141.545406	0.021528
160.000000	-124.445031	0.004209	-127.333110	-0.237763	-64.517691	-0.328573	-118.243787	-0.062538
170.000000	-124.032700	-0.434407	-124.047725	-0.496898	-55.877280	0.254664	-120.373768	0.464978
180.000000	-107.538140	0.049887	-94.167809	0.005931	-62.047802	-0.393381	-95.326401	0.377025
190.000000	-120.662126	0.025851	-122.293522	-0.316660	-61.713788	-0.151350	-134.743539	-0.319696
200.000000	-129.631155	0.260490	-121.808351	0.023018	-67.348269	-0.149659	-124.479207	0.009635
210.000000	-121.437417	0.386569	-126.818678	-0.019974	-53.320633	-0.423635	-127.465765	-0.388073
220.000000	-126.264749	-0.156347	-129.903322	0.032730	-69.589614	-0.294250	-127.888271	0.199072
230.000000	-139.718633	0.175853	-123.146680	0.056069	-59.508769	-0.437913	-132.619608	0.224369
240.000000	-133.135361	-0.158957	-120.511811	0.468327	-58.576872	0.346093	-121.633460	0.044736
250.000000	-124.460845	-0.020394	-118.471322	-0.153607	-70.611405	-0.318718	-128.320341	0.485915
260.000000	-118.677690	-0.201847	-129.100473	0.122342	-61.887793	0.075286	-126.013873	0.450024
270.000000	-124.859982	-0.484431	-119.276001	-0.429987	-59.150437	0.225808	-119.499176	0.033177
280.000000	-127.331958	0.130416	-127.947670	-0.257957	-62.491969	0.258574	-123.551803	0.238385
290.000000	-119.231635	-0.235752	-142.623374	0.033633	-58.431030	0.418377	-130.260823	0.212943
300.000000	-109.668819	-0.279661	-107.053406	0.186357	-62.345463	-0.040511	-111.179042	-0.499868
310.000000	-130.357296	0.335014	-129.354949	0.142110	-58.813669	0.190368	-125.139737	-0.492329
320.000000	-121.239559	0.382194	-120.639677	-0.477764	-62.678756	0.110873	-127.227755	0.421024
330.000000	-127.441364	-0.410878	-123.291458	0.258165	-61.957358	0.063312	-124.780698	-0.125622
340.000000	-121.800200	0.102078	-125.038332	0.416961	-67.229031	0.463738	-127.954022	0.414270
350.000000	-133.124694	-0.108543	-132.261686	0.404349	-64.198233	-0.210526	-125.523372	-0.202493
360.000000	-121.749803	-0.030089	-126.765754	0.034687	-65.294589	-0.379308	-105.739767	-0.245541
370.000000	-137.294961	-0.198633	-116.362824	0.278384	-58.735621	-0.264129	-129.839247	0.008123
380.000000	-130.728474	0.001066	-134.615535	0.131934	-62.817244	-0.266704	-127.567460	0.302562
390.000000	-134.715748	-0.263168	-127.589097	0.398495	-57.772702	0.427652	-125.879080	0.465624
400.000000	-123.009033	-0.133360	-123.478173	-0.242076	-72.301173	-0.469761	-131.215347	-0.209814
410.000000	-121.643751	0.410288	-120.310442	0.413875	-71.428610	0.107121	-122.574332	0.289549
420.000000	-121.810256	0.013986	-119.752622	-0.008581	-78.074822	-0.090601	-130.027292	0.432124
430.000000	-140.460170	-0.298995	-126.127234	0.443639	-67.649892	-0.316351	-136.562532	0.361220
440.000000	-122.008586	-0.324698	-124.490623	-0.388752	-66.422978	-0.269371	-127.342176	-0.422836
450.000000	-123.041511	0.182356	-134.856951	-0.139575	-64.648809	0.108345	-125.042891	0.238965
460.000000	-128.365495	-0.061841	-133.782041	0.271951	-68.130066	-0.420569	-123.993295	-0.044822
470.000000	-129.250935	0.152703	-122.174955	-0.432044	-63.474683	0.033296	-124.961888	-0.352003
480.000000	-130.213882	-0.141932	-122.286953	-0.141186	-73.370164	0.468217	-125.179727	-0.032394
490.000000	-124.793180	0.073538	-131.681754	-0.257239	-65.138476	-0.438609	-122.114492	-0.418631
500.000000	-122.265017	0.253331	-119.643751	0.143278	-63.458602	-0.307631	-127.285021	0.080809
510.000000	-120.459718	0.182100	-124.621808	-0.230712	-63.679601	-0.469191	-124.120046	-0.259231
520.000000	-128.596457	-0.371702	-132.978259	0.457740	-59.291471	-0.174244	-119.877678	0.377457
530.000000	-121.785056	0.188171	-122.675682	0.060394	-60.353030	0.039599	-125.387730	-0.173477
540.000000	-127.756211	0.345632	-116.078705	-0.412305	-63.618689	-0.183510	-127.708542	0.248623
550.000000	-127.688769	-0.078433	-125.128134	-0.129334	-59.527770	0.356354	-119.604718	0.392902
560.000000	-122.396560	-0.499811	-120.672745	-0.453109	-65.626331	-0.161636	-128.409383	-0.258720
570.000001	-138.336729	0.024042	-122.571984	-0.131783	-63.176501	0.301310	-125.136286	-0.083788
580.000001	-132.367328	0.156600	-137.595691	-0.006432	-82.055685	-0.449669	-121.877794	0.194546
590.000001	-121.005361	-0.134935	-119.949237	-0.319303	-68.062515	0.483043	-126.664789	0.193749
600.000001	-132.112783	0.334777	-126.010467	0.370064	-73.360726	-0.233847	-133.935508	-0.027737
610.000001	-130.687376	-0.229324	-132.274769	0.046901	-63.135580	-0.420940	-122.468762	-0.175356
620.000001	-120.719141	0.056157	-131.336409	-0.424536	-66.494495	-0.016267	-129.026414	0.082567
630.000001	-119.319784	-0.253454	-126.038565	0.199709	-66.868351	-0.107729	-127.512967	0.454944
640.000001	-125.782552	0.252228	-132.065252	0.402119	-70.339394	-0.146970	-132.918189	-0.390669
650.000001	-127.346201	0.183138	-131.948385	0.056837	-67.795101	0.034632	-130.699373	0.345008
660.000001	-121.738239	-0.368841	-133.978918	-0.394786	-64.540420	0.162174	-129.943889	0.306399
670.000001	-125.671912	0.350484	-134.609288	-0.379129	-77.129076	0.125771	-129.413444	-0.428341
680.000001	-123.731954	-0.264530	-127.218903	-0.327879	-62.762002	0.495964	-125.876378	-0.242074
690.000001	-119.637457	0.228488	-132.413801	0.161176	-64.723919	-0.064420	-120.848435	0.192360
700.000001	-127.122906	-0.393527	-128.787371	-0.466688	-63.849903	-0.302924	-115.974773	0.330230
710.000001	-126.688189	0.412543	-127.258043	-0.238349	-61.982108	-0.427103	-128.410586	-0.049988
720.000001	-125.524185	-0.463943	-128.942732	0.399611	-69.744850	0.211780	-122.320981	-0.086559
730.000001	-128.709686	0.436703	-120.487910	0.039754	-65.459175	0.287457	-125.839966	-0.061489
740.000001	-121.728528	-0.291072	-124.837071	0.085932	-63.207267	0.140631	-137.406962	0.480028
750.000001	-128.502409	0.437490	-131.902593	-0.315573	-65.618707	0.428576	-126.855837	0.393055
760.000001	-132.732089	-0.021133	-120.285453	0.062901	-66.407996	0.493212	-122.069587	0.374171
770.000001	-122.125301	-0.018992	-122.795767	0.271922	-73.096271	-0.031029	-129.668681	-0.062945
780.000001	-123.025551	-0.311366	-118.421857	-0.183447	-70.911085	0.129413	-126.062111	-0.450982
790.000001	-125.420516	-0.094254	-123.345726	0.156503	-69.973947	0.346025	-138.669652	-0.405738
800.000001	-122.568985	0.248227	-126.059425	0.111226	-65.076293	0.312913	-131.427685	0.349199
810.000001	-138.600507	-0.403258	-124.856632	-0.047040	-77.299117	0.038339	-128.079732	0.485960
820.000001	-120.594678	-0.439211	-123.464414	-0.384527	-66.182344	0.353910	-127.563480	-0.384303
830.000001	-126.827341	0.374193	-125.938118	0.071847	-69.380299	0.457048	-138.315033	0.180477
840.000001	-140.593321	0.134929	-120.939192	0.112961	-68.066311	0.315572	-122.464376	0.057574
850.000001	-122.589554	-0.418495	-123.792292	0.056638	-71.988045	0.186440	-125.125748	0.265895
860.000001	-130.423376	0.455716	-125.547118	-0.268703	-69.183616	0.268988	-131.097492	-0.048784
870.000001	-122.338473	0.290705	-129.467710	-0.070549	-69.657895	0.104008	-134.086873	0.353962
880.000001	-132.965982	-0.243756	-124.491808	0.398264	-78.258343	-0.445223	-124.973342	-0.413152
890.000001	-122.667337	0.477659	-122.670487	-0.161924	-66.873771	-0.145241	-127.158844	-0.486103
900.000001	-120.439955	0.072109	-125.504408	0.141075	-69.235494	0.084032	-124.168284	0.270138
910.000001	-136.669443	0.135469	-139.634156	0.377893	-70.074828	-0.192957	-123.343422	0.106210
920.000001	-124.413690	0.053663	-120.457167	0.335282	-75.667203	-0.133695	-128.597366	-0.115278
930.000001	-125.349147	0.469993	-121.754831	-0.399380	-72.440193	-0.340242	-127.857685	0.065881
940.000001	-123.099514	-0.220697	-126.813695	-0.139215	-72.880189	-0.324032	-126.978308	0.387913
950.000001	-130.368034	0.251642	-121.213836	-0.433530	-72.867882	-0.139451	-129.886344	0.228074
960.000001	-131.453728	0.480567	-121.396627	0.267832	-62.988051	-0.055442	-133.475021	0.317033
970.000001	-136.614149	-0.081503	-127.537718	0.132621	-72.740647	-0.244731	-122.332537	-0.325658
980.000001	-129.319846	0.080464	-134.870553	0.479417	-71.280791	-0.396846	-123.855819	-0.252553
990.000001	-124.019994	0.137514	-121.605339	-0.146220	-77.165529	0.152555	-125.100296	0.346201
1000.000001	-119.144222	0.173130	-125.530222	0.312087	-69.425010	0.331445	-137.527731	-0.499135
1010.000001	-117.977212	0.209868	-122.470299	0.250822	-70.261310	-0.482583	-125.873269	0.047213
1020.000001	-117.597804	0.008797	-119.088823	-0.432715	-88.573414	0.286440	-120.997795	0.018359
1030.000001	-119.944199	0.006192	-119.125118	-0.133312	-74.728218	0.407739	-134.705292	-0.444132
1040.000001	-122.365490	0.301498	-126.809686	0.377939	-71.745060	-0.099483	-128.261551	-0.009892
1050.000001	-126.767442	-0.375272	-119.551130	0.185312	-70.645792	-0.143734	-128.591778	0.206233
1060.000001	-120.796878	0.038282	-121.595777	-0.044789	-68.441817	-0.190354	-124.768443	-0.214178
1070.000001	-121.289167	0.420136	-118.002761	0.290378	-69.194373	-0.001377	-128.897430	0.237650
1080.000001	-127.031953	0.002981	-120.855677	0.123086	-70.431168	0.117896	-124.937131	-0.273630
1090.000001	-122.641663	-0.375129	-134.573453	0.256533	-70.018145	-0.447666	-123.280123	-0.037650
1100.000001	-121.401307	0.019750	-130.255587	-0.064110	-69.352125	0.020063	-115.356349	-0.456012
1110.000001	-126.065491	0.482912	-122.944537	-0.253716	-69.284063	0.217717	-139.257508	-0.178194
1120.000001	-138.315734	-0.179417	-116.463161	-0.169331	-72.322027	0.085894	-121.169623	0.303329
1130.000001	-141.009162	0.275588	-128.168416	-0.354048	-70.048854	-0.325431	-123.389964	-0.121513
1140.000001	-129.924144	0.318429	-127.234977	0.366650	-72.291785	-0.405639	-125.333616	0.197084
1150.000001	-119.979048	0.060095	-120.955772	-0.191703	-77.350389	0.251485	-121.201027	0.147817
1160.000001	-129.963528	-0.493307	-121.454159	0.054813	-69.780560	0.194887	-129.295252	-0.403916
1170.000001	-126.012782	-0.194922	-127.852445	0.385536	-64.737153	-0.290592	-127.393158	0.272262
1180.000001	-124.922473	0.118445	-129.675307	0.467975	-75.130660	-0.073768	-126.891740	-0.343468
1190.000001	-133.757804	-0.481348	-122.595355	0.080281	-69.610566	0.280883	-123.912963	-0.330437
1200.000001	-128.398769	-0.131137	-122.825450	-0.454947	-72.877368	0.074064	-125.429387	-0.298082
1210.000001	-122.685909	0.252322	-125.818032	-0.139020	-76.722913	-0.403315	-132.459592	-0.152775
1220.000001	-124.090780	0.194324	-142.504262	-0.084010	-66.948639	-0.079829	-134.923322	-0.124185
1230.000001	-128.170685	-0.047017	-126.132280	-0.021984	-76.946977	-0.317369	-126.029491	0.422360
1240.000001	-121.276682	0.434206	-135.607771	-0.451109	-70.772962	-0.260077	-129.854180	-0.492650
1250.000001	-129.753725	-0.091019	-127.784668	-0.096583	-67.233009	0.373654	-129.556720	0.407279
1260.000001	-124.151315	-0.474255	-115.318714	0.489717	-62.516475	0.126009	-119.752187	0.474916
1270.000001	-124.005318	-0.005082	-122.418823	-0.369123	-82.866214	0.388003	-120.481243	0.217814
1280.000001	-129.450823	-0.192987	-124.893234	-0.367837	-75.831392	0.414687	-121.799917	-0.422811
1290.000001	-128.950253	-0.404680	-128.702265	0.047405	-82.564271	0.155435	-125.247261	-0.306545
1300.000001	-126.605632	0.081756	-116.832888	-0.111488	-77.733932	0.282865	-124.991371	-0.425512
1310.000001	-117.622669	0.036819	-111.225709	-0.368831	-65.551416	0.140483	-121.102964	0.308688
1320.000001	-128.708761	-0.349028	-114.167890	0.033725	-73.213845	0.116973	-127.005957	0.266635
1330.000001	-134.076250	-0.111844	-119.145601	0.389210	-70.520098	0.431180	-122.532812	-0.130756
1340.000001	-123.908860	0.110906	-122.438905	0.363018	-78.696140	-0.164023	-125.016191	-0.016321
1350.000001	-121.633483	0.114263	-127.929124	0.410516	-71.973782	-0.046222	-124.920655	-0.098806
1360.000001	-128.323821	-0.337556	-119.537750	0.179621	-80.126667	-0.236697	-125.398827	0.367845
1370.000001	-122.688404	-0.363971	-127.213300	-0.172796	-63.883671	0.242695	-127.026405	0.129648
1380.000001	-123.826748	-0.230038	-119.492353	0.063517	-75.818301	-0.256064	-125.220228	0.478096
1390.000001	-117.544430	-0.396529	-114.965954	0.243813	-72.115950	-0.155268	-126.601697	0.077758
1400.000001	-132.375165	-0.193436	-119.124709	0.035126	-64.464677	0.126997	-128.740504	0.214678
1410.000001	-120.375925	-0.085070	-124.464422	0.242761	-71.980740	0.029376	-123.543865	-0.066767
1420.000001	-125.962173	0.142206	-114.093866	0.417314	-72.129226	-0.442110	-121.908782	0.311231
1430.000001	-122.728667	0.354401	-123.910802	0.297758	-70.183139	-0.176492	-126.274056	-0.106310
1440.000001	-122.352977	0.329604	-113.455352	-0.236295	-72.400318	0.198101	-121.209546	-0.452598
1450.000001	-128.190928	-0.142214	-120.012589	-0.117509	-82.290373	-0.319944	-118.586736	0.333956
1460.000001	-130.117512	-0.194613	-129.047161	0.096142	-75.394512	0.437861	-126.266208	-0.228922
1470.000001	-129.422366	0.100748	-128.769845	0.191601	-71.978983	-0.126447	-123.279426	-0.242479
1480.000001	-121.001866	0.381558	-122.547859	-0.233060	-65.596689	0.283726	-140.261396	0.128598
1490.000001	-135.669595	0.440477	-124.822749	-0.377389	-73.169944	0.453053	-128.765829	-0.130371
1500.000001	-122.700060	0.343355	-128.127807	0.445515	-92.010573	0.462159	-125.195663	0.359910
1510.000001	-122.046489	-0.225614	-121.505154	-0.351121	-71.553001	-0.050247	-130.695701	-0.455578
1520.000001	-129.447212	0.176442	-119.298034	-0.435243	-73.781183	0.202903	-124.838335	0.311140
1530.000001	-123.077358	0.344348	-126.386030	-0.198518	-75.771723	-0.109837	-122.055112	-0.454336
1540.000001	-128.484625	0.248045	-121.827344	0.028820	-76.067049	-0.125498	-129.207007	0.112583
1550.000001	-121.036367	0.042747	-121.462381	-0.264917	-77.354919	0.409873	-123.908097	0.186801
1560.000001	-129.218123	0.317385	-121.011325	-0.374075	-79.542324	-0.149564	-120.619327	0.479810
1570.000001	-131.047534	-0.020071	-125.941177	-0.025950	-80.244524	0.076831	-123.741434	0.019470
1580.000001	-134.860172	-0.477734	-132.781090	-0.244400	-74.940983	-0.119744	-137.212426	-0.370102
1590.000001	-124.859914	0.211433	-130.374500	-0.078198	-69.023985	0.012893	-130.256855	-0.454648
1600.000001	-126.327240	-0.199890	-137.338858	-0.301431	-69.781045	-0.047652	-125.215496	-0.033744
1610.000001	-128.557174	-0.447645	-122.110480	-0.361973	-67.667016	-0.251771	-129.719128	-0.246356
1620.000001	-125.359383	-0.250128	-128.273329	0.258108	-73.380817	-0.090153	-122.184000	0.420373
1630.000001	-125.419881	-0.201733	-127.922596	-0.046404	-71.407780	0.053030	-126.163897	-0.400952
1640.000001	-122.808976	-0.294418	-123.349131	-0.271858	-93.741545	-0.046851	-130.265718	0.328861
1650.000001	-128.662494	0.138745	-123.565066	0.165929	-75.138224	-0.315180	-121.785387	0.069128
1660.000001	-134.699974	0.499053	-120.862150	-0.016549	-70.070007	-0.219232	-122.686362	-0.024540
1670.000001	-135.980010	-0.256632	-127.982404	-0.244190	-75.664959	-0.139392	-125.412433	-0.375101
1680.000001	-128.743793	0.371975	-122.567225	0.184140	-77.865454	-0.159295	-127.611024	0.149450
1690.000001	-127.034938	0.345803	-122.515637	-0.217224	-79.937387	-0.211983	-129.445955	-0.323772
1700.000002	-121.599075	0.001605	-122.088348	-0.024453	-71.794660	-0.180162	-115.082860	0.118047
1710.000002	-123.094558	-0.345063	-121.780970	-0.438938	-71.540335	-0.273326	-122.139675	0.461667
1720.000002	-125.306112	0.419230	-121.802446	0.464650	-74.204245	-0.069135	-124.399027	0.214560
1730.000002	-123.841879	0.288635	-130.393581	-0.003700	-71.808988	-0.008711	-124.677941	0.256651
1740.000002	-122.483540	-0.100165	-124.440660	-0.457501	-73.982411	0.035432	-124.197566	0.063995
1750.000002	-121.070758	-0.482616	-129.630614	-0.304801	-71.759755	-0.019491	-133.399981	0.379254
1760.000002	-140.319455	0.289068	-135.810817	-0.310456	-69.101797	0.009278	-134.403196	0.244818
1770.000002	-130.056330	-0.190039	-130.772172	0.113427	-74.010679	0.361327	-154.098347	0.146564
1780.000002	-133.031336	0.134468	-126.691856	-0.198113	-69.750098	0.148056	-147.290946	-0.400510
1790.000002	-124.210200	-0.195342	-139.892384	0.436709	-73.861332	0.146844	-122.446484	-0.090496
1800.000002	-142.865131	-0.278128	-122.550527	0.227019	-87.049506	0.098330	-116.347861	0.294869
1810.000002	-119.914993	-0.382710	-127.011847	0.184524	-69.374034	0.329196	-129.294022	-0.392900
1820.000002	-121.021461	0.307072	-118.527898	0.359959	-98.839207	0.482270	-119.460628	-0.435938
1830.000002	-123.944574	-0.247098	-127.798503	0.304565	-87.144306	0.108349	-127.293104	-0.004336
1840.000002	-134.133184	0.463567	-123.531097	-0.019312	-76.798276	0.216275	-129.616606	0.429992
1850.000002	-130.962867	0.090138	-140.231246	0.279993	-70.774950	0.024527	-142.301730	0.402366
1860.000002	-129.020781	-0.399278	-125.838310	-0.058405	-80.566269	0.443616	-122.082836	0.078759
1870.000002	-140.687547	0.418207	-129.658931	-0.418385	-80.094501	0.364983	-128.222919	-0.349723
1880.000002	-125.362169	-0.461985	-124.259285	0.486651	-75.322553	0.113705	-125.770782	-0.372270
1890.000002	-128.628203	0.226154	-121.427549	0.413855	-74.956767	-0.029184	-174.187947	-0.136572
1900.000002	-132.057547	-0.489557	-125.295217	-0.243326	-72.343068	-0.166975	-125.093278	-0.045905
1910.000002	-128.081768	0.495303	-122.625956	-0.183725	-77.881222	-0.349191	-128.776375	0.321064
1920.000002	-133.634825	-0.204594	-125.903013	0.180640	-78.703179	0.266597	-124.131539	0.442930
1930.000002	-121.128945	-0.468593	-120.443976	-0.024198	-79.763942	0.216368	-123.740508	-0.426331
1940.000002	-125.379540	-0.082778	-127.915571	-0.326130	-78.455097	-0.436650	-128.549164	-0.402914
1950.000002	-129.446919	-0.050104	-129.775052	0.273243	-75.678181	-0.274951	-123.237311	-0.471485
1960.000002	-128.655926	-0.383086	-123.654821	-0.005807	-75.456702	0.084034	-128.795977	0.254600
1970.000002	-122.808344	0.152583	-130.414851	-0.047044	-73.133564	-0.010514	-130.244884	0.406838
1980.000002	-133.701845	0.388928	-122.830257	-0.001259	-72.242537	-0.381562	-125.646241	-0.019930
1990.000002	-124.158211	-0.003193	-125.705215	0.339577	-66.763836	0.396792	-136.339189	-0.314935
2000.000002	-127.261506	-0.265635	-124.309704	-0.326813	-70.905658	-0.493302	-125.877678	-0.172156
2010.000002	-123.886668	0.431805	-128.622085	-0.432395	-70.747377	-0.026898	-119.952358	0.277265
2020.000002	-143.000794	0.107020	-125.698495	-0.486996	-79.894669	-0.119037	-131.004947	-0.373129
2030.000002	-126.163023	0.312325	-126.711989	-0.234168	-74.197261	0.471883	-129.438919	-0.000772
2040.000002	-121.739858	0.305422	-123.228538	0.051529	-87.075666	-0.190667	-125.382571	0.274820
2050.000002	-134.588566	0.482779	-133.783423	0.466800	-86.433326	0.151589	-131.065569	0.199818
2060.000002	-130.702993	-0.270206	-120.519570	0.166730	-75.596080	-0.483623	-143.972442	0.022529
2070.000002	-125.906805	0.354240	-131.408537	-0.146078	-72.552065	0.404281	-128.072992	0.419500
2080.000002	-121.415657	-0.485280	-125.824209	0.076009	-78.081223	-0.139416	-128.556056	-0.050405
2090.000002	-127.499547	-0.220020	-134.122129	-0.436822	-71.030575	0.287816	-126.057740	-0.092725
2100.000002	-126.496045	0.360627	-134.515975	0.030644	-80.463200	-0.240474	-131.028730	0.173407
2110.000002	-126.317206	0.014842	-132.170026	0.313026	-74.077261	-0.303389	-126.936055	-0.181071
2120.000002	-125.828284	-0.389981	-124.102456	0.296793	-78.326851	0.099720	-143.221992	-0.223223
2130.000002	-122.597603	0.280832	-128.693684	-0.233614	-70.779854	0.412363	-127.271388	-0.384569
2140.000002	-125.439452	-0.299642	-118.938899	0.176378	-76.765669	0.268738	-131.746221	0.304104
2150.000002	-124.093919	-0.375822	-125.285571	-0.128198	-89.325546	-0.258862	-122.388316	-0.380660
2160.000002	-128.526650	-0.309359	-128.327211	0.458723	-80.252943	-0.071351	-116.103664	-0.415838
2170.000002	-135.124869	0.059129	-124.690683	0.117339	-79.004804	-0.277794	-131.847763	-0.183102
2180.000002	-129.990132	0.420506	-121.464790	0.316642	-77.606145	0.498456	-115.447529	0.257627
2190.000002	-120.641605	0.048180	-138.482963	-0.031882	-68.146321	0.163174	-136.593623	-0.038022
2200.000002	-124.926127	0.199460	-122.806188	0.227439	-74.603280	0.386141	-125.579309	0.092286
2210.000002	-126.930070	-0.309941	-127.643683	-0.450178	-81.032432	-0.053626	-119.148396	0.173550
2220.000002	-120.676809	0.476304	-121.320776	0.237426	-85.092512	0.411818	-125.667169	0.085235
2230.000002	-124.803641	0.311109	-121.514700	-0.075446	-97.482997	0.138543	-124.913588	-0.430762
2240.000002	-145.264883	0.280898	-123.848617	-0.254102	-81.880813	-0.060611	-125.477787	-0.105680
2250.000002	-140.353931	0.251852	-140.453396	-0.288898	-74.815210	0.269705	-127.539456	0.265829
2260.000002	-126.349283	0.492954	-127.372921	0.413969	-75.953704	-0.018527	-127.440523	-0.341430
2270.000002	-130.497557	-0.353764	-127.386222	0.269957	-68.604962	-0.213774	-123.750007	0.249972
2280.000002	-124.912672	-0.343185	-129.387675	-0.216410	-73.386185	0.183454	-124.651687	-0.068233
2290.000002	-123.356281	-0.121089	-125.110770	0.081066	-79.768065	0.236963	-129.634756	-0.404893
2300.000002	-125.234373	-0.082548	-139.251094	-0.222949	-71.447845	-0.255863	-125.733522	-0.430469
2310.000002	-120.220791	-0.257245	-125.766221	-0.272567	-75.215071	-0.286376	-135.215974	-0.471557
2320.000002	-132.241549	0.499853	-129.202312	0.141633	-80.594240	-0.473870	-122.105423	-0.393459
2330.000002	-128.592642	-0.417697	-139.476391	-0.382580	-76.847980	-0.262943	-124.343552	0.492337
2340.000002	-120.054383	-0.190521	-125.386593	-0.004102	-74.325617	0.193544	-127.509797	0.257331
2350.000002	-133.214859	-0.009518	-129.103835	0.443084	-83.931649	0.337543	-139.818658	-0.013621
2360.000002	-124.268845	0.115941	-139.221788	-0.337860	-79.587919	0.142446	-123.142848	0.491759
2370.000002	-127.139234	-0.395954	-125.619575	0.347297	-82.710492	-0.492936	-127.663005	-0.251359
2380.000002	-136.206473	0.085330	-129.232992	-0.095583	-79.688669	0.204784	-124.634225	0.208773
2390.000002	-129.340040	0.109175	-133.122917	-0.106725	-72.844585	0.209863	-132.982856	-0.021967
2400.000002	-123.462633	0.297098	-131.965106	0.232635	-86.167521	0.472640	-129.621133	-0.198713
2410.000002	-129.540598	-0.127342	-119.665012	-0.373578	-74.763670	0.091799	-126.847442	0.203088
2420.000002	-121.004918	-0.356971	-129.633936	0.435561	-92.076599	-0.380723	-122.021233	0.489148
2430.000002	-135.056200	-0.002689	-124.467080	-0.016963	-79.391793	0.093542	-120.522697	0.493102
2440.000002	-127.611801	-0.013455	-127.039315	0.490572	-76.603352	0.247424	-127.971363	-0.422568
2450.000002	-126.495148	-0.132236	-123.801627	0.044018	-82.015028	-0.081205	-121.243866	-0.195115
2460.000002	-119.610324	0.240994	-123.988025	0.054386	-80.267497	-0.032905	-123.231616	-0.495605
2470.000002	-122.720924	-0.039014	-129.469458	-0.477686	-91.135234	0.249387	-124.652176	-0.331178
2480.000002	-129.788692	0.453133	-124.187297	0.239838	-73.385521	-0.101468	-125.499800	0.048306
2490.000002	-126.978999	0.209892	-127.093886	-0.063408	-70.827853	0.141898	-134.469304	0.079080
2500.000002	-124.638315	-0.416057	-125.978330	0.278068	-79.235502	-0.427458	-128.291572	0.452519
2510.000002	-128.257540	0.079238	-124.128004	-0.358970	-87.091867	0.001642	-131.463256	0.251760
2520.000002	-121.215837	0.160596	-123.583988	0.073953	-81.957112	0.098754	-124.395747	-0.474777
2530.000002	-128.504295	-0.436838	-120.570647	-0.175506	-74.968985	0.193762	-134.232365	0.139952
2540.000002	-120.437066	0.115302	-124.617876	-0.163851	-78.551097	-0.092308	-125.393431	-0.332412
2550.000002	-122.375261	0.411208	-131.170750	-0.262872	-82.523701	0.413057	-126.787185	0.034087
2560.000002	-123.723088	-0.225874	-125.697961	0.007007	-76.490727	-0.279382	-123.369404	0.149172
2570.000002	-125.869022	-0.282840	-122.271968	-0.348143	-74.845323	-0.436855	-127.929421	-0.145371
2580.000002	-136.839035	-0.274986	-134.523544	0.437903	-73.032502	0.248193	-134.635425	-0.071561
2590.000002	-124.071401	-0.242685	-120.785657	-0.044394	-77.997414	-0.175488	-131.237068	0.450866
2600.000002	-125.137952	-0.136650	-125.132613	-0.044579	-70.549683	0.061816	-126.877463	0.396360
2610.000002	-134.161190	0.312473	-124.355709	-0.288100	-75.796094	0.241578	-131.223445	0.105441
2620.000002	-125.462167	-0.348928	-132.242284	-0.323581	-85.799565	-0.015415	-141.125440	0.424969
2630.000002	-129.178946	0.086831	-120.959675	-0.005327	-79.771216	-0.052082	-133.138788	-0.102162
2640.000002	-130.787420	0.435755	-130.445429	-0.108219	-77.081049	-0.300313	-134.026688	-0.419595
2650.000002	-127.412076	0.268818	-153.677148	0.093981	-82.517458	-0.335443	-121.569514	0.487673
2660.000002	-129.519131	0.260520	-126.502150	0.348731	-80.308699	0.440735	-134.774271	-0.190221
2670.000002	-126.917941	-0.085762	-132.675175	-0.309588	-76.568248	0.269093	-128.626488	-0.372481
2680.000002	-125.217245	-0.154294	-127.677326	-0.139854	-74.655638	-0.123443	-122.347240	0.013886
2690.000002	-131.541251	0.276765	-126.169795	-0.299658	-78.160816	-0.405540	-138.392296	-0.406469
2700.000002	-123.126304	-0.119637	-121.510646	-0.054498	-82.347319	0.465966	-137.383088	0.383427
2710.000002	-122.947639	0.419219	-120.302319	0.415698	-87.804901	0.168136	-125.335798	0.188545
2720.000002	-127.636763	-0.281828	-121.584314	-0.318280	-71.235246	-0.327063	-140.221288	-0.375916
2730.000002	-124.586965	-0.171837	-119.243083	-0.202302	-72.974351	-0.286482	-122.845781	-0.386068
2740.000002	-125.264239	0.065583	-140.753117	-0.475986	-75.609409	0.117192	-135.561893	-0.264079
2750.000002	-127.273375	-0.003518	-123.432387	0.116705	-86.384848	-0.336263	-129.066547	0.038591
2760.000002	-124.705112	-0.011193	-124.999677	0.175125	-75.091580	-0.205738	-127.531030	-0.297513
2770.000002	-123.675833	0.431400	-136.450694	0.155005	-77.717859	-0.386760	-120.441417	0.335284
2780.000002	-124.199321	0.013647	-130.684180	-0.175617	-74.505606	0.146251	-125.344078	-0.434413
2790.000002	-130.907060	0.089622	-121.071035	0.269482	-76.073240	-0.418291	-122.942235	0.381632
2800.000002	-141.726088	-0.106841	-128.525293	-0.241803	-90.550034	0.163945	-138.954158	-0.103620
2810.000002	-128.722073	-0.454771	-128.426111	-0.237325	-78.236010	-0.245834	-122.089850	-0.484131
2820.000002	-124.636560	0.008212	-126.356494	0.379192	-77.605255	0.016672	-129.948579	0.077711
2830.000003	-127.611491	0.183574	-134.603921	-0.234861	-83.562501	-0.266297	-128.551498	-0.006542
2840.000003	-127.737001	-0.181186	-123.611685	-0.477186	-80.036518	-0.220373	-128.324761	0.393292
2850.000003	-138.734937	-0.313975	-128.125441	-0.440038	-70.871416	-0.428141	-129.324400	0.133365
2860.000003	-127.192400	-0.101818	-124.565154	0.272532	-83.419787	0.200118	-124.658863	0.287832
2870.000003	-125.755886	-0.391360	-136.407924	-0.288398	-73.392442	0.094557	-124.275282	0.059426
2880.000003	-125.995841	-0.349486	-132.103363	-0.067969	-74.984704	-0.363657	-128.252806	0.207856
2890.000003	-121.849756	0.175759	-122.070933	-0.002204	-80.673801	0.065696	-128.533455	0.451510
2900.000003	-126.540751	-0.350537	-124.739562	0.084783	-87.796892	0.016617	-128.189331	0.110737
2910.000003	-127.845240	-0.321629	-126.467126	-0.351071	-81.704920	-0.047710	-126.741912	-0.324397
2920.000003	-130.394113	-0.427333	-127.103401	0.183082	-72.896094	-0.114116	-122.621002	-0.054099
2930.000003	-132.663999	-0.296735	-128.280975	-0.050757	-81.847522	0.052795	-125.541372	-0.477855
2940.000003	-124.727630	0.483513	-134.043644	-0.454434	-79.823186	0.217990	-128.343664	-0.259893
2950.000003	-129.356797	-0.205284	-128.230532	0.333408	-78.477077	0.171183	-124.644117	-0.253292
2960.000003	-135.973317	0.345248	-125.286292	-0.217000	-84.606015	-0.206376	-127.865423	-0.410611
2970.000003	-129.269071	0.465598	-137.862906	0.409267	-84.854381	0.400098	-126.686997	0.455032
2980.000003	-125.807845	-0.152720	-121.125586	0.006176	-87.930299	-0.266000	-126.335532	-0.239419
2990.000003	-124.154379	-0.446262	-131.221108	0.476535	-77.401858	-0.049205	-127.734231	-0.227593
3000.000003	-123.963919	-0.042990	-124.807344	-0.153308	-73.735559	-0.258034	-123.837130	0.178047
3010.000003	-121.522029	0.137175	-135.569033	0.085060	-72.231167	0.459019	-122.056048	0.268672
3020.000003	-120.237501	-0.243382	-123.496755	-0.304355	-94.225494	-0.360057	-118.359788	-0.291924
3030.000003	-125.153296	0.282782	-127.199915	0.223190	-82.242944	0.114656	-126.746826	0.442096
3040.000003	-126.776680	0.440229	-123.790109	0.414454	-72.321870	-0.111862	-127.115436	-0.026241
3050.000003	-121.870610	0.417697	-136.419971	-0.001833	-80.856376	0.342791	-124.673354	0.253699
3060.000003	-124.175910	-0.100078	-122.793312	0.473286	-80.752060	-0.479668	-127.377593	0.273242
3070.000003	-131.054467	0.496746	-132.684044	-0.295426	-82.655177	0.170510	-128.258020	0.408094
3080.000003	-128.233159	0.066365	-127.670030	-0.142646	-82.215121	-0.176636	-134.499311	-0.334751
3090.000003	-122.995233	-0.187657	-127.730415	0.297851	-79.043288	-0.174777	-117.207993	-0.331538
3100.000003	-129.813467	-0.036810	-129.508423	0.009593	-89.781023	0.097998	-129.200876	0.128788
3110.000003	-133.565789	-0.256162	-125.516787	0.192226	-84.821842	-0.414585	-135.741415	0.043066
3120.000003	-122.413385	-0.185154	-120.811038	0.479907	-74.020364	-0.097779	-122.728019	-0.450317
3130.000003	-131.209503	0.377290	-121.618321	0.149661	-74.698157	0.191412	-126.953792	-0.401743
3140.000003	-123.670003	0.456148	-131.159296	-0.348734	-82.680216	-0.052833	-127.667465	-0.281358
3150.000003	-127.122544	-0.402578	-126.487269	-0.351551	-79.832173	-0.149012	-122.798078	0.360702
3160.000003	-120.717635	0.366240	-139.362807	-0.056620	-89.912200	-0.392979	-129.350808	0.306554
3170.000003	-124.999098	0.152022	-129.757138	-0.363039	-78.452660	-0.379667	-126.317242	0.439257
3180.000003	-123.025635	-0.373781	-136.726091	0.073661	-77.795338	-0.041594	-120.900727	0.221925
3190.000003	-125.209747	-0.005873	-123.007183	-0.393844	-76.320613	-0.146704	-124.744294	-0.317850
3200.000003	-120.927790	-0.295021	-122.781994	-0.017965	-99.549391	-0.037349	-126.243379	0.314762
3210.000003	-121.944051	0.017937	-132.926732	-0.173227	-71.957649	0.393990	-124.880531	0.095580
3220.000003	-127.016801	0.292049	-123.153091	-0.493494	-70.983616	-0.042722	-120.633147	-0.288380
3230.000003	-120.358015	0.345605	-124.553415	-0.005505	-75.019453	0.146076	-123.626606	0.324007
3240.000003	-121.350286	-0.390785	-126.149512	0.281295	-76.733330	-0.150168	-138.180608	-0.493559
3250.000003	-142.749145	-0.074716	-126.064478	-0.374897	-90.020756	0.335339	-131.953318	0.487792
3260.000003	-122.479606	-0.313758	-133.714477	-0.203099	-81.097536	0.225961	-111.518846	-0.391890
3270.000003	-133.711969	0.175395	-136.196977	0.102040	-76.810116	-0.454640	-121.372048	0.008032
3280.000003	-120.042950	0.326044	-134.009903	-0.496195	-82.539854	0.409739	-139.252224	0.392389
3290.000003	-138.961830	0.452714	-119.685667	0.149961	-76.904365	0.196518	-125.099540	0.193369
3300.000003	-120.984969	0.006246	-132.765301	0.140940	-79.306623	0.158027	-137.738386	0.459136
3310.000003	-129.490761	-0.266799	-128.920925	0.369510	-74.390051	-0.176201	-124.061651	0.395280
3320.000003	-139.174602	-0.031577	-120.595041	-0.340926	-81.762445	0.220253	-134.340005	-0.049057
3330.000003	-123.658802	0.347786	-130.574781	-0.366877	-85.232009	0.226524	-125.840463	-0.184471
3340.000003	-135.278596	-0.011183	-119.353789	-0.259962	-74.649939	-0.254785	-124.931650	-0.106361
3350.000003	-130.622789	-0.359033	-128.437555	0.451172	-85.994733	-0.186706	-135.281972	-0.079515
3360.000003	-128.183182	-0.461898	-123.682080	-0.305554	-77.548363	0.233128	-120.864049	0.425267
3370.000003	-129.135378	-0.147167	-123.151705	-0.021618	-83.958032	-0.350541	-125.928214	0.329619
3380.000003	-122.768246	-0.173763	-128.427612	-0.005431	-83.217323	0.296089	-120.844182	-0.157622
3390.000003	-128.483209	-0.210955	-127.061144	-0.019894	-77.691506	0.404688	-121.107103	-0.093856
3400.000003	-112.752826	0.063420	-116.747249	0.070449	-77.542274	0.203199	-120.843666	0.084857
3410.000003	-127.032003	-0.060114	-129.058879	0.142252	-77.540089	0.209526	-121.465394	-0.295836
3420.000003	-126.426989	-0.168870	-124.135565	0.320363	-75.472762	0.195000	-127.981954	-0.031592
3430.000003	-135.877553	-0.232889	-123.493191	-0.115706	-87.232254	0.190377	-123.415972	-0.262734
3440.000003	-121.111657	0.341811	-128.688757	-0.175561	-88.401905	0.436629	-126.787045	0.072365
3450.000003	-122.230640	0.314084	-135.682352	-0.410413	-73.522495	-0.445855	-124.865955	0.136194
3460.000003	-128.648112	-0.403531	-134.265830	0.349500	-82.203728	0.188799	-122.825067	0.194916
3470.000003	-129.490337	-0.221935	-129.515659	-0.422345	-86.996710	0.492169	-118.829924	0.071041
3480.000003	-122.961771	-0.019977	-120.972636	-0.428876	-77.747361	-0.024042	-121.183905	-0.324810
3490.000003	-124.226938	-0.308294	-147.551775	0.098277	-83.130026	-0.285385	-121.505495	-0.211090
3500.000003	-133.152023	-0.465267	-120.217125	0.069862	-76.929882	0.040069	-122.539037	-0.081460
3510.000003	-122.943797	-0.341867	-152.325739	0.386368	-75.645799	-0.405776	-119.882487	-0.354695
3520.000003	-131.886624	0.421119	-125.570031	0.013724	-75.229435	-0.124878	-119.836218	0.346310
3530.000003	-120.446242	0.272719	-132.738894	-0.294134	-76.964842	0.289908	-123.832699	0.428283
3540.000003	-126.483822	-0.443278	-133.397755	-0.025730	-83.926935	-0.357171	-124.012860	-0.343685
3550.000003	-121.541709	-0.468044	-136.831536	0.104481	-77.784279	0.472300	-134.278895	0.431681
3560.000003	-128.854753	0.397982	-129.302882	0.028847	-84.700492	0.411784	-121.665263	0.033272
3570.000003	-125.612946	0.017146	-133.080556	-0.136813	-78.328136	-0.483632	-125.968793	0.216512
3580.000003	-125.070385	-0.214140	-126.686448	0.186875	-83.687657	0.237030	-131.216320	-0.286707
3590.000003	-127.310386	0.209599	-127.729934	-0.142075	-73.966183	0.246742	-120.976682	0.126715
3600.000003	-126.605412	-0.285039	-133.993618	0.071928	-80.509608	0.412250	-122.914254	-0.113583
3610.000003	-119.434066	0.230453	-129.671236	0.003245	-81.110099	0.015275	-123.491529	0.069333
3620.000003	-118.976321	0.481356	-113.664390	0.468219	2.910924	0.411948	-22.689706	-0.148189
3630.000003	-126.325887	0.029783	-136.604840	0.296230	-81.538034	-0.162999	-126.630347	0.216930
3640.000003	-125.559242	-0.489060	-129.512376	0.325280	-79.289259	-0.342240	-118.090651	0.249689
3650.000003	-125.789820	-0.125461	-140.119873	-0.343905	-81.390660	-0.020678	-136.020697	-0.266412
3660.000003	-128.986278	0.006126	-126.124652	0.137343	-76.288718	-0.239995	-125.658143	0.077925
3670.000003	-138.840864	0.333651	-125.714782	-0.370713	-80.381321	-0.064531	-124.855611	-0.152367
3680.000003	-121.217143	-0.179443	-132.884849	0.131874	-75.931253	-0.317799	-143.756836	-0.381836
3690.000003	-131.375581	0.035899	-120.197183	0.060156	-102.779344	0.499061	-130.505975	-0.326013
3700.000003	-124.232554	-0.367602	-133.028724	-0.217742	-83.556199	-0.460709	-137.635205	-0.288595
3710.000003	-128.730657	0.190698	-127.522674	0.452770	-96.240942	0.028919	-132.447897	-0.187494
3720.000003	-135.676168	0.246042	-126.960577	-0.112382	-76.899767	0.368697	-121.955120	-0.435855
3730.000003	-123.037167	-0.071627	-152.102931	0.143003	-78.978173	0.111150	-128.289688	-0.407938
3740.000003	-119.615423	0.049638	-118.675166	-0.369924	-73.810530	0.231705	-121.566088	-0.032268
3750.000003	-124.339596	0.259255	-121.884849	0.039424	-78.795564	0.428949	-128.521075	0.347797
3760.000003	-123.934092	0.031447	-124.970589	0.141953	-80.846322	0.306131	-126.337156	-0.041905
3770.000003	-124.743413	0.441149	-125.166071	0.313679	-81.735243	-0.257071	-127.215380	0.323810
3780.000003	-127.378834	0.367712	-140.512085	0.239359	-79.172863	0.340409	-140.751471	0.323156
3790.000003	-128.376856	-0.436365	-125.641767	0.180006	-79.810418	-0.145137	-127.436863	0.201348
3800.000003	-127.001392	-0.418677	-120.179761	-0.240127	-86.051154	-0.460082	-126.823544	0.102142
3810.000003	-118.997447	-0.241725	-129.642249	-0.476782	-87.190947	0.020332	-128.052677	0.145675
3820.000003	-122.325878	0.289027	-126.354591	0.180788	-78.127371	0.397034	-134.988360	0.326888
3830.000003	-129.548671	-0.265662	-127.278108	0.178680	-78.469658	0.267299	-138.256817	0.417691
3840.000003	-119.952318	-0.446004	-125.219609	0.416036	-80.733445	-0.304142	-130.869926	0.025305
3850.000003	-128.080207	0.166030	-124.242218	0.042204	-75.254746	-0.212158	-122.283843	-0.242086
3860.000003	-125.131130	0.460210	-128.173403	0.455495	-82.825337	-0.234947	-128.731230	0.275567
3870.000003	-131.045205	0.045312	-124.480736	-0.444416	-86.684002	-0.493110	-124.111499	-0.144165
3880.000003	-125.603354	0.252291	-123.441446	0.016733	-80.676158	0.210620	-140.142328	0.163684
3890.000003	-128.555225	-0.378174	-124.834862	-0.062431	-86.121973	-0.289576	-132.987093	0.451918
3900.000003	-123.891657	-0.341643	-130.540090	0.022794	-82.229051	0.357072	-126.337068	-0.473914
3910.000003	-120.833853	0.370490	-126.228924	0.156351	-76.693927	0.237496	-122.679100	0.278769
3920.000003	-129.030836	-0.287218	-125.958280	-0.150197	-82.691819	-0.104844	-134.902261	0.157994
3930.000003	-128.811107	0.009792	-152.556930	0.112662	-81.907550	0.384072	-127.242804	0.376478
3940.000003	-135.638600	0.065703	-139.101522	0.355187	-82.649450	0.182898	-116.767215	0.003449
3950.000003	-129.515393	0.155944	-120.690412	-0.398119	-76.953988	-0.303429	-144.773466	0.135285
3960.000004	-130.738393	-0.378927	-125.548421	0.364692	-80.236402	0.258529	-117.009196	0.371186
3970.000004	-130.927683	0.471550	-122.881983	0.006089	-82.925313	0.244760	-123.517556	-0.342777
3980.000004	-123.533727	0.318814	-127.222186	0.379574	-78.728070	-0.001545	-128.097818	-0.297304
3990.000004	-122.871218	0.282946	-119.252245	0.405305	-87.776076	-0.331665	-134.312395	-0.185617
4000.000004	-130.790076	0.265809	-125.794340	-0.359661	-86.961955	-0.082649	-126.619764	0.278295
4010.000004	-125.306100	-0.300486	-124.300910	-0.400276	-81.712108	0.447156	-127.884836	-0.429817
4020.000004	-124.921874	-0.303692	-129.570351	-0.217295	-74.673397	0.175214	-132.195523	-0.187770
4030.000004	-121.823480	0.326413	-135.208655	-0.325278	-76.474854	0.011337	-123.247706	0.035588
4040.000004	-122.301208	0.225331	-131.552215	-0.382741	-76.555409	0.191118	-125.717748	0.401518
4050.000004	-125.358838	-0.386276	-124.280567	-0.460429	-74.613098	0.094908	-126.401711	-0.028548
4060.000004	-128.285865	0.244308	-126.161821	0.331985	-85.956716	0.077767	-122.562620	-0.438197
4070.000004	-134.672701	-0.490139	-125.096794	-0.210152	-83.073688	-0.278974	-135.722142	0.322314
4080.000004	-128.924024	-0.274722	-125.763960	0.173892	-84.850118	0.223374	-127.321357	-0.071753
4090.000004	-124.252519	-0.053681	-136.242087	0.129236	-75.083615	0.164755	-130.265156	0.189052
4100.000004	-130.711481	-0.226265	-130.127780	0.477806	-78.568230	-0.461958	-128.106466	-0.477169
4110.000004	-133.028263	0.382606	-122.658232	-0.034557	-85.262364	-0.257319	-129.759784	-0.131725
4120.000004	-149.681874	0.351052	-124.106696	0.151864	-81.307325	-0.055693	-144.753844	0.165792
4130.000004	-133.013241	0.119555	-130.753142	-0.448220	-98.459447	0.274871	-125.563223	-0.458252
4140.000004	-127.123158	-0.327873	-124.383551	-0.163274	-90.237969	-0.033604	-124.248439	-0.398305
4150.000004	-128.543940	-0.204272	-123.859151	-0.381241	-78.422397	0.075271	-119.998367	-0.076286
4160.000004	-126.988447	-0.036952	-124.884924	-0.356643	-88.017119	-0.261691	-127.845688	0.392333
4170.000004	-129.155073	-0.397808	-117.888099	-0.425834	-79.587718	-0.263665	-125.453624	0.010921
4180.000004	-122.961687	-0.341088	-121.175469	0.472571	-79.798879	0.275800	-138.002874	-0.499183
4190.000004	-126.168421	0.309433	-132.179231	0.287400	-77.761568	0.476503	-117.718943	0.379375
4200.000004	-127.722027	-0.454007	-126.282871	0.300550	-79.892562	-0.062522	-122.827223	-0.212348
4210.000004	-118.704595	0.382917	-126.112973	0.445605	-74.804498	0.012345	-124.038926	0.466704
4220.000004	-123.552916	-0.224562	-124.445093	-0.198234	-93.951118	0.419905	-140.048049	-0.261417
4230.000004	-137.980886	0.275872	-123.121597	-0.115196	-79.772394	0.286571	-124.118436	-0.401526
4240.000004	-123.177518	-0.202727	-142.724093	-0.049903	-87.414852	-0.172174	-132.276917	0.093245
4250.000004	-138.371376	0.434798	-127.850971	0.222881	-90.085150	-0.040949	-125.677430	0.100073
4260.000004	-127.474008	0.000182	-123.852369	-0.100900	-79.997136	0.223713	-126.247853	0.227562
4270.000004	-121.930415	-0.353456	-128.373421	0.397446	-75.912155	0.241895	-125.180192	-0.344978
4280.000004	-126.267406	0.299302	-122.731440	-0.456912	-80.129866	-0.085674	-124.083981	0.216239
4290.000004	-144.886516	-0.018270	-124.015812	-0.063360	-84.301353	0.219872	-122.146582	0.353329
4300.000004	-131.903856	-0.394496	-126.362982	0.264174	-104.513871	0.220718	-140.906824	0.036019
4310.000004	-126.711961	-0.308351	-131.677623	-0.226022	-78.777540	-0.221708	-122.275877	-0.218787
4320.000004	-121.038353	-0.016134	-127.432527	-0.186390	-85.639681	-0.232935	-120.977065	0.177498
4330.000004	-121.768279	-0.056816	-128.151402	-0.211383	-84.455451	0.495031	-154.245164	0.064248
4340.000004	-123.433978	0.397574	-135.922750	-0.158003	-83.452265	0.492958	-114.366392	-0.183929
4350.000004	-132.842307	-0.032986	-120.887976	-0.016303	-84.566412	0.399515	-120.732632	0.205769
4360.000004	-123.581434	0.230286	-122.850336	-0.345846	-97.033081	0.368827	-132.139804	0.249052
4370.000004	-127.980429	-0.436339	-132.437652	-0.420515	-86.323009	-0.149254	-124.783625	-0.273696
4380.000004	-130.336851	0.128326	-126.724140	0.259536	-84.954530	0.411410	-129.582026	0.248636
4390.000004	-127.943280	0.173114	-124.511925	0.341736	-74.506330	0.346892	-124.145767	-0.458211
4400.000004	-124.512500	0.297614	-125.889799	-0.435860	-79.890545	-0.169602	-126.089693	0.253790
4410.000004	-122.264943	0.315814	-122.459522	-0.392907	-84.434882	-0.333086	-125.648330	0.262811
4420.000004	-122.591483	-0.388783	-129.428460	-0.273312	-80.366153	-0.224755	-126.878010	-0.334777
4430.000004	-124.589410	-0.153973	-121.660380	0.020133	-81.573968	-0.358747	-137.732350	0.325306
4440.000004	-125.133068	0.372175	-124.395400	0.269949	-83.028855	-0.141252	-119.961225	0.221152
4450.000004	-129.758898	-0.260193	-125.458321	0.461631	-89.146191	0.398983	-123.073425	-0.385935
4460.000004	-124.870205	0.201515	-125.491464	0.392551	-80.510623	-0.405819	-131.624096	0.278565
4470.000004	-131.130279	-0.274415	-125.782403	0.148570	-92.328415	0.212289	-123.555041	0.302860
4480.000004	-128.813265	0.217487	-123.730485	-0.406616	-88.228054	0.223361	-132.217498	-0.002184
4490.000004	-120.598257	-0.193539	-128.756299	-0.187008	-88.712160	-0.020539	-123.714481	-0.240271
4500.000004	-123.504470	-0.470452	-131.621246	-0.487941	-78.073757	-0.063905	-125.504926	0.030811
4510.000004	-123.603866	-0.236907	-128.121022	-0.200171	-86.501851	-0.474907	-128.646346	-0.239839
4520.000004	-117.431127	-0.284147	-120.832390	-0.038456	-82.997706	-0.064636	-129.769483	-0.415754
4530.000004	-140.467348	0.054886	-127.959382	-0.467790	-77.428854	-0.242386	-124.584233	-0.268840
4540.000004	-121.431342	0.463791	-127.942279	0.486809	-78.171636	0.005620	-131.695662	0.256705
4550.000004	-127.257074	-0.408449	-130.395694	0.000909	-93.931672	-0.054367	-118.677582	0.435064
4560.000004	-132.661258	-0.345800	-135.350551	0.083496	-82.413582	0.064980	-129.140675	0.147763
4570.000004	-117.396602	0.132643	-123.854835	0.479125	-82.353432	-0.319525	-135.839701	0.245260
4580.000004	-123.978673	0.199965	-126.529973	0.120997	-74.321276	0.033321	-132.037248	0.406748
4590.000004	-125.546151	-0.182868	-124.543950	-0.175451	-78.755901	0.479051	-124.397671	-0.446516
4600.000004	-123.604136	0.467016	-122.796339	0.308148	-83.260981	0.185666	-125.698204	0.293671
4610.000004	-137.754171	-0.474121	-119.094923	0.005052	-82.887283	-0.021534	-131.892560	-0.369704
4620.000004	-132.646798	-0.239165	-130.003225	-0.177952	-82.571759	-0.213107	-124.633238	-0.278797
4630.000004	-135.538261	0.466682	-126.993128	0.071350	-79.005464	0.248926	-126.354920	0.106556
4640.000004	-124.618933	0.371540	-123.424445	-0.356661	-75.626786	-0.189617	-124.604248	0.294523
4650.000004	-134.264226	-0.424314	-128.544463	-0.089431	-90.169113	0.493869	-124.307447	-0.029558
4660.000004	-133.249549	0.101587	-126.674272	-0.289427	-88.673722	0.214791	-129.457242	-0.148124
4670.000004	-130.164425	-0.470488	-128.411288	0.260037	-81.768171	0.076315	-141.616064	0.449811
4680.000004	-123.071023	0.117224	-129.626507	0.471029	-85.968487	0.343133	-126.186993	-0.200608
4690.000004	-138.986909	-0.417120	-130.304409	0.209033	-76.629293	-0.370118	-124.281587	-0.152583
4700.000004	-121.841907	-0.187513	-126.247208	0.104632	-77.590835	0.385208	-123.572248	-0.404578
4710.000004	-130.818354	0.451244	-123.562852	-0.043253	-88.767284	0.144374	-121.871795	-0.478951
4720.000004	-127.784035	-0.238303	-127.159275	0.216371	-78.908308	-0.223288	-122.105650	-0.010971
4730.000004	-128.075447	-0.127436	-130.344067	-0.257740	-104.129459	-0.098775	-134.727514	-0.249827
4740.000004	-127.170594	0.164227	-126.655448	0.470033	-80.429384	0.465261	-129.329213	0.140774
4750.000004	-122.882464	0.099973	-124.261409	-0.166168	-74.460251	0.117477	-124.603538	0.118014
4760.000004	-124.405393	-0.315919	-126.090412	0.309342	-83.530092	-0.215592	-125.675505	-0.428601
4770.000004	-122.589980	-0.295055	-122.531241	-0.137639	-82.508203	0.225673	-126.020904	-0.145149
4780.000004	-124.528437	0.044967	-136.369882	0.137900	-81.935572	0.325653	-127.740874	-0.193584
4790.000004	-127.822389	0.140587	-125.535880	-0.120734	-84.374227	0.316041	-125.896962	-0.169658
4800.000004	-124.626305	-0.335117	-128.762981	0.271563	-85.811297	0.369958	-128.011938	0.180339
4810.000004	-134.278117	-0.203453	-121.541225	0.177355	-78.630123	-0.297682	-120.671856	0.245181
4820.000004	-132.863670	-0.475939	-123.288419	-0.444307	-78.089110	0.459862	-136.628703	-0.468271
4830.000004	-123.279228	-0.117738	-124.489625	0.420560	-87.698409	-0.348385	-115.705808	-0.330559
4840.000004	-129.690330	-0.032759	-123.158970	0.421854	-81.054761	-0.372221	-123.871956	0.063379
4850.000004	-123.488818	0.438260	-126.791834	0.486224	-87.458124	-0.070602	-128.558941	0.350947
4860.000004	-125.558195	-0.373491	-122.778765	0.418603	-90.299470	-0.440631	-126.460972	-0.270143
4870.000004	-131.540350	-0.428987	-130.031821	-0.498406	-81.223101	0.340423	-126.772798	0.242344
4880.000004	-128.226424	0.226574	-122.080080	-0.154690	-80.634875	0.407849	-122.382329	-0.454427
4890.000004	-133.980054	0.208429	-124.499914	0.082999	-87.462111	0.309340	-134.078886	-0.233963
4900.000004	-124.976016	-0.187824	-129.088804	0.104758	-87.176853	0.179617	-127.013047	-0.390492
4910.000004	-127.677110	-0.156969	-125.193504	0.033540	-76.237367	-0.456170	-125.453730	-0.317925
4920.000004	-121.697325	0.322945	-117.822364	0.310306	-77.467877	0.121819	-127.958399	0.392118
4930.000004	-122.154319	-0.218950	-125.088621	-0.097489	-85.572529	-0.039104	-127.817318	-0.419412
4940.000004	-126.292062	0.215339	-130.965304	0.193615	-77.104147	0.074635	-126.779301	-0.103293
4950.000004	-125.860393	-0.379424	-129.164145	-0.280472	-81.356872	-0.223531	-126.531793	-0.363236
4960.000004	-135.758150	0.100378	-127.107460	-0.494921	-81.506991	0.296255	-123.570895	-0.056261
4970.000004	-124.252051	-0.303191	-133.772898	-0.251605	-79.641847	0.315065	-131.431937	0.443239
4980.000004	-128.120508	-0.413226	-122.349590	0.382539	-86.064747	-0.445209	-119.692597	0.484967
4990.000004	-128.564170	0.365355	-121.540249	-0.415666	-81.646498	-0.356975	-124.378743	0.344855
5000.000004	-123.022649	-0.390438	-127.268674	-0.103247	-80.034170	0.418923	-127.828291	-0.282655
5010.000004	-133.421959	0.306202	-125.646771	-0.322918	-83.448300	0.107576	-129.854515	-0.461487
5020.000004	-123.343154	0.367068	-126.042238	-0.214507	-86.339755	-0.010814	-130.461818	-0.379995
5030.000004	-143.343874	-0.434920	-134.239437	0.413626	-94.764461	-0.462075	-129.994190	0.275473
5040.000004	-129.200026	-0.265641	-131.607660	-0.469527	-74.475700	0.326481	-128.494165	-0.161304
5050.000004	-130.566024	0.004307	-119.775680	0.055495	-84.716907	0.466892	-132.483994	-0.234926
5060.000004	-126.784712	0.174452	-122.944838	0.244414	-79.592477	-0.086974	-121.815872	-0.049266
5070.000004	-118.851342	0.119847	-127.206410	0.180877	-77.130329	-0.355168	-130.942933	0.088482
5080.000005	-124.285361	-0.287693	-140.784571	-0.093210	-75.158509	0.333689	-121.132490	0.022453
5090.000005	-128.518581	-0.134893	-125.961942	-0.135524	-75.273149	0.166358	-123.040953	-0.303505
5100.000005	-122.816602	0.102731	-133.492900	0.368516	-78.989910	0.160540	-120.360369	0.345412
5110.000005	-120.203661	0.331806	-128.127498	-0.276934	-79.319922	-0.106500	-124.338525	0.335278
5120.000005	-127.142156	0.372217	-122.732559	0.487979	-82.421734	-0.412772	-131.269974	-0.468604
5130.000005	-126.885736	0.374071	-127.775697	-0.292582	-85.669180	0.275187	-123.409752	-0.492220
5140.000005	-134.499856	-0.003664	-132.722997	0.395222	-81.834412	-0.151526	-124.053153	-0.398069
5150.000005	-124.727471	-0.358484	-136.201885	-0.066635	-77.709538	-0.245554	-137.385944	0.110130
5160.000005	-121.693714	-0.065753	-124.605075	0.320579	-89.230408	0.404321	-146.193248	-0.352440
5170.000005	-135.600737	0.119197	-143.874551	-0.271597	-92.643849	0.469185	-129.282528	0.118771
5180.000005	-127.525648	-0.008728	-123.561928	-0.044609	-85.839320	-0.095930	-123.652112	0.154673
5190.000005	-121.384350	-0.021367	-124.251164	0.151322	-82.917621	0.010966	-123.470420	-0.133876
5200.000005	-126.051660	0.474971	-121.532271	0.301229	-86.823717	0.456352	-125.640074	0.385963
5210.000005	-139.774444	0.374391	-127.423583	-0.055259	-84.616728	-0.408532	-118.418676	-0.169501
5220.000005	-122.390574	-0.275214	-134.134822	-0.328984	-79.648068	-0.403605	-131.822475	-0.202330
5230.000005	-121.581654	0.151626	-130.216973	0.144047	-76.600558	0.061482	-123.974742	0.133000
5240.000005	-124.546462	0.064349	-140.289824	-0.497473	-80.863158	-0.427805	-122.130007	0.198758
5250.000005	-120.580174	-0.066051	-150.385273	-0.246389	-86.054399	-0.144541	-125.860091	-0.393686
5260.000005	-133.945287	-0.054390	-122.917142	-0.299891	-87.947364	-0.431574	-127.408076	0.145797
5270.000005	-125.177507	-0.241734	-123.396898	-0.311633	-87.653796	0.192061	-126.849336	0.319676
5280.000005	-125.299286	-0.088967	-128.475128	-0.170058	-96.904632	0.342150	-119.280865	0.123729
5290.000005	-126.771402	-0.253531	-125.027284	-0.241255	-91.998426	-0.356725	-121.955554	-0.302170
5300.000005	-129.282854	-0.339553	-130.758962	-0.470245	-91.224647	0.192837	-139.705311	-0.151336
5310.000005	-122.820835	0.377058	-122.493581	-0.263066	-75.620546	-0.418009	-133.577215	0.325126
5320.000005	-129.212108	-0.166617	-129.600835	-0.036596	-77.320753	0.349433	-133.701638	0.441952
5330.000005	-131.517802	0.437980	-133.437401	-0.325461	-80.340591	-0.001285	-124.407108	0.465393
5340.000005	-125.183683	-0.089812	-130.897013	0.008804	-77.139148	0.095642	-138.283591	0.309757
5350.000005	-125.905042	0.367034	-122.827615	0.092326	-87.812118	-0.207719	-124.592931	0.033223
5360.000005	-128.494883	-0.236755	-126.292595	-0.210600	-95.147363	-0.056428	-124.819999	-0.422683
5370.000005	-128.514538	-0.473967	-128.186655	0.325370	-90.761733	-0.037036	-125.259630	0.002472
5380.000005	-132.995334	-0.301366	-132.918361	-0.367553	-79.699314	0.434892	-130.838818	0.153611
5390.000005	-122.237281	-0.311565	-124.513835	-0.331331	-86.055998	0.278413	-140.680888	-0.333042
5400.000005	-132.771520	-0.296379	-122.657685	-0.331470	-73.424075	0.268565	-130.773838	0.339199
5410.000005	-122.084410	-0.486463	-127.681589	-0.490967	-86.916064	-0.308823	-124.013635	-0.189070
5420.000005	-120.664296	-0.166830	-122.239249	-0.387510	-93.028787	-0.316396	-123.876731	-0.357004
5430.000005	-120.043238	0.444386	-121.144431	-0.181707	-94.951429	-0.078248	-123.414763	-0.167119
5440.000005	-119.386199	0.399736	-124.974019	0.308920	-85.333540	-0.381823	-125.992998	-0.443972
5450.000005	-126.285394	0.049435	-126.787984	-0.093794	-76.876567	0.006540	-134.044367	0.036870
5460.000005	-126.978426	-0.283577	-132.410448	0.342160	-87.974802	-0.342440	-142.532465	0.387587
5470.000005	-127.831763	-0.270826	-138.849538	0.332942	-93.751977	0.453693	-125.706505	0.250888
5480.000005	-121.072829	-0.245043	-124.995498	0.470716	-83.334069	0.422614	-133.329415	0.154371
5490.000005	-123.853583	-0.454601	-121.978242	-0.024556	-79.504859	0.102968	-134.967641	-0.068672
5500.000005	-126.209661	-0.339106	-126.838058	0.117764	-90.631989	-0.276853	-145.057832	0.438998
5510.000005	-133.312404	-0.401498	-127.743647	-0.073005	-83.542523	-0.181695	-125.459681	0.049670
5520.000005	-125.282538	0.403611	-133.553843	0.365971	-86.430305	0.417835	-134.320747	0.452487
5530.000005	-125.415888	-0.226485	-123.298302	0.377542	-84.116457	0.325943	-130.369894	0.096933
5540.000005	-123.910601	0.459225	-125.178025	0.398251	-93.405725	0.452573	-148.901411	0.268385
5550.000005	-126.890713	-0.352842	-124.092810	-0.343402	-89.607001	-0.032239	-122.221860	-0.493552
5560.000005	-131.153736	-0.216577	-137.488208	0.283746	-83.905317	-0.031073	-141.814975	0.275591
5570.000005	-126.539505	-0.271808	-127.356766	-0.070576	-81.869164	-0.125733	-126.619164	0.337615
5580.000005	-125.635625	0.438120	-133.530141	0.111393	-81.229793	0.439632	-120.130502	-0.030624
5590.000005	-137.639912	-0.254549	-136.093040	0.487625	-84.589179	0.034157	-123.381900	-0.272341
5600.000005	-131.548390	-0.215695	-126.550531	0.271398	-83.854487	0.224176	-127.739927	-0.077534
5610.000005	-128.330536	0.162004	-128.836366	0.093089	-86.295398	-0.445862	-122.463848	0.339150
5620.000005	-135.403044	0.180890	-129.892511	-0.367899	-81.529841	-0.168376	-121.057500	0.263353
5630.000005	-127.456380	0.471960	-126.901273	0.261876	-79.639803	-0.046669	-126.986641	0.475064
5640.000005	-123.089743	-0.297495	-131.700967	-0.118059	-83.288161	0.099809	-135.239861	0.280215
5650.000005	-121.836258	0.209928	-125.008221	0.297115	-83.957364	0.044643	-123.817281	0.142423
5660.000005	-132.964642	0.235266	-138.134813	0.081399	-81.522665	0.086724	-123.565709	0.390962
5670.000005	-129.054481	0.131622	-129.618615	-0.365808	-87.033472	0.169128	-135.471418	-0.375184
5680.000005	-129.009577	0.108946	-122.138220	0.493677	-92.591716	0.187549	-121.994018	-0.145485
5690.000005	-137.392305	-0.129293	-131.551986	0.487695	-84.882020	0.077481	-128.675807	0.317610
5700.000005	-132.149767	0.314578	-125.771131	0.423606	-85.526360	-0.219169	-124.344119	0.437640
5710.000005	-134.423062	-0.372321	-131.423493	-0.320678	-98.880357	0.448788	-121.225019	0.475455
5720.000005	-124.328763	-0.327696	-131.538722	-0.347472	-79.147100	0.349010	-124.747203	0.345411
5730.000005	-123.701027	-0.119333	-122.070359	-0.333575	-88.503831	-0.099172	-134.515544	-0.059772
5740.000005	-124.974237	-0.357017	-137.680233	0.003921	-87.643702	-0.210968	-123.250602	-0.293095
5750.000005	-131.153874	-0.190123	-128.511961	-0.305844	-89.069912	0.007634	-126.644516	-0.284558
5760.000005	-128.908265	-0.082359	-121.829011	-0.183237	-78.953712	-0.441442	-124.449064	0.359340
5770.000005	-120.521908	0.485551	-129.747921	0.440689	-86.372414	-0.361235	-122.245401	0.378256
5780.000005	-125.354622	0.139232	-126.822592	-0.330272	-87.337528	0.113043	-118.741497	-0.302854
5790.000005	-119.832678	-0.466852	-129.160138	-0.326391	-78.077910	0.015369	-121.075504	0.224053
5800.000005	-121.854002	-0.223101	-126.724113	0.226890	-84.270167	0.240038	-114.261797	-0.347991
5810.000005	-123.298180	0.118179	-136.460259	0.334116	-80.623569	-0.088391	-128.108274	-0.170998
5820.000005	-118.880112	0.360288	-125.288848	-0.026310	-81.510585	-0.272883	-124.754301	-0.325268
5830.000005	-130.172152	0.032619	-122.085860	0.299504	-80.655035	0.170276	-116.893560	0.340474
5840.000005	-121.222199	0.290976	-121.480173	0.349184	-79.069354	-0.111428	-124.084805	0.455436
5850.000005	-129.311377	-0.355097	-125.559031	-0.237236	-80.301713	0.254268	-120.323985	-0.182554
5860.000005	-131.436908	-0.338254	-134.607333	0.442090	-78.814327	-0.329914	-119.126252	-0.154112
5870.000005	-129.902358	0.246263	-158.110807	0.072914	-79.936843	0.141720	-136.309439	-0.119097
5880.000005	-131.254187	-0.154985	-123.786428	-0.348856	-74.469143	0.377363	-124.137320	-0.108906
5890.000005	-124.883961	-0.293001	-146.474060	-0.295484	-82.669605	0.033158	-120.988675	0.061721
5900.000005	-123.205612	0.090599	-135.595530	-0.414466	-93.314320	-0.091399	-124.808866	-0.278821
5910.000005	-127.309300	0.032363	-133.242918	0.273491	-87.346497	-0.030264	-127.407636	-0.227936
5920.000005	-121.689681	-0.073475	-121.629864	0.467943	-84.374002	-0.450509	-124.745586	0.217589
5930.000005	-125.660345	0.123507	-120.753459	-0.456032	-86.038049	0.392155	-122.642553	-0.277775
5940.000005	-126.730230	0.344218	-123.410713	0.289606	-79.996083	0.166059	-123.100121	-0.481151
5950.000005	-141.105885	-0.248600	-137.177446	0.303379	-80.737802	-0.144183	-132.965265	0.191542
5960.000005	-139.582929	-0.333029	-123.852167	-0.014204	-89.686627	0.259274	-122.455356	0.127326
5970.000005	-132.181292	-0.484054	-133.410242	-0.177721	-77.909024	0.410986	-127.070785	0.115389
5980.000005	-135.193291	-0.082588	-131.967520	0.337768	-84.981481	0.041778	-131.287215	-0.071589
5990.000005	-125.363102	0.299116	-134.601316	-0.337372	-90.108921	0.203140	-120.880022	-0.397253
6000.000005	-132.801517	-0.220510	-122.009538	-0.347854	-85.431141	-0.332567	-119.154981	0.296736
6010.000005	-123.062426	0.182836	-131.172952	-0.414229	-80.093017	0.202784	-131.414009	-0.158587
6020.000005	-123.987845	0.031545	-129.606089	0.282547	-88.354056	-0.118075	-125.862714	0.325734
6030.000005	-128.152681	0.082983	-142.191179	-0.180152	-96.092381	0.367409	-133.596070	-0.265481
6040.000005	-128.591679	-0.438399	-121.842500	0.115903	-82.124034	-0.371484	-122.966959	0.143195
6050.000005	-129.037180	0.019555	-123.869624	0.068130	-88.529562	-0.378066	-130.882185	-0.059094
6060.000005	-126.078299	-0.339126	-130.634126	0.156967	-80.172341	0.275007	-124.804590	0.287161
6070.000005	-121.763468	-0.247425	-121.963190	-0.190900	-86.693697	-0.247562	-125.437342	-0.090679
6080.000005	-129.874658	0.313822	-129.432051	0.021396	-84.826879	-0.489356	-144.465435	0.069375
6090.000005	-129.800493	0.257968	-125.425535	0.057655	-86.787083	-0.321187	-123.777610	0.315597
6100.000005	-127.914626	-0.374110	-121.788189	-0.457371	-81.208356	0.118872	-131.212170	0.489332
6110.000005	-131.303448	0.447985	-123.851426	0.099350	-79.548518	-0.043195	-120.881526	0.394078
6120.000005	-123.311393	0.078359	-130.140438	0.405294	-83.771939	-0.108916	-127.895704	-0.130219
6130.000005	-127.626011	0.217791	-122.867473	0.114919	-82.067416	-0.430549	-124.620060	-0.406924
6140.000005	-133.568104	-0.268882	-125.587830	-0.359079	-85.443788	0.058929	-117.011794	-0.325799
6150.000005	-122.390980	-0.244166	-130.076884	0.336121	-86.173408	-0.469968	-130.597312	0.456628
6160.000005	-126.677315	0.127748	-127.528801	0.209700	-83.454837	0.135942	-116.834279	0.008495
6170.000005	-124.697558	-0.315130	-120.156655	0.277736	-84.783121	0.153672	-125.136003	-0.475915
6180.000005	-128.675553	-0.243394	-120.961368	0.197457	-80.246484	-0.055456	-123.477594	-0.325456
6190.000005	-127.511677	0.228048	-129.651383	0.294501	-77.416017	0.101280	-124.378664	-0.078913
6200.000005	-131.383259	0.029327	-123.015496	-0.078080	-88.022377	0.196716	-123.357457	0.379540
6210.000006	-135.064374	0.310076	-121.934988	0.440498	-86.001110	0.201075	-136.139584	-0.244403
6220.000006	-130.648642	-0.278894	-120.222914	0.353298	-82.291348	-0.415089	-124.416149	-0.309443
6230.000006	-127.823244	-0.372261	-122.842949	-0.060240	-77.273904	0.198152	-129.047368	-0.471480
6240.000006	-127.346381	-0.357292	-131.547852	-0.076877	-78.663373	0.108265	-130.646679	-0.446202
6250.000006	-127.013183	-0.300499	-130.216998	-0.213562	-80.294013	-0.186399	-122.583342	0.137679
6260.000006	-120.634531	0.349306	-124.301195	0.296070	-90.040652	-0.127236	-126.792663	-0.048344
6270.000006	-129.534904	-0.294071	-130.022071	-0.137360	-84.630889	-0.049725	-126.620782	-0.467646
6280.000006	-142.389177	0.033890	-125.374821	0.113801	-93.928518	0.468750	-127.093171	-0.469480
6290.000006	-126.810087	0.477790	-120.048731	-0.396234	-90.174992	-0.049621	-131.599945	-0.400330
6300.000006	-120.861643	-0.388174	-136.174038	0.304425	-82.052631	-0.031363	-122.211138	-0.411502
6310.000006	-122.187878	0.441156	-127.327390	0.154964	-80.097873	0.310509	-123.640915	-0.211786
6320.000006	-120.441841	-0.228022	-124.807144	-0.277648	-84.170472	0.343352	-129.688177	0.161948
6330.000006	-146.619238	0.203978	-125.293516	-0.401648	-86.304903	0.214933	-125.483046	0.298621
6340.000006	-136.629583	-0.094558	-126.815382	0.146074	-79.344990	-0.365314	-128.724826	-0.037842
6350.000006	-125.591302	0.301432	-126.122153	-0.120930	-84.819582	0.201321	-126.427141	-0.291945
6360.000006	-121.519026	-0.279849	-122.815063	0.028753	-85.334955	0.082103	-131.106650	-0.083941
6370.000006	-132.472725	-0.359761	-125.456977	-0.164161	-82.526234	0.211070	-132.065538	0.434303
6380.000006	-130.803557	0.058605	-128.881534	-0.034429	-99.783596	0.411110	-127.160760	-0.454629
6390.000006	-126.130165	0.160646	-138.088809	-0.130848	-79.703870	-0.490909	-122.083763	0.228042
6400.000006	-125.155500	-0.047764	-125.540792	0.064414	-89.839337	0.308621	-143.241612	0.055711
6410.000006	-127.297962	-0.029966	-132.946800	0.475250	-93.160990	0.305110	-119.187259	0.315415
6420.000006	-131.003767	0.076543	-124.855875	-0.338282	-102.427802	0.136220	-120.583775	0.267739
6430.000006	-124.127824	-0.211732	-142.362637	0.245349	-80.151369	-0.053803	-127.065064	0.371146
6440.000006	-130.316589	0.093229	-121.132675	0.095960	-81.151485	-0.004248	-139.788818	-0.116292
6450.000006	-125.265518	0.302377	-130.278051	0.084548	-89.243725	-0.049805	-136.074460	0.300945
6460.000006	-129.926697	-0.006754	-130.004639	-0.071183	-90.230457	0.133672	-139.349137	0.495348
6470.000006	-127.079430	0.239536	-124.644538	0.056471	-87.287148	-0.082170	-121.848333	0.297307
6480.000006	-125.098000	-0.409150	-124.174781	0.367356	-85.019040	0.487711	-123.559610	-0.176530
6490.000006	-131.302583	0.408179	-125.777047	-0.092610	-88.805772	-0.036653	-123.327754	-0.380429
6500.000006	-121.432868	0.312277	-141.386887	-0.387009	-77.369579	0.321564	-126.327216	0.173475
6510.000006	-124.689915	0.400675	-126.261934	0.023443	-80.827496	0.322631	-128.172894	-0.186240
6520.000006	-124.074812	0.147236	-133.622416	-0.127011	-92.889723	-0.171916	-123.823638	-0.348857
6530.000006	-127.942384	0.020465	-125.105652	0.234350	-85.541156	-0.415237	-125.537238	0.242617
6540.000006	-141.344139	-0.054137	-129.251186	-0.230747	-85.154180	-0.293334	-139.501471	0.352145
6550.000006	-124.376648	-0.300540	-122.699857	0.361191	-80.243405	-0.233784	-132.538913	-0.300887
6560.000006	-119.542086	0.358650	-126.679840	-0.320047	-80.059339	-0.037707	-121.941103	0.039364
6570.000006	-121.366102	0.473733	-131.978503	-0.408320	-96.452417	0.148905	-126.525087	-0.177667
6580.000006	-121.947257	-0.423987	-125.195439	-0.355523	-79.741571	-0.186714	-123.199612	0.266987
6590.000006	-125.600357	0.156712	-130.366534	0.327119	-79.392984	-0.320942	-131.529226	0.150740
6600.000006	-120.096435	-0.417753	-134.110292	-0.310416	-91.841399	0.317513	-123.673821	0.011011
6610.000006	-125.352466	-0.080207	-128.172877	0.143625	-83.086546	0.192905	-127.507526	0.499423
6620.000006	-121.517453	-0.317513	-122.461445	-0.385622	-81.673743	0.456057	-125.065682	0.454553
6630.000006	-126.378537	-0.017883	-120.319913	0.292408	-83.300944	0.443725	-130.919136	0.428841
6640.000006	-128.517426	0.384584	-129.070484	-0.360731	-80.060493	0.226139	-122.605943	0.284994
6650.000006	-129.711765	-0.485926	-124.505617	-0.337349	-77.554176	0.242751	-122.409565	0.430082
6660.000006	-121.240117	0.185980	-130.682585	-0.169132	-84.779038	0.300935	-133.817178	0.363345
6670.000006	-133.735144	-0.314104	-122.834193	-0.409051	-84.194246	-0.292711	-124.917354	-0.476465
6680.000006	-127.247674	-0.315904	-124.296197	-0.078557	-85.255432	0.017129	-125.142748	0.092992
6690.000006	-127.703595	0.045036	-127.636825	0.418434	-85.690521	0.075999	-138.076559	0.160101
6700.000006	-119.622208	0.460683	-128.099482	0.336140	-85.973326	-0.454327	-135.420029	-0.424731
6710.000006	-136.240557	0.100428	-134.860237	-0.131279	-82.814276	-0.188357	-136.082728	-0.107190
6720.000006	-129.175220	0.120608	-131.914297	-0.428490	-86.103287	0.334104	-124.131853	0.134667
6730.000006	-123.498521	-0.478402	-134.353915	0.357270	-83.330723	0.184510	-127.660145	0.014086
6740.000006	-139.705051	-0.257324	-124.261286	-0.055907	-91.213857	-0.396457	-126.539652	0.389696
6750.000006	-126.817836	0.231334	-132.978703	-0.263031	-84.652214	0.185774	-131.529126	-0.375642
6760.000006	-121.117058	-0.361138	-142.211643	-0.368369	-83.571165	0.153208	-133.471421	0.389090
6770.000006	-131.408508	-0.388256	-128.726710	-0.079136	-87.512927	-0.222983	-142.725931	-0.470896
6780.000006	-129.836256	-0.130637	-125.927169	-0.235311	-81.062739	0.203578	-124.484076	0.439210
6790.000006	-119.905030	0.481653	-124.280155	-0.427597	-80.628445	-0.146915	-125.223807	-0.211074
6800.000006	-128.965666	0.457038	-122.895739	-0.329339	-93.053115	-0.337314	-120.405841	0.261470
6810.000006	-122.980652	-0.278555	-130.486912	0.355255	-81.308545	-0.240416	-125.885958	0.117165
6820.000006	-121.981735	-0.221059	-123.862353	0.099173	-94.328986	0.400172	-124.737544	0.391441
6830.000006	-128.710714	0.426673	-128.443867	-0.234876	-77.483482	0.229356	-135.883602	0.117988
6840.000006	-125.614239	0.271852	-126.332210	0.048609	-89.059557	0.071813	-145.219380	0.310812
6850.000006	-136.091410	0.087689	-124.156551	0.335550	-84.118581	0.113371	-128.786344	0.358126
6860.000006	-120.359363	-0.106855	-151.008074	-0.442523	-79.489341	-0.488370	-124.678701	-0.304899
6870.000006	-129.182987	-0.010230	-137.286368	0.341507	-79.375980	0.072532	-134.795109	0.142729
6880.000006	-127.864286	-0.048361	-121.915143	-0.215111	-86.975494	0.266620	-129.642329	0.005603
6890.000006	-130.465851	-0.266983	-136.372125	-0.178159	-88.585087	0.386646	-124.858699	0.331920
6900.000006	-129.749590	-0.233362	-124.785336	0.183887	-85.113009	0.138299	-127.190833	-0.094595
6910.000006	-129.742538	0.465765	-132.985165	-0.397608	-80.986887	-0.169083	-126.341673	-0.445835
6920.000006	-131.171048	0.379043	-127.417854	0.294097	-79.875475	0.096479	-126.326315	-0.335768
6930.000006	-129.465195	0.357517	-128.885030	-0.146940	-80.616323	0.066528	-122.170180	0.209733
6940.000006	-122.352826	-0.286994	-119.146762	0.483660	-82.664285	-0.071103	-123.913050	0.252786
6950.000006	-120.607754	0.201564	-135.124243	-0.072918	-80.012730	0.249935	-121.407220	0.052806
6960.000006	-132.021965	0.149908	-120.776517	0.467705	-86.365291	-0.058170	-126.644033	0.079517
6970.000006	-125.171368	0.361306	-125.142597	0.156477	-93.440747	0.256776	-132.811649	0.365682
6980.000006	-144.498800	-0.271084	-122.374939	0.423692	-89.818203	-0.111366	-126.876696	-0.400486
6990.000006	-122.907400	0.490702	-126.186499	0.401085	-95.702170	-0.218216	-124.571145	0.356617
7000.000006	-125.785293	-0.061724	-123.131603	0.149812	-78.299826	0.054469	-129.366671	0.113115
7010.000006	-125.432746	-0.189693	-125.102279	-0.297746	-85.299509	0.023461	-119.868015	0.204467
7020.000006	-124.806499	-0.426117	-122.242257	-0.473118	-81.739151	0.065564	-131.373119	0.231562
7030.000006	-128.342523	0.455792	-138.077251	-0.240372	-82.533593	-0.321218	-143.734991	-0.311065
7040.000006	-128.285608	-0.438388	-130.844439	-0.373341	-84.722326	0.140613	-133.128036	-0.198425
7050.000006	-121.792804	0.495593	-120.006629	0.430524	-86.003849	-0.078491	-123.617533	0.438017
7060.000006	-126.081758	-0.338174	-121.310538	0.478632	-84.891835	-0.469743	-125.536157	-0.395838
7070.000006	-119.194849	-0.276198	-122.623464	-0.379363	-79.628546	-0.075721	-123.109423	-0.040322
7080.000006	-123.319049	-0.308840	-130.108261	-0.457470	-81.516650	-0.436196	-123.402864	-0.195804
7090.000006	-124.802362	0.473135	-123.073359	0.446187	-87.889381	0.241653	-127.988670	0.279419
7100.000006	-126.065645	0.484315	-124.748056	-0.462869	-82.009332	0.223602	-127.447982	-0.258461
7110.000006	-119.538102	0.369266	-124.020140	-0.365233	-82.705086	-0.435613	-122.452495	0.402902
7120.000006	-126.734612	0.493255	-128.468574	-0.185570	-81.198239	-0.300032	-127.304024	-0.204795
7130.000006	-125.009826	-0.466601	-121.683783	0.410704	-81.409723	0.224427	-130.469282	0.395773
7140.000006	-131.630676	0.233367	-134.125030	-0.334687	-80.491193	0.383232	-124.556355	-0.090858
7150.000006	-126.238988	0.492339	-120.240066	0.289847	-87.849099	-0.236478	-125.098361	0.181108
7160.000006	-127.095976	-0.053323	-120.250071	0.285846	-97.622703	0.388543	-128.012884	0.375377
7170.000006	-141.622760	0.337190	-127.912208	0.125906	-87.493380	-0.082210	-126.384639	-0.385589
7180.000006	-123.840811	-0.300125	-128.755196	-0.221076	-89.205140	0.135968	-127.012972	-0.085386
7190.000006	-150.411124	-0.114901	-149.485760	0.385386	-76.457380	0.468851	-128.353629	0.097818
7200.000006	-136.121593	0.291981	-125.220145	0.339483	-80.533229	-0.437230	-139.764474	-0.085654
7210.000006	-121.100575	0.199650	-129.858902	-0.020319	-89.719269	-0.135788	-120.074447	0.410593
7220.000006	-130.466503	-0.325329	-125.348507	0.174858	-84.027978	-0.073011	-126.598949	0.072638
7230.000006	-124.330082	-0.238023	-126.977310	-0.376287	-86.283054	0.122478	-126.321633	-0.309540
7240.000006	-121.413744	-0.325231	-126.268712	-0.452351	-61.776470	-0.363797	-94.750834	-0.297309
7250.000006	-128.522942	0.170727	-122.681438	-0.364123	-83.236466	0.385437	-135.317944	-0.176049
7260.000006	-124.616714	-0.243426	-130.760528	-0.022959	-81.471623	-0.429112	-129.318459	-0.018105
7270.000006	-127.090323	-0.171772	-130.856537	0.382097	-88.556446	0.391975	-126.110531	-0.150081
7280.000006	-126.025927	-0.279172	-129.083831	-0.419148	-88.195428	-0.338688	-132.427920	0.021998
7290.000006	-130.668087	-0.195249	-128.222624	-0.061505	-82.508724	0.289430	-131.345024	-0.135784
7300.000006	-124.756739	0.271823	-119.522187	0.377132	-85.347008	-0.488449	-122.192411	0.250706
7310.000006	-126.370993	0.332629	-121.706344	0.115605	-86.340396	0.135185	-127.329085	-0.001572
7320.000006	-129.570884	-0.061897	-129.590961	0.391108	-83.651586	0.387098	-129.321309	0.052120
7330.000006	-125.042707	-0.202750	-134.933770	0.264305	-81.956961	-0.320096	-129.728990	-0.333867
7340.000007	-130.720418	-0.353155	-132.920080	-0.443712	-80.003136	-0.256729	-121.943970	-0.153123
7350.000007	-124.954521	0.005702	-130.007454	-0.208799	-80.950789	0.101496	-127.098663	0.261311
7360.000007	-123.720300	-0.295057	-128.321561	-0.304538	-78.723119	0.335452	-130.649615	-0.266911
7370.000007	-125.311369	0.062784	-125.760956	0.108754	-94.094854	-0.481493	-126.468899	-0.333747
7380.000007	-118.016557	0.019871	-129.943474	0.077841	-89.947948	0.271924	-132.805397	0.272381
7390.000007	-118.783455	-0.362491	-124.987991	-0.208931	-86.215280	-0.106475	-129.616605	-0.289889
7400.000007	-134.942527	-0.469028	-131.391339	0.260338	-84.000891	-0.285309	-130.071245	-0.257066
7410.000007	-124.987119	-0.448760	-133.840417	-0.379877	-91.616336	0.101172	-126.387080	0.445514
7420.000007	-123.083251	-0.101884	-126.252983	0.348499	-85.152234	0.229292	-131.502385	-0.391206
7430.000007	-121.036816	0.361977	-128.135896	-0.477170	-87.660428	-0.028088	-133.739128	-0.264260
7440.000007	-131.004292	-0.476680	-124.074273	-0.301259	-80.479343	0.299500	-127.594511	-0.289705
7450.000007	-122.763626	-0.362287	-122.026737	0.391604	-89.606659	-0.243556	-122.906129	0.480233
7460.000007	-125.385023	0.380259	-122.425937	-0.339036	-78.834018	0.475582	-118.003237	0.017705
7470.000007	-132.691846	-0.356522	-133.109812	-0.173530	-82.593389	0.138398	-127.521066	-0.031572
7480.000007	-121.526621	0.458435	-135.039852	0.445308	-107.419604	0.418598	-126.839148	0.294947
7490.000007	-125.705146	0.000265	-126.383761	-0.357945	-97.975621	0.303990	-123.450762	-0.401001
7500.000007	-131.534245	-0.112545	-130.360555	0.224225	-89.080337	0.075765	-118.497598	0.188685
7510.000007	-129.961694	0.246802	-130.896594	0.419998	-84.944891	-0.003726	-138.397765	-0.037188
7520.000007	-122.214639	0.194240	-121.586564	-0.067557	-86.099500	0.323769	-136.627713	-0.440654
7530.000007	-126.963935	-0.154229	-125.032695	-0.079509	-89.077967	-0.062145	-129.623068	-0.404733
7540.000007	-133.843751	0.296621	-122.593480	0.131164	-81.312416	0.421272	-145.705170	0.377726
7550.000007	-122.497699	-0.042288	-132.358739	0.202176	-83.991624	0.101947	-120.623782	0.282221
7560.000007	-130.072757	0.331173	-134.474080	0.439937	-99.959231	-0.010406	-132.550582	-0.045102
7570.000007	-136.188832	-0.338797	-124.172333	-0.472762	-81.257114	-0.403239	-126.238510	-0.312979
7580.000007	-126.050183	-0.278722	-125.505187	0.485796	-85.496387	-0.440556	-122.526568	-0.339622
7590.000007	-127.045094	0.268905	-130.657580	-0.468177	-83.477831	-0.159590	-135.203847	0.264085
7600.000007	-137.775337	0.448023	-128.182064	-0.343864	-80.896836	-0.316364	-108.030168	-0.021150
7610.000007	-131.568297	0.495704	-123.967341	0.181238	-75.992919	0.227160	-129.661336	-0.149294
7620.000007	-124.141759	-0.325658	-126.054146	-7.862457E-5	-87.492827	-0.358282	-124.057958	0.203772
7630.000007	-127.426345	-0.444261	-120.411920	0.061712	-88.102214	0.150647	-142.243148	0.092674
7640.000007	-125.911320	-0.442141	-134.300548	0.432023	-91.725834	-0.254098	-122.030737	-0.452807
7650.000007	-126.039913	-0.064015	-125.595300	-0.011631	-89.570148	-0.371585	-123.996314	0.037335
7660.000007	-124.278014	0.227163	-133.400824	0.137436	-81.833342	0.416790	-124.934567	0.467621
7670.000007	-117.257973	-0.139193	-148.924353	-0.062757	-83.761607	-0.371290	-126.344995	0.289307
7680.000007	-125.866211	0.257020	-125.206851	0.166888	-90.109863	0.471748	-124.305184	0.438163
7690.000007	-126.723690	-0.209182	-134.364647	0.176837	-97.114893	-0.100126	-120.318592	-0.304605
7700.000007	-121.203910	0.176031	-133.341626	0.434086	-88.111982	-0.109348	-127.281405	0.228967
7710.000007	-137.322365	-0.205973	-119.130808	-0.336862	-80.934719	0.375249	-139.818596	0.056035
7720.000007	-126.988618	0.007560	-126.504303	-0.422486	-82.277848	-0.007768	-139.669236	0.392079
7730.000007	-129.530437	-0.255784	-124.242135	0.230019	-82.100653	0.010442	-119.886718	-0.440477
7740.000007	-120.050095	-0.030449	-134.404671	-0.340544	-80.453380	0.430902	-122.185308	0.222468
7750.000007	-130.150755	-0.442481	-137.290697	-0.469978	-83.091086	0.248710	-126.237288	-0.297394
7760.000007	-125.437442	0.097497	-123.311636	-0.118722	-81.906299	-0.307303	-122.268627	-0.280482
7770.000007	-121.259180	0.381523	-132.255839	-0.054703	-86.079176	-0.081863	-125.375109	0.390016
7780.000007	-130.345334	-0.265115	-144.508797	-0.314789	-79.450850	0.499844	-124.940218	-0.277069
7790.000007	-122.932781	-0.385645	-125.315009	-0.384912	-81.117593	-0.416884	-126.011594	0.424255
7800.000007	-132.777425	0.437801	-129.718919	-0.394766	-86.150590	0.469214	-120.470248	-0.064610
7810.000007	-124.722465	0.071120	-125.520027	-0.183213	-82.406647	-0.335049	-124.237413	-0.480673
7820.000007	-127.464923	-0.288892	-133.037946	0.297251	-92.252383	0.044805	-131.972990	0.358123
7830.000007	-121.077430	0.009536	-136.054729	0.280046	-87.382737	0.009969	-121.526145	0.095199
7840.000007	-124.792613	-0.413549	-126.239681	0.124118	-78.282185	-0.184805	-123.222555	-0.352601
7850.000007	-126.162255	0.228067	-120.676308	0.340308	-91.037460	-0.472402	-126.970717	0.294460
7860.000007	-123.031015	0.403977	-144.178715	0.158576	-89.782091	-0.006752	-123.745459	0.268087
7870.000007	-136.887984	-0.290726	-125.303822	-0.346387	-90.359544	0.241105	-127.640223	0.405447
7880.000007	-119.347447	-0.290045	-118.746256	-0.225094	-78.905083	-0.377168	-122.237984	-0.085081
7890.000007	-127.397764	0.298579	-123.179183	0.456687	-83.014564	0.071277	-139.208273	-0.023051
7900.000007	-119.691367	0.184223	-141.980685	-0.051297	-95.826357	0.336958	-136.335352	-0.286164
7910.000007	-129.623528	0.202800	-128.761682	-0.256199	-86.735533	0.061906	-124.171860	-0.089881
7920.000007	-127.063635	0.490638	-119.652682	0.297597	-85.661263	0.220520	-126.790222	0.340800
7930.000007	-124.921651	0.389364	-140.945984	0.414276	-84.903659	0.006667	-128.579505	0.326067
7940.000007	-130.314341	0.453291	-129.655950	0.140955	-87.336319	-0.345369	-123.299237	-0.454445
7950.000007	-123.988905	0.371664	-138.907946	-0.165444	-80.791077	0.101717	-123.818703	-0.001405
7960.000007	-128.495290	-0.403037	-122.569484	-0.215121	-80.017271	0.295863	-115.309090	0.247881
7970.000007	-132.686240	-0.375723	-121.009997	-0.482268	-89.347577	-0.184793	-127.206165	0.007661
7980.000007	-124.306142	0.054221	-127.466987	0.168852	-78.280280	0.037728	-119.302468	-0.085680
7990.000007	-124.671111	0.239064	-130.419948	0.483017	-83.670336	-0.396888	-122.903380	0.331797
8000.000007	-120.460405	-0.449675	-121.502865	0.371354	-82.290909	-0.053305	-123.286999	0.491757
8010.000007	-128.254985	0.176050	-120.201195	-0.096699	-82.978443	-0.429273	-136.700718	0.333619
8020.000007	-130.002172	-0.097688	-127.920739	0.024403	-81.808062	-0.180967	-122.443964	-0.391488
8030.000007	-131.291720	-0.177079	-128.213884	0.480978	-86.401405	0.365193	-122.590538	-0.317669
8040.000007	-125.839731	0.497084	-123.075199	-0.272572	-90.738309	-0.459945	-122.980728	-0.032197
8050.000007	-135.039555	0.144497	-158.058243	-0.380224	-82.521309	0.374779	-130.200678	-0.099859
8060.000007	-126.359921	0.338944	-122.258882	0.192290	-87.835701	0.251084	-121.350186	0.145149
8070.000007	-123.906097	-0.301202	-116.499795	0.294964	-85.440666	0.346250	-134.564015	0.277597
8080.000007	-121.741172	0.081332	-127.920419	-0.096758	-84.605241	-0.096635	-132.756652	-0.357474
8090.000007	-125.338793	-0.424606	-127.169446	-0.252857	-92.192016	0.430025	-128.309248	-0.107633
8100.000007	-127.008229	0.325585	-122.308626	0.246860	-81.291025	-0.357274	-140.418888	0.480986
8110.000007	-124.452536	-0.400518	-127.805485	0.254996	-89.264431	0.173765	-128.204203	-0.312870
8120.000007	-121.070019	0.319635	-119.381062	0.195370	-93.593433	-0.233975	-127.830783	0.001260
8130.000007	-137.225065	0.301239	-122.447130	0.386000	-81.079819	0.001511	-121.046527	-0.487246
8140.000007	-143.143009	0.035271	-127.888224	0.068694	-79.072848	0.264343	-128.265308	0.184408
8150.000007	-125.653144	0.307164	-124.160778	-0.116056	-83.070336	0.123830	-146.771588	-0.456914
8160.000007	-132.434196	0.488692	-123.469635	-0.080158	-88.896765	0.322351	-123.907394	-0.093411
8170.000007	-134.913347	-0.497200	-123.990790	0.059598	-89.585039	-0.439646	-125.068311	-0.246934
8180.000007	-124.182058	-0.000746	-124.589288	-0.054091	-82.083753	-0.171536	-125.199267	0.025770
8190.000007	-129.725768	0.088130	-126.839632	0.100476	-86.285207	-0.324733	-134.323456	-0.237025
8200.000007	-126.718560	0.096152	-129.315172	0.301305	-82.815802	0.336713	-132.143085	-0.077817
8210.000007	-126.196201	-0.327090	-127.247660	-0.194048	-81.157896	0.453699	-133.996922	-0.474004
8220.000007	-130.749678	-0.283365	-121.920100	-0.007696	-89.903622	-0.240495	-123.836063	-0.406303
8230.000007	-122.237085	-0.107246	-142.260237	0.393221	-85.234150	0.280549	-122.502341	0.299921
8240.000007	-122.373150	0.074534	-121.663453	0.070095	-92.453651	0.334920	-132.154977	0.211880
8250.000007	-128.908467	0.155502	-124.610604	-0.377637	-86.599211	-0.417154	-120.320940	-0.458090
8260.000007	-123.557453	-0.052818	-125.507114	-0.364036	-84.852199	-0.206482	-144.007138	0.446139
8270.000007	-122.121680	0.207544	-133.943226	-0.063621	-85.167981	-0.208353	-125.324919	0.083178
8280.000007	-132.307500	-0.303554	-128.506193	-0.331782	-80.212167	0.409557	-123.266975	-0.435394
8290.000007	-123.834344	0.082337	-137.888272	-0.011893	-76.034447	-0.162942	-122.748668	-0.398993
8300.000007	-120.162425	-0.016454	-124.853807	-0.258675	-77.665074	0.041156	-123.325117	-0.106610
8310.000007	-130.723674	-0.099049	-124.509426	-0.165735	-81.786751	0.466116	-124.012279	0.306598
8320.000007	-127.849707	0.137133	-123.182329	0.115026	-92.046097	0.490446	-108.735493	-0.024501
8330.000007	-125.391527	-0.426619	-120.495056	-0.407675	-80.809559	-0.035977	-124.213039	0.336171
8340.000007	-132.741755	0.032018	-127.903216	0.061315	-86.671101	0.466143	-125.662172	0.192870
8350.000007	-131.056655	0.373308	-130.058850	-0.305445	-91.682914	0.151076	-131.374977	-0.126704
8360.000007	-153.348705	0.262936	-130.636728	0.279467	-84.089548	-0.401671	-127.078148	0.355694
8370.000007	-139.426993	-0.498200	-123.219226	0.309799	-83.499011	0.170447	-124.371315	-0.012837
8380.000007	-128.153014	-0.342643	-124.331814	0.250805	-80.047765	-0.108752	-124.197613	-0.423952
8390.000007	-126.223080	-0.009551	-131.539553	0.494288	-85.436136	-0.093919	-127.631101	-0.450854
8400.000007	-121.065860	0.300065	-129.402798	0.257063	-84.628574	-0.279468	-128.469167	0.122811
8410.000007	-127.363576	-0.323961	-121.057124	-0.252075	-79.726923	-0.235047	-129.018694	0.099534
8420.000007	-121.099115	-0.224882	-130.329267	-0.430127	-91.874926	-0.066830	-119.036431	0.157216
8430.000007	-138.375118	0.040095	-135.955617	-0.432860	-79.965316	0.477664	-132.981440	-0.384453
8440.000007	-124.290946	-0.134372	-121.914918	0.312375	-92.083746	-0.299910	-128.142100	0.136525
8450.000007	-124.617504	0.350649	-122.995515	0.159299	-87.702274	0.421244	-126.840367	-0.003146
8460.000007	-120.795774	0.441533	-132.368991	-0.018933	-81.236432	0.173324	-127.313962	0.214042
8470.000008	-123.155719	0.055593	-123.816653	-0.089512	-92.739103	-0.231705	-124.630925	0.235035
8480.000008	-130.917117	-0.301625	-128.425245	-0.450607	-86.724681	0.197876	-127.003624	-0.356581
8490.000008	-122.224594	-0.170838	-126.511763	0.112740	-95.787246	0.282594	-123.933974	-0.349406
8500.000008	-121.783398	-0.070847	-127.146356	0.008992	-81.781674	-0.278055	-126.229558	0.329178
8510.000008	-123.052765	-0.391226	-136.012049	-0.194443	-80.306465	0.240762	-134.480121	0.330878
8520.000008	-126.745110	0.149952	-132.183597	0.044207	-98.465352	-0.043943	-127.335375	0.033479
8530.000008	-122.643382	0.253362	-121.321656	0.052531	-80.490052	0.303912	-126.394303	0.187815
8540.000008	-122.644822	-0.155397	-123.003952	-0.020585	-83.328194	0.224368	-129.188685	-0.162484
8550.000008	-123.938460	0.075782	-122.459005	0.233003	-89.402044	0.373390	-119.732993	-0.475472
8560.000008	-128.863578	-0.202054	-134.514522	-0.356770	-83.691540	0.160516	-122.574277	0.020370
8570.000008	-121.189969	-0.221990	-128.690570	0.498854	-97.252262	0.089875	-133.498083	0.242188
8580.000008	-132.749098	0.386794	-128.337920	0.494176	-88.689633	-0.485028	-139.599271	-0.056778
8590.000008	-131.388616	0.267978	-127.613180	-0.178535	-83.407948	-0.085977	-129.343335	-0.190271
8600.000008	-124.406805	0.073410	-130.736619	0.121754	-81.527254	-0.005521	-121.921103	0.388816
8610.000008	-124.034858	0.319758	-134.152381	0.212481	-81.130417	-0.217306	-122.184354	0.353381
8620.000008	-129.211654	0.140605	-118.690684	0.348895	-83.408166	-0.497331	-122.027670	-0.117492
8630.000008	-125.668518	-0.496203	-130.965755	-0.389244	-87.881397	0.184458	-118.626593	0.130487
8640.000008	-137.488532	-0.161064	-123.673964	-0.448223	-79.967753	-0.239948	-122.872584	-0.132869
8650.000008	-126.947026	-0.333080	-147.606635	0.212649	-105.310238	-0.327540	-131.491885	-0.309486
8660.000008	-125.875436	-0.124037	-147.171754	-0.419413	-78.866873	0.182034	-135.146877	-0.386220
8670.000008	-124.401719	0.369958	-125.692129	0.031880	-89.331807	-0.173925	-129.473939	0.108087
8680.000008	-120.948432	0.304924	-124.816318	-0.178950	-78.331564	-0.063794	-120.017228	-0.093559
8690.000008	-124.604080	-0.040758	-126.599296	-0.312774	-85.855212	0.294411	-126.409826	-0.047060
8700.000008	-122.394163	-0.018757	-130.855909	-0.179380	-87.985750	0.405713	-124.864537	0.365871
8710.000008	-125.044848	0.435030	-118.155153	-0.498065	-81.618776	0.302707	-123.000008	-0.332870
8720.000008	-119.773301	0.202476	-127.490969	0.342011	-80.819416	0.412730	-147.847035	0.416693
8730.000008	-137.571860	-0.490396	-133.912562	0.479139	-88.973773	-0.440505	-126.558114	0.442075
8740.000008	-125.606140	0.465097	-120.663227	0.437347	-83.785381	-0.271877	-122.938811	0.057760
8750.000008	-154.218833	-0.179035	-128.167857	0.120035	-83.629374	0.045914	-134.226272	-0.213645
8760.000008	-136.332146	0.191395	-133.265563	-0.209930	-82.270125	0.470559	-128.166588	0.159640
8770.000008	-135.878076	0.488740	-139.244347	0.028074	-81.426057	-0.263538	-120.623369	-0.405653
8780.000008	-126.757803	-0.356660	-130.473343	-0.081113	-82.226751	0.478674	-121.897565	-0.013585
8790.000008	-133.564550	0.383611	-123.490988	0.327384	-87.505314	-0.442406	-128.774440	-0.447358
8800.000008	-131.270906	-0.056528	-120.611951	-0.256798	-87.089166	0.469376	-122.208419	-0.049350
8810.000008	-125.130864	0.205856	-127.495176	-0.465304	-88.328312	-0.358824	-137.949858	0.054544
8820.000008	-133.737714	-0.109076	-126.902170	-0.486049	-86.604718	0.084255	-129.535291	-0.120035
8830.000008	-121.807150	-0.143412	-123.675869	0.143707	-85.033244	-0.331700	-128.481101	-0.127014
8840.000008	-125.663344	-0.038117	-127.482961	0.437611	-82.986079	-0.493738	-127.662420	-0.037166
8850.000008	-128.245632	0.492432	-127.803228	-0.220859	-90.115951	0.454534	-132.948201	-0.431735
8860.000008	-129.556202	0.329368	-129.006372	0.279987	-82.453889	-0.102290	-151.697153	-0.094786
8870.000008	-123.022968	-0.445260	-125.211073	0.186091	-86.259640	-0.325645	-134.645658	-0.135385
8880.000008	-124.842607	-0.087483	-127.238735	-0.238724	-82.352222	-0.153574	-136.333569	0.145131
8890.000008	-125.596375	0.038248	-132.261304	-0.132266	-84.257998	-0.485243	-117.314333	-0.265870
8900.000008	-120.946647	0.221227	-134.434292	-0.458541	-90.184870	-0.213112	-129.143831	0.015388
8910.000008	-134.024968	-0.024754	-124.679523	0.003468	-100.189375	0.242410	-128.319816	-0.045822
8920.000008	-126.499116	0.036759	-124.861438	-0.019130	-84.275606	0.280528	-136.375158	-0.495009
8930.000008	-124.257647	0.178349	-134.679717	-0.383998	-84.920900	-0.122682	-123.040981	0.001708
8940.000008	-127.736927	0.469103	-121.098467	-0.049205	-81.384976	0.197397	-142.544641	-0.200062
8950.000008	-134.711674	0.136139	-127.773713	0.153150	-92.018353	-0.107177	-117.851815	-0.070287
8960.000008	-127.602889	0.192391	-124.296674	0.377808	-79.041401	-0.049497	-137.448802	0.052358
8970.000008	-133.594908	-0.284783	-124.066459	-0.458109	-83.731156	-0.034336	-124.989012	0.229750
8980.000008	-135.866478	-0.072919	-122.425641	-0.264212	-87.949394	0.050258	-132.919796	0.026423
8990.000008	-128.914411	-0.194654	-121.396039	-0.404964	-90.045591	-0.106381	-123.141145	-0.013758
9000.000008	-127.540966	-0.399936	-126.379512	0.288596	-82.570486	-0.492509	-129.527644	-0.341055
9010.000008	-127.847165	-0.106290	-136.894855	0.282862	-81.954653	-0.366544	-123.351378	0.234424
9020.000008	-126.733665	-0.082493	-130.945766	-0.042257	-88.049508	-0.335824	-120.062069	0.285978
9030.000008	-147.915364	0.230975	-122.900994	0.412316	-86.048896	-0.408410	-125.634208	-0.451245
9040.000008	-130.135221	-0.289440	-127.329773	0.023647	-82.142153	-0.065682	-122.479354	-0.079324
9050.000008	-121.138703	-0.139715	-125.169313	-0.391660	-86.925564	0.072237	-123.038920	-0.019071
9060.000008	-122.537510	0.256021	-121.131638	-0.023888	-80.090760	-0.471027	-115.150980	0.252793
9070.000008	-128.692255	-0.362053	-124.520235	-0.086985	-78.829199	-0.010603	-127.065617	-0.426226
9080.000008	-134.724061	-0.115559	-126.039733	-0.168390	-84.581179	0.003004	-130.100906	0.492649
9090.000008	-125.503301	-0.167520	-120.446719	0.442075	-83.549914	-0.214469	-125.405618	0.045039
9100.000008	-133.207542	-0.125398	-133.797185	0.115475	-88.531516	-0.066299	-122.025566	-0.081901
9110.000008	-129.274398	-0.176079	-132.338025	0.178329	-86.792529	0.263535	-126.775337	-0.193399
9120.000008	-122.602083	-0.178435	-121.854025	-0.095206	-84.325076	-0.475947	-130.583980	0.492442
9130.000008	-127.316059	-0.466311	-123.816205	-0.498213	-96.505923	-0.009725	-130.308619	0.312160
9140.000008	-125.030973	-0.075278	-125.698294	0.011996	-79.148100	-0.470773	-116.836018	0.256335
9150.000008	-121.550626	0.248463	-125.812764	-0.366945	-82.774305	0.047242	-123.955836	-0.486040
9160.000008	-125.029528	-0.019704	-131.902598	-0.237858	-91.952002	-0.185782	-133.070944	-0.063999
9170.000008	-123.976631	0.221067	-119.674710	0.395188	-88.220793	-0.024295	-134.462868	-0.430283
9180.000008	-122.972187	0.276826	-127.963659	-0.254265	-85.955341	0.003475	-139.259078	0.439321
9190.000008	-124.282783	-0.482263	-128.578275	-0.033879	-88.310503	-0.406900	-123.536018	0.151330
9200.000008	-130.475203	-0.407051	-125.196975	0.273341	-91.105878	0.157987	-124.330048	0.097353
9210.000008	-123.063014	-0.408416	-122.560191	-0.290525	-82.754765	-0.153047	-125.551472	0.348129
9220.000008	-128.205052	-0.451286	-130.933902	-0.481212	-83.794263	0.427933	-127.643339	-0.002221
9230.000008	-126.794561	-0.496013	-121.682782	-0.022725	-80.397134	0.031509	-127.129992	0.093119
9240.000008	-132.207949	-0.323010	-122.206995	0.208249	-97.567338	-0.426042	-136.051798	-0.441583
9250.000008	-128.910741	0.359027	-129.690733	-0.443484	-86.794643	0.215418	-132.495572	0.300655
9260.000008	-134.686458	-0.497688	-130.872367	-0.438340	-85.020275	-0.485306	-123.528812	0.343763
9270.000008	-132.373887	-0.260902	-134.589990	-0.342363	-82.671478	0.128445	-130.703599	0.207803
9280.000008	-134.042890	-0.385831	-123.130241	-0.073631	-92.669414	0.295906	-121.573431	-0.252240
9290.000008	-137.567457	-0.210801	-123.180888	-0.020811	-88.837260	-0.007322	-128.904061	-0.117237
9300.000008	-126.216483	0.276006	-148.573903	0.307609	-86.094069	0.165547	-125.082555	0.332548
9310.000008	-127.717855	-0.279749	-128.132877	0.131680	-87.490749	-0.425102	-127.159537	-0.184436
9320.000008	-125.194911	0.386732	-130.843886	-0.213047	-83.296794	-0.221322	-124.305203	0.391125
9330.000008	-119.463432	0.143044	-125.646070	-0.407741	-89.352078	0.129103	-127.721477	-0.417653
9340.000008	-122.917320	0.353040	-132.624866	-0.471151	-81.660557	-0.084808	-124.963113	-0.247696
9350.000008	-135.948630	-0.011209	-119.840121	-0.437516	-85.125018	-0.140586	-130.312592	0.134298
9360.000008	-127.182861	-0.378287	-124.745596	0.134961	-84.340399	-0.002916	-123.501628	-0.168982
9370.000008	-125.808056	0.277878	-120.793005	0.322981	-85.895566	0.177237	-121.848802	0.443777
9380.000008	-123.696108	0.299523	-129.094492	0.385470	-99.066794	0.295086	-123.182382	0.233493
9390.000008	-123.270533	-0.420786	-127.353380	0.142970	-81.293651	0.239515	-133.384077	0.047118
9400.000008	-134.764728	0.246113	-120.356890	0.137681	-88.095709	0.294869	-122.328546	-0.126914
9410.000008	-127.602754	0.089319	-132.448372	-0.285383	-82.772827	-0.398331	-131.558719	-0.233884
9420.000008	-125.252132	0.332333	-132.019160	0.195816	-93.909060	-0.434004	-119.683583	0.101317
9430.000008	-127.411476	-0.353507	-126.799208	0.088173	-84.346431	0.286505	-123.030325	0.052669
9440.000008	-139.489939	0.262652	-121.713415	0.364703	-82.717543	-0.367667	-128.914607	0.309762
9450.000008	-126.472112	-0.443635	-126.356462	-0.279706	-92.211406	0.412892	-130.454171	-0.117418
9460.000008	-130.441135	-0.297613	-124.623246	0.050431	-81.901799	0.046562	-122.626508	-0.004113
9470.000008	-126.583899	-0.336544	-129.103958	-0.144370	-88.295903	0.480333	-125.484802	-0.022758
9480.000008	-119.804786	0.335378	-126.694397	-0.032273	-85.345014	-0.493816	-122.556894	0.382299
9490.000008	-124.715056	-0.036832	-124.155623	-0.024087	-81.027484	0.037579	-137.018301	-0.391016
9500.000008	-118.395280	0.376304	-128.607658	-0.291387	-84.482933	0.070173	-141.517328	0.057135
9510.000008	-130.169091	-0.373360	-131.012465	0.223414	-80.048588	0.286320	-131.998539	0.114817
9520.000008	-126.460697	-0.184719	-135.020499	0.056670	-87.326769	0.170249	-133.702903	-0.460922
9530.000008	-129.093711	-0.227307	-127.359719	-0.175895	-79.619974	-0.080306	-121.165947	-0.391045
9540.000008	-143.006615	-0.082837	-136.240009	0.056699	-83.047889	0.250236	-126.043573	0.137114
9550.000008	-122.966656	0.117707	-121.237655	-0.245468	-94.164122	0.235070	-134.733370	0.348140
9560.000008	-123.585947	0.392461	-139.079154	0.050301	-85.854632	-0.411001	-124.875551	0.386998
9570.000008	-129.628628	0.168182	-128.278508	0.288789	-84.313930	-0.342212	-140.318414	-0.216685
9580.000008	-131.446790	-0.119748	-134.676771	-0.122248	-89.811405	-0.308583	-129.405858	-0.169343
9590.000008	-125.124779	0.110384	-130.731663	0.040129	-94.347186	0.480931	-134.163940	0.269865
9600.000009	-124.439569	-0.294929	-125.365353	-0.035019	-86.924963	-0.495921	-122.832337	-0.427867
9610.000009	-123.965769	0.329708	-121.084938	0.174220	-83.221400	-0.136469	-123.213727	-0.022226
9620.000009	-125.424763	0.032665	-130.980648	-0.263139	-88.101577	-0.096206	-129.728708	0.247110
9630.000009	-120.197078	-0.206328	-133.220401	-0.125286	-85.828958	-0.487105	-123.844459	-0.387779
9640.000009	-121.089661	0.198546	-127.341401	-0.454970	-88.685543	-0.258326	-129.647588	0.498023
9650.000009	-127.427914	-0.245650	-130.050472	0.172563	-88.109024	-0.229585	-125.406887	-0.094956
9660.000009	-133.708298	0.325580	-119.567642	0.257490	-92.552333	0.272565	-122.085579	0.208659
9670.000009	-128.556616	-0.336285	-124.607443	-0.070828	-95.603083	0.253019	-120.873237	0.176969
9680.000009	-124.139917	0.016995	-127.666599	-0.172987	-88.373865	0.395468	-130.947225	0.128452
9690.000009	-131.070189	0.476026	-143.124849	-0.247719	-83.755552	0.272907	-131.302096	0.254017
9700.000009	-131.627181	0.476132	-123.382841	0.249589	-88.808804	0.041690	-130.750974	-0.415519
9710.000009	-119.383930	0.068312	-119.557421	0.175836	-86.100099	0.471208	-125.699668	-0.041666
9720.000009	-130.088771	0.291083	-145.586487	0.131445	-95.472024	0.438988	-130.259703	0.146444
9730.000009	-127.667116	-0.351026	-127.456000	-0.245051	-93.985687	-0.378201	-126.856434	0.072588
9740.000009	-139.736209	-0.425630	-123.442178	-0.393635	-80.668895	0.126714	-122.284750	-0.004688
9750.000009	-127.136530	0.184863	-124.223717	0.285637	-83.234443	-0.161488	-125.211463	0.031329
9760.000009	-135.365037	-0.373779	-127.453396	0.174274	-84.349516	0.408370	-123.401082	0.034575
9770.000009	-128.663209	-0.373152	-125.552532	-0.485629	-80.599715	-0.157466	-130.558385	-0.077468
9780.000009	-120.136891	0.188215	-125.289678	-0.440821	-86.387067	0.139172	-121.003215	0.308098
9790.000009	-136.878918	0.102643	-127.517860	0.190256	-90.477369	-0.372495	-130.890652	0.265573
9800.000009	-137.100014	0.435654	-127.844245	-0.428950	-89.884268	0.369688	-129.519412	-0.012330
9810.000009	-139.528747	-0.026166	-127.176753	-0.018549	-86.996588	-0.089147	-127.156851	-0.022976
9820.000009	-127.724539	-0.326919	-126.143037	-0.153893	-88.545430	-0.065041	-119.551719	0.382450
9830.000009	-123.654699	-0.017246	-122.363820	0.105748	-84.747170	0.283311	-128.037709	-0.361495
9840.000009	-147.357862	-0.301502	-132.233565	0.162400	-89.954944	-0.412259	-134.384728	0.377309
9850.000009	-118.303356	0.431321	-123.558725	-0.370509	-83.492628	0.262035	-125.573271	0.434530
9860.000009	-122.928793	0.332381	-124.419456	-0.096910	-98.365153	0.125649	-133.807615	-0.261157
9870.000009	-124.743834	-0.313209	-121.314847	-0.100339	-83.108286	-0.018324	-123.135808	0.374902
9880.000009	-137.141278	-0.362547	-126.622569	0.388305	-81.091721	0.132535	-126.706017	0.273255
9890.000009	-129.795226	0.424722	-131.132371	-0.267533	-94.657908	0.003616	-135.153600	0.185917
9900.000009	-121.660492	-0.126356	-131.109519	0.471403	-91.261435	0.455345	-126.745339	-0.219312
9910.000009	-125.177946	-0.217326	-133.890739	-0.334324	-82.413096	-0.102240	-123.046594	0.002310
9920.000009	-127.478696	0.395518	-125.687953	0.380983	-82.198962	0.060695	-135.942081	-0.262467
9930.000009	-137.842443	-0.191869	-126.358021	-0.235243	-96.158335	-0.154494	-130.264003	0.350318
9940.000009	-121.977058	0.026983	-130.027511	0.331263	-90.310879	0.053621	-118.842684	-0.044755
9950.000009	-120.396354	-0.008875	-131.416832	0.140558	-86.218264	0.399328	-130.906687	0.038466
9960.000009	-121.650599	-0.201484	-123.161136	-0.195153	-90.428591	0.254778	-132.123969	0.084737
9970.000009	-126.611283	-0.196408	-135.304740	0.446715	-85.322986	0.255078	-127.822381	-0.258330
9980.000009	-133.984631	0.406372	-130.076748	0.237511	-85.189545	-0.121707	-125.645952	0.014767
9990.000009	-124.677213	0.088243	-130.942799	-0.149981	-80.869016	-0.053147	-126.267569	0.067127
10000.000009	-117.737001	-0.471790	-125.596152	-0.380902	-84.452567	-0.399835	-125.565794	-0.286247
