% f2036.txt
% Date Wed, Jun 23, 2021 5:15 PM
% Sine
% Response spectrum
% Stim level (V pk) 1.000, 0 dB filter gain, 120.0 dB attenuation
% Stim RMS (V) 0.000
% Freq [Hz]	Ch0 Mag [dB]	Ch0 Phase [cyc]	Ch1 Mag [dB]	Ch1 Phase [cyc]	Ch2 Mag [dB]	Ch2 Phase [cyc]	Ch3 Mag [dB]	Ch3 Phase [cyc]
%%end
100.000000	-112.058222	-0.477404	-118.272955	-0.468321	-69.532415	-0.227525	-118.745793	-0.270899
200.000000	-121.879322	-0.330874	-124.893577	-0.282450	-66.171584	0.421797	-121.219143	-0.225104
300.000000	-105.290172	-0.003411	-105.617889	-0.192765	-52.020556	0.488749	-109.267159	0.115533
400.000000	-120.339867	-0.150337	-114.439794	-0.340235	-64.220513	-0.260405	-119.651821	0.323590
500.000000	-118.115230	0.421266	-111.463242	0.356650	-66.117637	-0.061382	-117.003100	0.276439
600.000000	-116.516603	-0.154072	-121.894571	-0.400884	-68.031965	0.404613	-114.482708	-0.451351
700.000000	-134.117044	0.111397	-123.580651	-0.100448	-85.695338	-0.270504	-112.319638	-0.010127
800.000000	-112.741347	-0.221255	-115.033544	-0.202658	-73.313908	0.452882	-121.639054	-0.211050
900.000000	-120.762600	0.155258	-114.963463	0.327590	-67.010447	0.113690	-113.778062	0.087751
1000.000000	-117.029162	0.089782	-138.840064	-0.265231	-20.225065	0.412887	-17.596406	-0.225259
1100.000001	-120.223350	0.364092	-116.473477	-0.323934	-68.788492	-0.387952	-113.190263	-0.445540
1200.000001	-117.817931	-0.165889	-123.423930	-0.424240	-67.189350	0.129978	-116.052223	0.309557
1300.000001	-116.209116	0.384321	-129.698695	-0.451564	-80.664967	0.123137	-126.556226	0.187683
1400.000001	-119.395691	0.474351	-115.626468	0.253996	-79.444916	-0.369410	-116.042712	0.272458
1500.000001	-119.802808	0.093830	-114.937019	-0.254047	-64.127203	0.109754	-112.543992	0.239223
1600.000001	-118.789893	0.105577	-123.139838	-0.177856	-91.874732	-0.375955	-123.416480	-0.126853
1700.000001	-117.497852	-0.146147	-119.788931	0.429025	-77.723226	0.430523	-116.969278	0.339618
1800.000001	-118.176213	0.447892	-119.182239	-0.431578	-71.834171	0.282667	-124.328484	0.260777
1900.000001	-116.454472	-0.182101	-122.640518	-0.095149	-77.686895	-0.016081	-111.985975	0.267489
2000.000001	-110.289066	0.313106	-105.340530	0.361504	-59.737769	0.121539	-56.013734	-0.473499
2100.000001	-116.423243	0.214630	-117.897984	0.334184	-70.220967	0.093457	-120.650721	-0.464966
2200.000001	-114.018572	0.062440	-115.268177	0.494353	-85.926553	0.044983	-116.672095	0.085647
2300.000001	-114.882861	-0.067127	-121.670340	-0.206591	-76.105704	0.356089	-128.509228	-0.111262
2400.000001	-119.002703	-0.368178	-114.784133	-0.089806	-80.400290	-0.262386	-117.803579	-0.249665
2500.000001	-118.199525	-0.175581	-114.764695	-0.434383	-75.030242	-0.101537	-125.744749	0.327679
2600.000001	-120.875492	0.480721	-120.983842	-0.138884	-84.562144	0.176603	-124.912035	-0.288031
2700.000001	-121.308010	-0.310843	-115.921981	-0.209584	-72.420375	0.111054	-118.697445	-0.469859
2800.000001	-123.435364	0.181224	-124.872951	0.112375	-80.179063	-0.146432	-120.078656	0.319453
2900.000001	-114.154488	-0.468886	-113.544902	-0.240704	-85.579833	0.322429	-114.751295	-0.387285
3000.000001	-119.186192	-0.406435	-123.736421	-0.120186	-56.565998	0.311899	-56.053604	-0.226190
3100.000001	-137.097684	-0.336159	-117.178068	-0.131844	-86.996028	-0.284086	-119.440476	-0.159355
3200.000001	-121.356126	-0.464300	-123.526707	-0.414269	-93.986784	-0.110812	-117.873963	0.100797
3300.000002	-113.842903	0.131145	-125.407128	-0.240954	-82.222295	0.474732	-124.363061	-0.434040
3400.000002	-132.980332	-0.173760	-122.029113	-0.241462	-71.510692	-0.251489	-121.713805	-0.358350
3500.000002	-125.525962	0.460855	-123.083814	-0.423705	-71.921922	0.037998	-113.173194	-0.015144
3600.000002	-115.100251	0.220840	-131.622223	-0.445384	-79.049516	-0.486277	-117.881679	-0.335388
3700.000002	-118.024225	0.037506	-119.647223	0.291293	-80.576582	-0.395879	-118.856945	-0.458750
3800.000002	-116.167024	0.005375	-116.773718	-0.252655	-110.093821	-0.267420	-116.258204	-0.214458
3900.000002	-118.513821	-0.330086	-118.189168	0.118664	-79.065078	-0.181151	-116.416229	0.071289
4000.000002	-107.080365	-0.259806	-109.770565	-0.201544	-60.533840	-0.475622	-56.900885	0.020844
4100.000002	-121.497042	-0.320677	-121.442424	-0.061853	-85.430654	0.078509	-127.252877	-0.070920
4200.000002	-113.062922	0.098243	-123.037831	0.155381	-86.079167	-0.254068	-125.622938	0.404405
4300.000002	-116.323729	-0.386146	-125.132331	0.149561	-77.558818	-0.429181	-120.280808	0.386847
4400.000002	-119.340127	0.034686	-127.287641	-0.300815	-80.590625	-0.200328	-116.624212	-0.017812
4500.000002	-125.412804	0.069027	-121.007620	-0.290275	-85.529505	-0.305073	-116.371358	0.140701
4600.000002	-125.102265	-0.299305	-120.478007	0.121959	-86.385034	-0.346014	-119.375804	-0.037659
4700.000002	-121.284029	0.056867	-115.512942	0.132483	-83.746578	-0.460223	-121.987832	-0.459490
4800.000002	-115.346609	-0.179163	-118.603732	0.182993	-82.996190	0.480219	-118.626441	-0.018032
4900.000002	-118.733420	-0.495213	-126.647508	-0.225740	-82.785187	-0.218661	-119.258507	-0.029756
5000.000002	-127.653530	0.289086	-113.462202	-0.459594	-57.488309	-0.231562	-58.274240	0.268411
5100.000002	-122.582036	0.480939	-126.508628	-0.104971	-80.553576	-0.367910	-117.112748	0.480156
5200.000002	-116.536802	-0.399835	-124.770889	0.295024	-81.474550	-0.322563	-137.452463	0.127834
5300.000002	-121.293073	-0.387046	-119.156746	0.238967	-88.795157	-0.296233	-117.498660	0.388505
5400.000002	-116.085794	0.127606	-122.542841	0.226289	-86.220713	0.433709	-119.830712	0.472795
5500.000003	-119.685950	0.227955	-121.548308	0.292911	-81.841335	0.285116	-120.275261	0.360099
5600.000003	-129.210411	-0.318377	-125.558453	-0.370936	-81.268469	-0.438285	-122.679850	-0.297873
5700.000003	-118.488958	0.087425	-119.358149	0.203444	-81.024334	0.385709	-111.666834	0.097263
5800.000003	-124.108981	-0.160401	-120.437580	-0.472655	-83.519147	0.312281	-112.856102	-0.406406
5900.000003	-116.901733	-0.211358	-123.765414	-0.282399	-82.088276	0.104650	-128.110956	0.335940
6000.000003	-105.928251	0.214601	-110.733029	0.226512	-61.157768	-0.015208	-59.255261	-0.486889
6100.000003	-122.790719	0.084738	-125.551971	-0.368397	-83.292206	0.489525	-128.109193	0.000784
6200.000003	-120.229669	0.169452	-124.235472	-0.228781	-77.941449	0.263831	-123.906663	-0.138247
6300.000003	-118.856484	0.117500	-123.759972	0.363915	-77.075190	-0.363583	-125.203258	0.103347
6400.000003	-129.123595	-0.431543	-124.472212	-0.439904	-78.631115	0.005353	-120.685925	-0.427366
6500.000003	-117.638629	-0.449238	-127.031742	0.452101	-81.061987	0.199123	-121.151285	-0.130464
6600.000003	-116.542791	0.055942	-116.162157	0.114686	-84.196627	-0.343831	-131.219938	-0.287663
6700.000003	-130.890255	-0.033821	-114.410633	-0.210386	-77.597381	0.173960	-120.975642	-0.259379
6800.000003	-121.131286	-0.359113	-119.897730	0.039336	-87.779396	-0.408718	-122.052836	0.223604
6900.000003	-124.397213	-0.312918	-117.434752	-0.296104	-84.876336	0.412841	-112.212198	0.423744
7000.000003	-122.930471	-0.408531	-121.215497	-0.230686	-61.345626	0.221970	-61.608332	-0.237213
7100.000003	-126.569327	-0.244044	-122.513662	0.445674	-85.225755	0.355469	-124.426257	-0.471257
7200.000003	-140.687886	-0.175166	-122.157439	0.306960	-90.720734	-0.033864	-125.765094	0.060582
7300.000003	-114.562156	-0.022333	-116.382691	0.006131	-83.499694	0.488965	-117.437968	-0.041235
7400.000003	-114.971705	-0.390739	-113.988095	-0.092948	-83.518281	0.019843	-120.937176	-0.352418
7500.000003	-117.627137	-0.189227	-126.261206	-0.137528	-88.326287	0.264381	-120.333428	-0.465512
7600.000004	-125.722872	-0.342802	-118.184946	0.012011	-88.114826	-0.292434	-121.430871	-0.249069
7700.000004	-119.922624	-0.166154	-121.762835	-0.027977	-81.393096	-0.264690	-131.133213	-0.418724
7800.000004	-142.581177	-0.441632	-117.322534	0.006540	-78.361098	-0.206342	-123.584806	0.421357
7900.000004	-114.150614	0.468183	-126.952517	-0.489583	-81.582528	0.201718	-127.319454	-0.002452
8000.000004	-112.963716	-0.358633	-110.174700	-0.265420	-64.125730	0.433526	-63.296229	-0.002081
8100.000004	-125.498109	0.406010	-119.288733	-0.327883	-98.287390	0.401339	-115.307872	0.174824
8200.000004	-124.441753	-0.493987	-128.627446	0.046994	-82.007257	-0.221909	-120.656278	0.435363
8300.000004	-115.223933	0.355880	-121.932289	0.449672	-72.694338	0.364847	-118.903663	-0.081753
8400.000004	-121.910744	0.332609	-115.999217	-0.274706	-79.409201	-0.250356	-119.708339	-0.245655
8500.000004	-116.873076	-0.111640	-125.831496	-0.362426	-83.342317	-0.321062	-119.333394	0.062347
8600.000004	-116.872262	0.195352	-122.948586	-0.127699	-90.387073	-0.365781	-132.994086	0.400653
8700.000004	-112.121344	-0.341289	-122.286173	0.318040	-81.212145	0.029872	-115.585093	0.250480
8800.000004	-124.213458	-0.133163	-127.309231	-0.086163	-76.684433	0.006908	-117.420310	0.071845
8900.000004	-121.377221	-0.406992	-121.616124	0.289295	-87.410668	0.142976	-119.797968	-0.293720
9000.000004	-121.283244	-0.138243	-120.273488	0.228024	-65.623623	-0.315197	-66.589100	0.251535
9100.000004	-118.124195	0.066240	-116.752452	-0.205327	-80.940627	-0.176887	-115.392088	0.004461
9200.000004	-137.679759	0.234975	-127.055377	0.251217	-81.716454	0.115344	-119.003804	-0.133990
9300.000004	-128.066576	-0.327900	-115.994309	-0.154472	-80.254984	-0.065248	-122.930087	-0.266214
9400.000004	-115.075855	0.461751	-119.761020	-0.195136	-81.112337	-0.061621	-123.188421	-0.262707
9500.000004	-120.794223	-0.021293	-118.322536	-0.103357	-80.978680	0.320875	-111.432535	0.051100
9600.000004	-121.446598	-0.214945	-116.843841	-0.166551	-77.368936	0.448072	-121.372103	-0.490583
9700.000004	-117.447059	0.376327	-118.185065	-0.434192	-91.156312	0.239177	-125.426292	0.471396
9800.000005	-125.477113	-0.392112	-118.892820	-0.439875	-88.845618	-0.481644	-116.020910	0.448448
9900.000005	-115.799817	0.381156	-123.426898	0.448217	-82.868024	-0.298897	-118.570121	0.324630
10000.000005	-115.888702	0.104352	-110.074745	0.160993	-70.557208	-0.111797	-69.051080	0.494798
10100.000005	-118.737897	0.088111	-130.526455	-0.164340	-88.675152	0.323813	-125.610176	-0.179671
10200.000005	-117.328979	-0.472157	-117.232845	0.193240	-82.598530	0.038139	-122.848474	0.317261
10300.000005	-122.121229	0.256897	-116.076142	0.412952	-79.011063	-0.160058	-116.562237	-0.454424
10400.000005	-127.450877	0.310493	-124.036652	0.015965	-88.328566	-0.110875	-112.869802	-0.246393
10500.000005	-120.995152	-0.018311	-133.453047	-0.485325	-81.798506	-0.402136	-124.052683	-0.139795
10600.000005	-120.161173	-0.067102	-123.826640	0.363695	-91.361342	0.180714	-113.960437	0.478632
10700.000005	-116.816407	0.142813	-116.404930	-0.064643	-80.705621	-0.360155	-119.463359	-0.062377
10800.000005	-121.897358	-0.197663	-113.473434	0.046264	-86.936455	0.085167	-115.126146	0.296415
10900.000005	-131.071519	-0.350523	-126.250378	-0.445982	-86.566305	-0.153422	-117.155432	-0.474769
11000.000005	-119.667747	0.026601	-126.855685	-0.021877	-76.928215	0.192363	-74.212648	-0.253663
11100.000005	-122.742704	-0.108608	-126.165193	-0.377236	-82.225310	0.271127	-118.203796	-0.428471
11200.000005	-126.669945	-0.036205	-125.046646	0.246047	-81.802359	-0.433854	-123.744241	-0.434266
11300.000005	-119.660060	0.356964	-116.845581	-0.491072	-82.398845	0.147298	-126.392501	-0.442238
11400.000005	-119.365789	0.146920	-120.081096	-0.109850	-85.982515	-0.067927	-122.583610	0.031054
11500.000005	-133.972068	0.461030	-123.118647	0.395566	-85.537617	0.213711	-118.785222	-0.460024
11600.000005	-110.567981	0.381151	-130.892007	-0.154281	-80.010093	0.126416	-112.590781	-0.432177
11700.000005	-120.534849	0.400012	-121.694989	0.479543	-84.632540	0.301962	-116.426519	-0.478064
11800.000005	-120.671801	0.306748	-123.840698	0.243044	-91.624920	-0.054975	-122.011827	0.366679
11900.000005	-123.209489	0.026906	-126.082192	-0.008644	-90.213133	0.443791	-127.823181	0.293169
12000.000006	-111.483045	-0.304904	-116.309566	-0.440299	-83.650529	0.404013	-80.204368	0.002300
12100.000006	-128.217948	0.163261	-119.991546	0.296270	-87.140292	0.036040	-123.423926	0.129160
12200.000006	-121.205995	0.369480	-119.831198	-0.357520	-85.082895	0.194726	-129.072335	-0.322633
12300.000006	-119.380721	-0.475830	-120.814017	0.188606	-92.889289	0.241608	-116.182528	0.457764
12400.000006	-117.549933	-0.152386	-126.621604	0.215491	-86.350283	-0.078755	-121.336218	0.314280
12500.000006	-122.335783	-0.345007	-116.863716	-0.071922	-88.702397	0.141446	-117.587521	-0.262387
12600.000006	-129.157988	-0.127597	-120.251071	-0.011648	-81.881075	0.332772	-126.763836	0.470077
12700.000006	-119.960566	0.368128	-125.969638	0.330495	-93.006054	-0.269063	-116.204642	0.235278
12800.000006	-122.495363	0.066116	-131.527364	0.404715	-79.267348	0.373721	-119.197103	-0.342191
12900.000006	-116.419633	0.154341	-127.668573	0.255687	-93.831538	-0.295924	-119.024872	-0.203874
13000.000006	-133.752888	-0.371114	-126.116269	-0.304665	-84.684729	0.431644	-96.328779	0.260863
13100.000006	-129.969242	0.257920	-138.532750	-0.204034	-91.742566	-0.439231	-127.450867	0.041362
13200.000006	-116.766932	0.119153	-120.600574	-0.352996	-82.175682	0.042478	-116.499863	0.451528
13300.000006	-119.739322	0.184108	-121.925304	-0.443130	-92.174892	-0.376175	-113.654850	-0.096019
13400.000006	-125.467748	-0.249523	-124.757259	-0.222669	-87.053275	0.330520	-121.571997	-0.172386
13500.000006	-117.800733	-0.315137	-118.158630	0.306177	-78.538217	-0.095799	-113.792220	-0.420497
13600.000006	-125.741065	-0.051318	-117.798252	-0.356183	-87.514680	-0.097057	-118.080861	-0.197452
13700.000006	-121.262433	-0.022659	-120.399693	-0.437696	-84.156583	0.161696	-127.941588	0.398230
13800.000006	-126.193882	0.454853	-126.681668	0.419182	-86.960000	-0.011172	-119.852466	-0.191782
13900.000006	-116.213175	0.160530	-116.616437	0.481254	-84.820562	-0.223395	-118.277987	-0.360591
14000.000006	-125.859102	-0.073922	-115.333852	-0.056773	-81.219505	0.111566	-85.063981	-0.034436
14100.000006	-119.502803	0.186201	-123.056510	0.126036	-83.804746	0.353274	-122.245183	0.140074
14200.000007	-123.063444	0.022652	-120.253722	0.301285	-86.357944	-0.123903	-128.430192	-0.282703
14300.000007	-126.370265	0.297460	-125.004878	0.348832	-85.870747	0.147807	-120.560591	0.013410
14400.000007	-120.554537	-0.377827	-118.175711	0.059686	-92.281574	0.495808	-114.724330	-0.287143
14500.000007	-127.903914	-0.308910	-129.621996	-0.272657	-80.312824	-0.376104	-127.689619	-0.051727
14600.000007	-123.025349	-0.395665	-119.448701	-0.076140	-82.479494	-0.135249	-118.163296	-0.026079
14700.000007	-117.859823	0.047429	-119.202742	0.039878	-82.200617	0.004753	-120.030210	0.334207
14800.000007	-131.164740	0.087834	-122.318148	-0.124342	-88.579437	-0.496905	-123.665808	0.047125
14900.000007	-130.782373	-0.204460	-131.791802	0.337642	-81.991709	0.124047	-117.177025	0.416407
15000.000007	-126.179537	-0.373570	-119.242481	0.164193	-77.410621	-0.377683	-79.850680	0.201191
15100.000007	-125.201039	0.497298	-123.108637	-0.231149	-85.550514	-0.295046	-120.088517	-0.260670
15200.000007	-124.101951	0.403312	-133.745444	-0.116958	-90.583634	0.438093	-120.432616	-0.374325
15300.000007	-122.964833	0.455338	-118.082191	-0.045198	-86.672567	0.074534	-115.250820	-0.458273
15400.000007	-116.071902	0.295344	-119.073979	-0.449047	-92.028758	-0.324799	-133.121607	-0.132322
15500.000007	-129.543894	-0.345606	-111.367523	-0.471611	-90.272337	0.227542	-114.383129	0.075385
15600.000007	-114.359768	0.293072	-120.317774	-0.472562	-89.966092	-0.448287	-116.486563	0.100635
15700.000007	-120.123088	0.217569	-121.682879	0.265001	-81.134535	0.383032	-119.841489	0.036652
15800.000007	-125.549566	-0.164039	-113.761592	0.498610	-82.884506	-0.093130	-115.929585	0.273761
15900.000007	-140.856233	-0.462491	-119.406181	-0.119926	-84.640732	0.027705	-121.077662	-0.451698
16000.000007	-117.874388	0.303924	-125.966518	-0.472852	-81.186023	-0.074810	-76.771574	0.450363
16100.000007	-125.425884	0.157054	-126.053635	-0.229131	-77.376432	0.383029	-119.170873	-0.049686
16200.000007	-119.398995	-0.392074	-116.440377	0.417326	-90.811206	-0.203765	-126.367005	-0.005550
16300.000008	-120.516118	-0.243925	-120.222329	0.230084	-79.840392	0.478766	-125.448849	0.221239
16400.000008	-118.900630	0.299013	-113.887220	0.277126	-84.592693	-0.185017	-127.112296	-0.228558
16500.000008	-127.627028	-0.263829	-115.534021	0.297830	-80.640739	0.416858	-124.496239	-0.035433
16600.000008	-122.150192	-0.138854	-118.075228	-0.471405	-86.741142	-0.357173	-118.778821	0.150624
16700.000008	-120.130918	0.053046	-119.282271	0.380836	-88.118829	-0.173090	-125.150354	0.117040
16800.000008	-117.824538	-0.045695	-132.833758	-0.272667	-82.809487	0.412440	-117.384552	0.322281
16900.000008	-122.270037	-0.234694	-120.080834	0.487365	-93.658227	0.266879	-124.821391	0.449431
17000.000008	-122.624633	-0.365664	-115.600563	-0.265974	-75.815953	-0.046229	-78.745159	-0.291419
17100.000008	-119.172909	0.322420	-122.406060	-0.324161	-79.777290	0.298245	-122.901023	-0.245048
17200.000008	-118.781617	0.481594	-127.095626	-0.024458	-84.634467	-0.213751	-119.729083	-0.210814
17300.000008	-113.421786	-0.182543	-129.247162	-0.050679	-83.660371	-0.336206	-120.618962	-0.456579
17400.000008	-118.158146	0.137378	-125.799895	0.177742	-79.024828	0.418656	-125.235412	-0.127999
17500.000008	-124.844216	0.111316	-117.107141	-0.000624	-87.842930	-0.496386	-122.171482	-0.030215
17600.000008	-122.065544	0.350771	-116.936636	-0.372407	-80.188749	-0.065438	-121.670343	-0.484338
17700.000008	-120.853003	0.025690	-125.075474	-0.372378	-79.933721	0.042937	-120.568275	0.201597
17800.000008	-132.552719	-0.392325	-124.187098	0.419435	-80.880281	-0.213159	-122.986899	0.007582
17900.000008	-114.338401	0.083739	-126.534726	-0.117188	-79.607847	0.186609	-119.033179	-0.364526
18000.000008	-120.228253	0.413467	-125.232791	-0.174965	-73.754462	0.165331	-77.613169	-0.056023
18100.000008	-137.285651	0.256968	-130.943298	-0.207672	-85.983951	0.346712	-115.087741	0.154057
18200.000008	-123.074891	0.330443	-123.595602	0.131920	-96.416293	0.209099	-120.644618	-0.378822
18300.000008	-124.007168	-0.018943	-124.257085	-0.446887	-92.105277	-0.494030	-116.826407	-0.427942
18400.000008	-114.116712	0.127352	-127.237911	-0.080657	-83.670451	0.444605	-133.558288	-0.141501
18500.000009	-120.729562	-0.178049	-120.646474	-0.102838	-85.121140	-0.424492	-123.566262	0.495935
18600.000009	-116.647308	-0.216966	-118.447260	0.020622	-88.954367	-0.199341	-115.331757	-0.010613
18700.000009	-122.399102	-0.322730	-124.215294	0.462847	-85.516709	-0.208405	-129.090133	0.484804
18800.000009	-122.579356	0.053184	-125.627635	-0.062171	-84.840787	0.203036	-119.185053	0.109033
18900.000009	-122.358630	0.199200	-119.560331	-0.026469	-86.873629	-0.235350	-115.392611	0.294417
19000.000009	-113.363114	-0.032990	-131.787403	-0.421460	-79.659221	0.494424	-79.912940	0.194771
19100.000009	-127.572814	0.183179	-118.398574	0.247672	-78.647323	0.398237	-113.671692	0.025989
19200.000009	-115.023510	0.204085	-120.956916	-0.144264	-88.442304	-0.470611	-120.964899	-0.088619
19300.000009	-119.630409	-0.227265	-128.988817	0.156176	-84.551216	-0.364478	-118.076947	-0.190648
19400.000009	-121.770712	0.234956	-126.884487	0.027187	-101.331886	-0.204135	-126.918667	-0.333052
19500.000009	-121.960229	0.493549	-113.533496	0.177914	-94.653671	0.217389	-117.379625	-0.364893
19600.000009	-114.029066	0.236699	-131.382899	-0.404994	-81.067025	0.201930	-116.441352	0.437092
19700.000009	-119.201464	-0.087781	-121.952797	0.151634	-83.597722	-0.334435	-126.307556	0.380975
19800.000009	-117.640680	-0.022560	-115.588504	0.157340	-81.274157	0.475903	-119.330383	-0.336154
19900.000009	-118.213104	-0.328997	-117.576633	-0.112522	-79.189158	-0.118832	-113.118708	-0.499215
20000.000009	-119.224828	0.129241	-118.021168	-0.295619	-82.522252	-0.262779	-80.302255	0.438000
20100.000009	-115.300002	-0.212583	-119.623275	-0.228514	-82.752070	-0.045748	-139.467252	-0.405806
20200.000009	-121.430652	-0.151184	-123.890343	-0.158463	-98.758349	0.449622	-119.734879	-0.285906
20300.000009	-122.944676	-0.162043	-116.175681	0.285619	-83.625061	-0.277612	-118.508579	0.331777
20400.000009	-120.847868	0.088611	-127.788416	0.071145	-87.595580	0.239410	-117.319576	-0.388255
20500.000009	-115.802631	0.246931	-129.991958	-0.086806	-83.640780	-0.144116	-119.319041	0.120371
20600.000009	-119.990586	-0.173896	-118.268231	0.159483	-82.178446	-0.198512	-119.115515	0.204608
20700.000010	-123.902274	0.042523	-119.162145	-0.239578	-86.733364	0.373891	-126.045408	0.305901
20800.000010	-117.841805	0.142333	-114.531622	0.228343	-103.396251	0.199187	-117.053711	0.041034
20900.000010	-120.737586	-0.110664	-123.544907	-0.106482	-85.452484	0.202237	-125.270575	-0.385592
21000.000010	-120.128648	0.319447	-118.582685	0.444240	-86.539432	-0.087009	-86.165094	-0.308744
21100.000010	-115.800706	0.400762	-120.069671	0.075119	-93.499211	0.427361	-122.297126	0.219011
21200.000010	-117.280268	0.234358	-122.562285	-0.110283	-83.280453	0.425007	-123.161419	0.448896
21300.000010	-119.547392	0.251084	-120.050324	-0.372812	-81.275570	-0.136685	-122.023491	0.319911
21400.000010	-120.405256	0.408379	-132.256885	0.041873	-82.416665	-0.237033	-127.240021	0.377435
21500.000010	-117.055375	0.128010	-115.352114	0.017458	-85.794757	0.110691	-136.378745	0.148116
21600.000010	-124.925418	0.253850	-118.708273	0.000948	-85.995775	0.367633	-122.058357	0.075371
21700.000010	-124.684262	0.015691	-131.495787	-0.110026	-83.210623	0.100182	-120.613406	0.059176
21800.000010	-118.971147	0.060255	-115.452502	0.196023	-82.046762	-0.383935	-118.846181	-0.119571
21900.000010	-117.679813	0.070788	-126.982084	0.279443	-87.880689	0.466272	-138.471197	0.295605
22000.000010	-119.581047	0.479982	-122.594634	0.438253	-90.819296	-0.137852	-91.658021	-0.050582
22100.000010	-131.996130	0.161758	-121.678482	-0.181093	-95.732717	-0.243562	-120.254776	0.368998
22200.000010	-115.457004	0.164260	-123.874806	0.093170	-86.021124	0.472221	-118.002825	0.082159
22300.000010	-116.249634	-0.207076	-117.393672	-0.178038	-85.316006	-0.257536	-133.376532	0.147668
22400.000010	-118.534484	-0.359098	-117.095325	-0.434613	-86.848481	-0.201280	-113.489271	-0.320885
22500.000010	-115.372877	-0.226678	-122.794556	-0.235153	-94.486835	-0.066146	-123.227785	-0.137560
22600.000010	-117.947588	-0.008618	-116.522348	-0.144918	-80.611696	-0.215733	-119.039057	-0.272375
22700.000010	-115.246522	0.348967	-131.404343	0.219424	-83.636761	0.150901	-115.625510	0.314168
22800.000011	-124.611026	0.417010	-134.417775	0.376002	-84.669407	0.114820	-115.065021	-0.343908
22900.000011	-114.756892	0.482431	-129.042858	0.467900	-88.812849	-0.051883	-115.669640	-0.297699
23000.000011	-119.820233	-0.069284	-126.457495	0.443442	-92.200004	0.335572	-111.437038	-0.414640
23100.000011	-123.988374	-0.486787	-116.540167	0.390312	-97.231490	0.012829	-118.950763	0.468841
23200.000011	-120.056740	-0.425487	-119.214746	0.055714	-91.222777	0.439840	-121.726461	-0.006904
23300.000011	-124.176703	0.348470	-120.570516	-0.344225	-86.489291	-0.050623	-123.340535	-0.052206
23400.000011	-115.508048	-0.297676	-119.750725	0.186950	-89.625718	-0.367841	-121.222930	-0.299257
23500.000011	-119.256593	-0.398593	-120.056339	0.261393	-88.255564	0.345781	-122.222544	-0.420609
23600.000011	-120.938433	-0.027746	-123.973252	-0.077461	-95.936162	0.155560	-120.046458	0.078659
23700.000011	-115.359283	-0.426925	-113.796981	-0.264161	-92.321968	-0.480024	-117.883340	-0.243865
23800.000011	-128.770551	-0.482639	-112.983552	0.330841	-90.847715	-0.481117	-127.294910	0.447740
23900.000011	-116.552916	-0.007161	-113.039837	0.082656	-81.111095	-0.075851	-128.697711	0.145794
24000.000011	-123.581677	-0.204569	-122.765976	-0.231255	-97.353287	0.081027	-90.353064	-0.069744
24100.000011	-121.472309	-0.496607	-122.688895	-0.087016	-91.228154	-0.312836	-116.961897	0.427051
24200.000011	-126.891427	-0.177346	-117.813987	0.182457	-87.048226	0.153573	-118.201808	-0.262157
24300.000011	-125.541455	0.042460	-117.208242	0.251174	-97.499799	0.270600	-120.631566	0.159060
24400.000011	-117.479128	-0.172380	-116.236397	-0.301095	-84.612124	-0.255034	-120.169133	-0.176667
24500.000011	-116.904796	-0.495557	-122.836073	0.478535	-94.487375	-0.352544	-124.979404	0.386052
24600.000011	-119.748935	-0.339554	-115.572874	-0.458806	-88.156338	0.474082	-125.458081	0.496354
24700.000011	-123.422569	0.183783	-114.745215	0.103324	-94.410785	-0.260296	-120.456605	-0.306808
24800.000011	-122.285416	-0.413567	-129.022348	-0.261671	-84.846903	0.283932	-122.967132	-0.081405
24900.000011	-118.238904	-0.430515	-116.131672	-0.420045	-86.915919	0.082543	-121.909848	0.461106
25000.000012	-131.994420	-0.031325	-113.787219	-0.461794	-83.155857	0.466945	-88.755723	0.161662
25100.000012	-119.548452	-0.190920	-115.898112	-0.120122	-83.629368	0.404454	-123.999702	0.406826
25200.000012	-124.935987	-0.291846	-120.253884	-0.350869	-85.945653	-0.443782	-124.078969	-0.265596
25300.000012	-123.721684	-0.006800	-115.651778	0.062967	-91.059044	-0.322830	-115.396621	0.158715
25400.000012	-127.495226	-0.421101	-120.908295	0.014994	-79.930928	-0.147274	-118.436223	0.189706
25500.000012	-122.283504	-0.047329	-133.484558	-0.166077	-87.922588	-0.441027	-118.155742	0.086706
25600.000012	-115.342727	-0.445794	-117.416202	0.336876	-84.513627	-0.284073	-116.717055	0.462749
25700.000012	-119.421699	0.090823	-118.118339	0.062747	-87.860635	0.084855	-140.588937	0.437803
25800.000012	-117.465019	-0.147610	-126.763196	-0.218484	-88.038633	0.073945	-129.394751	-0.385639
25900.000012	-130.107328	0.105147	-124.824777	-0.147085	-88.212646	0.258741	-129.430130	-0.425225
26000.000012	-114.642131	0.099320	-120.134248	0.043075	-83.037353	-0.320420	-85.179883	0.405605
26100.000012	-119.423111	0.412958	-122.626405	0.390083	-86.979105	0.289668	-125.909988	-0.249361
26200.000012	-117.044148	-0.016492	-117.815160	-0.294254	-95.335030	0.334365	-127.944323	0.127832
26300.000012	-118.788363	0.474171	-118.762090	-0.308573	-84.172727	-0.247177	-117.919698	0.470752
26400.000012	-116.189934	0.290817	-117.957610	0.196483	-83.657264	-0.032078	-114.411336	0.233617
26500.000012	-122.493960	-0.463502	-113.855829	-0.406419	-87.589827	0.237294	-117.321292	-0.461620
26600.000012	-119.216872	0.401558	-115.762189	-0.467769	-87.687021	0.173502	-118.403821	-0.314831
26700.000012	-123.691841	0.053401	-122.754488	-0.008368	-84.064946	0.247308	-123.941302	0.179575
26800.000012	-120.537446	-0.148361	-117.859445	-0.349581	-82.822383	0.409710	-127.111931	-0.374891
26900.000012	-125.945360	0.268323	-116.714196	0.439090	-106.693520	0.471150	-123.865931	-0.204214
27000.000012	-124.606819	-0.400342	-130.058143	0.143239	-87.890981	-0.256627	-86.145866	-0.341756
27100.000012	-127.830330	-0.480349	-118.403650	0.055011	-86.462078	0.245180	-115.754750	-0.277110
27200.000013	-125.201262	0.471642	-125.638910	0.425708	-89.488487	0.104330	-121.958189	-0.301690
27300.000013	-124.152762	-0.341725	-115.592200	-0.106662	-87.639860	0.198705	-129.943830	0.152403
27400.000013	-122.255948	0.450500	-125.090222	-0.259062	-87.200407	0.178500	-117.432412	0.419220
27500.000013	-122.932912	0.060662	-128.921558	0.302229	-88.839836	-0.212978	-122.345407	0.441206
27600.000013	-119.063160	0.002035	-122.294709	0.446984	-84.546703	0.319343	-127.013696	0.137303
27700.000013	-119.133159	-0.484722	-125.268536	0.455112	-89.572857	-0.045219	-129.703134	0.427458
27800.000013	-121.820888	0.348371	-122.736731	0.304528	-84.082590	0.362738	-116.845507	0.338885
27900.000013	-118.113627	-0.228113	-119.295955	0.202559	-84.443042	-0.087728	-139.609578	0.181746
28000.000013	-119.957309	-0.484388	-126.108600	0.104664	-77.390507	-0.009929	-84.839392	-0.116708
28100.000013	-122.163807	0.174828	-131.219959	-0.211222	-83.179656	0.258962	-118.629625	0.478007
28200.000013	-120.659083	-0.128262	-127.675028	-0.338648	-102.630181	-0.071145	-132.864780	0.250855
28300.000013	-115.362894	0.173836	-124.534652	0.268363	-96.120013	-0.107152	-129.918221	-0.387225
28400.000013	-127.016746	0.216801	-116.889477	-0.379374	-99.973986	-0.211092	-124.010352	0.053343
28500.000013	-121.518491	0.011953	-120.503584	-0.080963	-97.440528	0.317505	-131.338778	0.126915
28600.000013	-118.129971	-0.030496	-122.651988	-0.429783	-92.202280	-0.050651	-119.394101	-0.157952
28700.000013	-121.190185	0.343682	-122.580344	0.394876	-86.868672	0.015319	-128.130168	0.062002
28800.000013	-123.755627	0.090484	-124.504363	0.324510	-87.034305	-0.225507	-122.355499	-0.116109
28900.000013	-117.809329	0.042282	-117.113010	0.070414	-95.091861	0.127948	-118.290964	-0.020404
29000.000013	-121.971182	0.384741	-132.280822	0.436821	-83.270091	-0.409480	-87.348555	0.133276
29100.000013	-128.428991	-0.132443	-121.659438	-0.466030	-88.854250	0.157873	-117.486567	-0.433752
29200.000013	-129.915277	0.482113	-115.525077	0.154525	-89.227636	-0.149608	-116.931454	0.318449
29300.000014	-115.849465	-0.379377	-122.898437	0.077036	-93.523746	-0.095400	-126.747158	-0.350714
29400.000014	-122.029623	0.230319	-123.994450	-0.413322	-101.146093	-0.154563	-129.245582	-0.351212
29500.000014	-125.436902	-0.426873	-119.095185	-0.348679	-82.152759	0.115242	-116.734156	-0.386542
29600.000014	-126.845448	0.273851	-118.046762	0.492119	-89.887183	-0.243978	-127.787369	0.167948
29700.000014	-124.266046	0.468275	-113.611265	0.108281	-91.838306	0.211213	-121.050805	0.286154
29800.000014	-126.652380	-0.056450	-122.682063	-0.246531	-88.261203	0.288233	-116.795066	-0.171625
29900.000014	-117.815841	-0.045304	-117.093623	0.111499	-84.646613	-0.332023	-118.728906	0.238798
30000.000014	-117.845589	-0.036484	-126.558072	0.197244	-84.058424	-0.432884	-89.268813	0.383295
30100.000014	-126.012075	0.435518	-117.579101	-0.246239	-89.467038	0.058230	-115.943789	0.093942
30200.000014	-124.009048	0.201638	-116.403812	0.406179	-89.365057	-0.430801	-120.231186	0.267348
30300.000014	-116.206836	-0.233441	-123.488075	-0.201365	-87.974227	-0.163157	-120.779332	0.329555
30400.000014	-121.631551	0.218087	-123.906338	-0.437910	-90.643774	0.380994	-119.472158	0.393047
30500.000014	-122.341667	-0.326605	-116.591551	0.016018	-87.154548	0.089059	-126.046407	-0.301082
30600.000014	-125.703894	-0.001188	-128.833596	0.259540	-87.937058	-0.157550	-126.281014	0.376466
30700.000014	-121.150319	-0.351359	-117.763208	-0.423861	-89.303107	-0.384946	-115.964283	-0.110715
30800.000014	-125.072141	-0.097753	-128.553093	0.379909	-93.850068	-0.290293	-118.756791	0.448125
30900.000014	-116.321561	-0.156057	-122.824603	0.314018	-96.608630	0.106063	-134.071736	0.019162
31000.000014	-116.422052	0.153896	-123.846276	-0.072516	-89.734097	0.050069	-95.503699	-0.350451
31100.000014	-125.088174	-0.351558	-144.627332	-0.438792	-94.099494	-0.180904	-134.273603	-0.318963
31200.000014	-115.507887	-0.166250	-126.292394	0.370595	-85.394161	0.491102	-127.229310	-0.154043
31300.000014	-128.997962	0.013340	-115.381967	0.252786	-87.660497	0.126837	-119.003992	-0.130201
31400.000014	-126.332828	0.079761	-118.132209	-0.131707	-91.345369	0.395171	-129.579800	0.456798
31500.000015	-121.603392	0.062666	-127.837828	-0.265209	-91.580467	-0.232379	-117.757807	-0.338819
31600.000015	-123.728823	-0.302683	-115.525587	0.042363	-104.849456	-0.112526	-124.907610	0.402481
31700.000015	-116.968805	0.011980	-126.377605	-0.414074	-86.119673	-0.295354	-117.497526	-0.333107
31800.000015	-119.449380	0.088438	-119.896407	0.082159	-94.872599	0.308346	-113.574234	0.161693
31900.000015	-118.872858	-0.153792	-114.350642	-0.421477	-91.692489	-0.234056	-117.030093	-0.420360
32000.000015	-130.313914	0.318775	-118.142603	0.182967	-101.656691	0.055086	-111.624589	-0.142412
32100.000015	-121.491866	-0.307241	-121.028455	0.276834	-93.481663	0.008260	-120.365042	-0.303828
32200.000015	-119.981027	0.052151	-120.672961	0.115742	-85.119872	-0.066129	-126.596119	0.337674
32300.000015	-128.972274	-0.030174	-120.404784	0.064506	-94.848174	-0.240196	-127.546568	0.277246
32400.000015	-114.262326	0.189299	-121.081412	0.108312	-95.387185	0.165139	-114.242001	-0.286896
32500.000015	-119.472287	-0.354014	-119.423883	-0.380356	-92.277745	0.181398	-125.552543	0.409926
32600.000015	-119.383821	-0.224805	-127.114775	0.209799	-88.633550	-0.188803	-122.760592	-0.211534
32700.000015	-124.760656	-0.106461	-116.925019	-0.430631	-89.554000	-0.491070	-120.341142	-0.194599
32800.000015	-125.275444	-0.343124	-119.638090	-0.314778	-91.591694	-0.260874	-128.315494	0.320764
32900.000015	-124.490589	0.161237	-118.337276	-0.236489	-87.968821	0.315690	-115.332562	-0.355835
33000.000015	-119.164336	-0.163392	-117.985692	0.498809	-87.395703	-0.142456	-103.908548	-0.356455
33100.000015	-124.045081	0.068186	-125.915017	0.182412	-88.812283	-0.452629	-128.133333	0.319242
33200.000015	-118.716491	0.010756	-122.743123	-0.346856	-91.283141	-0.469647	-127.220005	-0.016959
33300.000015	-122.800448	0.300635	-120.357392	0.169687	-93.759335	0.303120	-117.334955	0.413579
33400.000015	-123.330396	0.154459	-113.083299	-0.375110	-88.283161	0.466397	-117.061240	0.409218
33500.000015	-122.610503	-0.361400	-115.815771	-0.054825	-94.384780	0.297522	-116.533626	-0.164876
33600.000015	-117.969215	-0.225644	-117.297883	0.238950	-89.546733	0.161465	-130.373034	0.049425
33700.000016	-121.240099	-0.381433	-121.595184	-0.404716	-85.747038	0.069114	-114.533268	-0.121500
33800.000016	-117.679961	0.031039	-119.843542	0.377723	-83.935161	0.380735	-119.610820	-0.019731
33900.000016	-134.431350	-0.456512	-120.270026	0.343273	-85.221880	-0.099584	-123.311755	0.097576
34000.000016	-120.504193	0.480673	-124.269288	-0.399800	-89.705888	-0.187626	-94.906854	-0.155670
34100.000016	-125.887443	0.323472	-114.905216	0.444428	-97.777519	0.199092	-119.678971	0.270801
34200.000016	-117.360794	0.307935	-126.987413	-0.418998	-97.655312	0.356137	-126.328672	-0.186056
34300.000016	-121.236840	0.435839	-119.578374	0.158135	-90.211431	0.129602	-123.824711	-0.310491
34400.000016	-123.971212	-0.288529	-113.671267	-0.187868	-85.438529	0.493539	-128.048962	-0.105085
34500.000016	-116.883711	0.384282	-124.614757	0.484691	-87.495686	-0.321991	-127.752442	0.381139
34600.000016	-115.565219	-0.371922	-116.332761	-0.124476	-91.390483	-0.294721	-118.970580	-0.298877
34700.000016	-116.969617	0.230375	-125.778769	0.052846	-86.150767	-0.396185	-114.910508	0.015528
34800.000016	-114.604795	0.333008	-119.891889	0.039164	-84.375343	0.039861	-121.017839	-0.220995
34900.000016	-117.630153	-0.303143	-124.233645	0.128508	-95.644608	0.080321	-124.923043	0.044633
35000.000016	-118.575807	0.310594	-125.668808	-0.140340	-85.359046	0.362980	-93.938170	0.093011
35100.000016	-117.088760	0.123966	-120.388966	-0.423585	-93.825643	-0.039812	-123.928729	-0.343666
35200.000016	-120.251707	-0.248388	-117.858640	0.070517	-91.231365	-0.433997	-118.756543	0.448437
35300.000016	-115.530035	0.001123	-122.970848	-0.302162	-90.564720	-0.233965	-122.528709	-0.233412
35400.000016	-124.870612	0.155665	-113.377880	-0.269884	-83.870637	0.026060	-126.953534	-0.120592
35500.000016	-120.408486	-0.412222	-119.000984	0.030268	-90.873956	0.103524	-122.018827	0.235722
35600.000016	-124.177897	0.285400	-118.625066	-0.074025	-90.306545	-0.087872	-134.035252	-0.365048
35700.000016	-129.935105	-0.411284	-126.809950	-0.309008	-85.897818	0.291470	-129.422207	-0.339224
35800.000017	-121.270685	0.208497	-126.833499	0.332770	-89.303685	0.138981	-119.295179	0.240840
35900.000017	-118.971386	0.214657	-123.258295	0.431064	-97.070381	-0.151226	-118.560099	0.481874
36000.000017	-121.461830	-0.095780	-115.579065	0.002208	-99.714407	0.303612	-90.368176	0.341822
36100.000017	-123.014983	0.396335	-124.587139	0.117571	-99.134882	0.179206	-129.500057	-0.176253
36200.000017	-123.062695	-0.067614	-127.876844	0.021426	-87.985620	-0.264325	-121.300894	0.323331
36300.000017	-121.108935	-0.450469	-118.828670	0.287953	-92.481748	-0.090048	-125.086358	-0.152026
36400.000017	-122.420102	0.372216	-119.217205	-0.055888	-90.981636	0.332186	-123.458718	0.483496
36500.000017	-121.099854	-0.213559	-130.747935	0.287187	-86.226904	-0.432218	-115.902718	0.006195
36600.000017	-124.147246	-0.073960	-121.047568	-0.227281	-87.067063	-0.275644	-120.257779	-0.358910
36700.000017	-117.735549	0.240397	-125.560101	0.233711	-98.889908	-0.163437	-116.535424	0.113037
36800.000017	-128.860030	-0.161733	-133.658097	0.397475	-87.241590	0.048401	-122.810965	-0.157713
36900.000017	-114.997281	-0.398307	-115.091284	-0.240240	-86.989263	-0.143026	-119.173429	0.348086
37000.000017	-134.060863	0.424176	-141.981780	-0.083678	-94.193215	0.044362	-89.886840	-0.393118
37100.000017	-127.472619	0.042181	-132.465420	-0.477699	-89.243138	-0.162407	-128.909895	-0.407958
37200.000017	-120.607795	0.293107	-122.321315	-0.433361	-100.038340	0.041103	-114.165479	-0.032953
37300.000017	-124.035251	0.297015	-120.143040	0.030690	-94.996700	0.069709	-114.955690	0.161730
37400.000017	-140.328932	-0.059596	-123.975833	0.340905	-96.247001	0.049054	-122.393760	-0.436939
37500.000017	-115.235209	-0.490155	-120.170196	0.292345	-97.518456	-0.257392	-117.795866	-0.009485
37600.000017	-123.031424	0.033377	-116.445786	-0.479844	-98.550337	-0.254668	-133.482952	-0.400193
37700.000017	-118.786940	-0.116601	-131.878272	-0.365841	-95.851600	-0.322218	-128.121652	0.123577
37800.000017	-136.382319	0.486669	-113.452976	-0.463566	-85.551491	0.284686	-116.826330	0.058916
37900.000017	-116.030340	0.028713	-120.254350	-0.026722	-86.931004	0.342596	-126.038407	-0.005497
38000.000018	-111.897184	-0.474251	-121.578124	0.326100	-99.587531	-0.109380	-91.551882	-0.163578
38100.000018	-115.305092	0.196216	-119.516373	0.206485	-101.828277	-0.412864	-115.934202	0.071546
38200.000018	-120.412481	0.193017	-121.017918	-0.272045	-91.979417	0.426883	-119.859282	0.059881
38300.000018	-117.493409	-0.253477	-119.632164	0.202528	-100.456734	0.134607	-119.792384	-0.048488
38400.000018	-118.593570	0.086404	-125.709494	-0.387328	-92.371649	-0.202257	-116.409965	-0.000264
38500.000018	-118.118020	-0.094957	-115.527046	-0.491669	-88.608735	-0.469958	-116.909489	-0.056574
38600.000018	-116.629796	0.488329	-118.290576	-0.263496	-96.364812	-0.452079	-139.918568	-0.325091
38700.000018	-123.295651	0.484653	-125.635488	-0.121418	-96.029884	-0.475571	-122.337431	-0.004893
38800.000018	-113.798227	0.455626	-123.790095	0.356088	-86.498012	0.471111	-121.446288	0.098822
38900.000018	-119.105820	0.449873	-125.306698	0.022137	-98.547021	0.017406	-133.505056	0.111508
39000.000018	-119.377390	-0.286371	-128.087747	0.194884	-94.376618	0.147361	-95.650384	0.079836
39100.000018	-127.349399	-0.495249	-126.759695	0.352657	-91.527603	-0.352667	-120.361704	-0.438674
39200.000018	-123.876957	0.341155	-118.868377	-0.310989	-92.397580	-0.034715	-118.141091	0.096922
39300.000018	-126.318335	0.135536	-118.214300	-0.190922	-85.516862	0.300600	-125.521561	-0.259887
39400.000018	-136.299056	-0.006721	-121.413034	0.068206	-97.388989	-0.232089	-116.491144	0.266263
39500.000018	-137.279799	0.201953	-115.086507	0.430017	-85.934692	-0.104457	-113.426475	-0.224845
39600.000018	-118.488254	-0.042469	-123.043268	0.160011	-84.683140	-0.202864	-121.328032	0.343726
39700.000018	-118.495074	0.211826	-133.545811	0.296705	-83.146728	0.114579	-115.637427	-0.048521
39800.000018	-116.181840	-0.394721	-124.713438	0.089231	-91.922381	-0.278398	-116.859572	0.416861
39900.000018	-130.547570	-0.085123	-123.349012	-0.219617	-87.383220	0.418057	-120.846079	-0.223735
40000.000018	-118.682291	-0.353575	-115.510976	-0.070865	-100.557737	-0.423960	-99.457832	0.312280
40100.000018	-124.698882	-0.134976	-135.754609	0.453193	-86.839563	-0.058962	-120.829091	0.064497
40200.000019	-141.660299	0.147930	-126.165864	-0.199364	-94.944658	-0.114389	-132.210906	0.017773
40300.000019	-118.572228	0.464212	-116.743762	0.121837	-97.020567	0.416214	-112.451609	-0.120611
40400.000019	-120.211718	-0.050857	-118.465946	-0.188232	-95.149892	-0.260028	-114.966683	-0.050712
40500.000019	-121.482093	0.283452	-124.240003	0.028276	-87.235341	-0.314827	-129.365915	0.369795
40600.000019	-118.560877	0.366285	-118.551118	0.446665	-95.489635	-0.072905	-120.231584	0.178148
40700.000019	-122.734927	0.260664	-133.143241	-0.413320	-107.776657	0.370848	-124.145579	-0.365591
40800.000019	-125.099875	-0.117504	-124.771429	-0.198378	-93.977597	-0.357482	-119.852099	0.268385
40900.000019	-124.914670	0.209731	-119.887756	-0.169597	-89.432918	-0.077709	-117.609039	-0.477111
41000.000019	-118.333392	0.418412	-122.976422	-0.374901	-94.972924	-0.306302	-106.545303	0.400522
41100.000019	-122.280063	-0.366782	-119.058051	-0.330507	-101.924591	0.386195	-116.371069	0.174181
41200.000019	-118.195653	-0.160380	-122.889135	0.275836	-94.323186	-0.494043	-118.352985	-0.110306
41300.000019	-123.224588	-0.173593	-117.453546	-0.090889	-91.517728	0.184331	-122.680797	-0.076420
41400.000019	-132.803571	0.196759	-120.884710	-0.001745	-91.991381	-0.157535	-126.462468	0.347987
41500.000019	-114.899197	0.108115	-122.850028	0.034318	-89.541057	0.061362	-121.261670	0.447554
41600.000019	-121.467314	0.155914	-124.831499	0.036665	-96.166187	0.411461	-128.548845	-0.324683
41700.000019	-116.400119	0.325063	-123.240756	-0.491903	-97.379623	0.361801	-123.580471	0.173039
41800.000019	-113.822906	-0.458785	-118.472819	-0.473632	-88.100360	0.032888	-128.934490	-0.259219
41900.000019	-132.491743	0.083708	-117.215550	0.133952	-93.033667	0.162521	-122.804950	0.051306
42000.000019	-122.044609	-0.247165	-129.850843	-0.438079	-93.286845	-0.077097	-118.725679	0.300568
42100.000019	-127.790165	0.196223	-131.945642	0.284415	-87.827126	0.355911	-123.745679	-0.366031
42200.000019	-123.569567	0.236333	-120.104328	-0.252556	-93.270637	-0.070751	-121.294203	0.080529
42300.000019	-126.762014	0.364883	-119.232841	-0.172201	-96.154551	0.068212	-115.576790	0.143910
42400.000020	-135.693663	-0.258746	-120.852643	0.461668	-87.607658	0.416303	-128.803580	-0.323694
42500.000020	-121.911328	0.383420	-114.143251	0.085693	-95.427696	0.075057	-123.998814	0.125215
42600.000020	-119.874812	0.300370	-120.322801	0.460822	-88.876708	0.333245	-121.824103	-0.376139
42700.000020	-124.888904	-0.138180	-117.057340	-0.176841	-89.434912	-0.176389	-120.552413	-0.027276
42800.000020	-119.661601	0.176182	-120.402275	0.319264	-87.312360	-0.395158	-120.198348	-0.312861
42900.000020	-122.713096	0.289743	-126.656003	0.472148	-92.706942	-0.486267	-118.853098	-0.120928
43000.000020	-118.955730	-0.034629	-122.882111	0.321085	-97.996319	0.230237	-100.903852	0.459581
43100.000020	-124.883133	0.120862	-119.452835	-0.443768	-97.735348	0.206264	-115.392139	0.413976
43200.000020	-117.998580	-0.017020	-122.154609	0.134563	-92.529543	-0.071224	-120.183389	0.414775
43300.000020	-119.571104	0.037586	-114.676062	-0.478229	-96.768077	-0.497058	-131.040568	0.498465
43400.000020	-132.973914	-0.466347	-119.724658	-0.256393	-92.600434	-0.179005	-120.299002	0.003105
43500.000020	-124.927324	0.165148	-116.901746	-0.297851	-97.088946	0.128845	-119.508877	0.449721
43600.000020	-136.309082	0.111946	-116.395486	-0.276542	-105.625268	0.028049	-115.661934	0.001183
43700.000020	-121.293579	0.421154	-128.121559	0.422289	-96.486366	0.392217	-133.470469	-0.033691
43800.000020	-117.601868	-0.025228	-122.247812	-0.485188	-88.791037	-0.253187	-117.477544	0.431582
43900.000020	-126.072133	-0.314465	-122.542691	-0.276942	-89.218633	0.044226	-119.412941	-0.467618
44000.000020	-118.707617	-0.432612	-121.601260	-0.460554	-96.348686	0.136002	-97.090426	-0.163612
44100.000020	-121.382389	-0.062170	-120.309357	0.207705	-95.139658	0.189087	-124.583852	-0.117473
44200.000020	-121.685332	0.037075	-117.261910	0.351748	-94.301034	0.103250	-126.565913	0.449882
44300.000020	-114.817895	-0.120930	-114.012230	-0.091534	-102.099046	0.374543	-117.870334	-0.126023
44400.000020	-122.381025	0.175698	-117.975633	0.079874	-90.987540	0.230670	-113.376401	0.097386
44500.000021	-113.445212	0.010910	-126.192131	-0.439951	-88.431363	0.155164	-119.928975	-0.473371
44600.000021	-113.435955	-0.094356	-133.372612	0.279271	-94.791580	-0.003283	-123.480607	0.406825
44700.000021	-115.858984	-0.168853	-119.727280	0.349191	-109.210686	-0.048103	-117.856787	-0.065530
44800.000021	-124.502036	0.096368	-118.238051	-0.336412	-92.172077	0.468929	-114.922804	-0.363094
44900.000021	-129.173807	-0.165804	-120.570211	-0.202692	-89.815157	-0.157636	-118.857075	-0.105685
45000.000021	-117.207392	0.468739	-132.268227	0.279436	-99.530049	0.040275	-97.600863	0.071465
45100.000021	-118.796402	-0.470422	-122.225453	0.441138	-92.461194	-0.023731	-113.931614	0.088685
45200.000021	-130.507489	-0.106058	-122.360929	-0.094573	-94.701619	-0.012132	-123.444031	-0.461763
45300.000021	-119.879324	-0.439333	-118.691924	0.083883	-89.250172	0.310491	-131.306275	-0.146590
45400.000021	-117.335381	-0.307900	-114.914784	0.364752	-92.485559	0.098098	-120.686714	-0.021974
45500.000021	-118.310160	-0.081728	-122.336896	-0.488278	-91.932513	-0.458138	-118.859753	0.301064
45600.000021	-122.263605	-0.450179	-127.877404	-0.210615	-91.796314	0.256994	-122.669368	0.429838
45700.000021	-128.346215	0.259597	-124.615574	-0.293434	-96.435648	0.273003	-122.981316	0.259678
45800.000021	-123.392187	0.084311	-123.034314	-0.148303	-97.025872	0.195064	-125.856553	0.434794
45900.000021	-121.705435	-0.454418	-116.366503	-0.499212	-98.192980	0.234895	-129.886352	0.461231
46000.000021	-125.313441	-0.013196	-116.599719	-0.126072	-91.082223	0.439725	-94.441656	0.254489
46100.000021	-135.221844	0.141674	-130.994240	-0.443905	-93.022854	-0.387933	-115.334059	0.480917
46200.000021	-128.312861	-0.334895	-116.714475	-0.316041	-96.468662	0.344257	-119.543522	-0.391684
46300.000021	-120.787823	0.480522	-128.438246	-0.006153	-98.209838	0.219193	-120.699829	-0.305167
46400.000021	-132.053608	0.185626	-127.786792	0.405874	-103.753688	0.027490	-117.734946	0.466910
46500.000021	-115.450658	-0.035597	-116.260275	0.109239	-91.059405	-0.108987	-117.133682	0.095555
46600.000021	-118.891859	-0.345546	-122.936696	-0.181367	-101.244764	-0.394532	-125.155093	-0.370186
46700.000022	-121.677564	-0.313698	-119.754288	-0.396284	-94.502296	-0.211964	-119.074962	0.315629
46800.000022	-119.333221	-0.268610	-118.794438	-0.368548	-91.361534	0.245393	-116.088125	-0.178766
46900.000022	-130.380534	-0.379057	-131.523355	-0.429178	-98.875602	0.151732	-118.002054	0.465884
47000.000022	-125.654226	-0.181111	-112.386678	0.349565	-94.583398	0.433662	-97.138007	-0.471362
47100.000022	-119.553968	-0.089437	-116.892383	-0.295511	-92.805885	0.153528	-119.573007	-0.326903
47200.000022	-124.214271	-0.447942	-123.377523	0.482934	-102.035025	-0.044112	-123.729184	-0.461715
47300.000022	-117.095289	-0.179411	-126.651326	0.479797	-104.275557	0.413273	-117.507968	-0.295426
47400.000022	-127.577194	-0.006282	-116.803806	-0.404956	-91.850211	0.330938	-117.089311	-0.339250
47500.000022	-115.070579	0.181440	-118.304024	0.364545	-85.963573	-0.105081	-124.362426	-0.262055
47600.000022	-117.759305	-0.051968	-124.819432	0.189067	-98.689324	-0.325376	-121.035425	-0.187350
47700.000022	-117.036528	0.077367	-118.851116	0.073504	-92.386630	-0.000199	-129.246877	-0.344025
47800.000022	-112.573150	-0.243798	-121.738977	-0.429358	-94.724670	-0.395156	-118.227515	-0.117006
47900.000022	-117.779950	0.198578	-115.190298	0.157676	-90.360163	-0.201571	-116.548461	0.469218
48000.000022	-118.511222	-0.384674	-117.171319	0.394829	-91.466838	-0.474626	-97.814969	-0.217503
48100.000022	-120.964707	-0.474518	-124.430749	0.499788	-92.213421	0.341080	-125.284038	0.116878
48200.000022	-125.398416	0.188895	-118.592535	0.109238	-89.731820	-0.406342	-118.776014	-0.008159
48300.000022	-125.480762	0.412746	-117.120930	-0.122619	-88.747563	0.006070	-116.051279	-0.073271
48400.000022	-115.939003	-0.129583	-137.657048	-0.499051	-92.826542	0.445202	-133.610887	0.290037
48500.000022	-123.738433	0.410307	-119.763359	-0.212360	-93.125498	0.043201	-122.246749	0.028538
48600.000022	-121.821090	0.493949	-118.446611	-0.421214	-104.857398	0.137576	-118.680891	0.366752
48700.000022	-120.848349	-0.361369	-127.789572	-0.021635	-96.135926	0.209765	-131.948752	0.245361
48800.000022	-119.629141	0.085795	-118.093696	-0.434623	-86.980519	0.222694	-117.244451	0.397840
48900.000023	-130.801041	-0.473975	-117.258956	-0.131747	-98.204609	0.435346	-131.099810	-0.226771
49000.000023	-124.294960	0.058998	-121.577269	-0.303341	-91.600261	-0.298940	-102.173048	0.033929
49100.000023	-118.736223	-0.422290	-117.939798	-0.386652	-95.710397	0.024321	-128.103972	0.155627
49200.000023	-117.953722	-0.126754	-120.862973	-0.254146	-89.166859	0.441314	-122.054388	-0.446431
49300.000023	-118.257451	0.211310	-125.711943	-0.235438	-93.021519	0.460918	-129.635399	-0.310048
49400.000023	-127.183786	-0.114782	-118.428632	-0.046721	-91.839861	-0.134041	-121.993866	-0.432537
49500.000023	-130.167752	-0.096375	-116.776012	0.023057	-91.716202	-0.403143	-121.870348	0.371653
49600.000023	-120.082388	-0.375100	-123.649293	0.232310	-97.966165	0.216907	-121.184161	-0.001022
49700.000023	-130.786678	-0.147946	-117.732908	-0.400367	-93.141957	-0.144733	-122.288501	-0.424304
49800.000023	-117.931977	0.418039	-113.257457	0.477265	-93.392038	-0.038017	-113.916440	0.398816
49900.000023	-115.870879	0.060369	-135.916267	-0.037604	-90.626290	-0.392571	-117.310372	0.232660
50000.000023	-118.560098	-0.125115	-126.140864	0.195821	-109.783733	-0.462335	-116.003740	0.234151
50100.000023	-128.699322	-0.055736	-121.767483	0.107329	-99.824854	-0.189486	-120.266087	0.294515
50200.000023	-126.322814	0.217867	-115.562545	0.400894	-90.369306	-0.247409	-123.433734	0.420343
50300.000023	-118.803390	0.401305	-119.067976	0.160724	-102.169087	0.140064	-123.673350	0.436251
50400.000023	-142.139863	-0.259073	-117.749025	0.370111	-96.872493	0.124884	-122.408153	0.069723
50500.000023	-119.421351	0.194055	-127.903660	-0.378430	-104.573407	-0.015921	-117.263629	-0.306098
50600.000023	-119.629591	0.369789	-121.807555	-0.339584	-89.604933	0.377106	-116.384479	0.359949
50700.000023	-123.711195	0.470467	-118.113361	0.484259	-95.560539	0.479852	-118.768559	-0.347315
50800.000023	-118.840621	-0.494628	-119.130829	-0.364230	-94.325570	0.177597	-130.839729	0.095466
50900.000023	-122.663289	0.261390	-134.230948	-0.034229	-92.415553	-0.201362	-119.786919	-0.493870
51000.000024	-120.799509	0.139338	-117.227446	-0.139744	-91.905671	0.464457	-111.196881	0.307878
51100.000024	-120.078342	-0.115610	-118.838962	0.236554	-103.994200	0.055996	-119.168526	-0.366162
51200.000024	-121.740546	-0.484809	-113.896002	-0.127551	-93.978206	0.209940	-117.333640	-0.120726
51300.000024	-122.864906	-0.219688	-118.181277	0.311661	-91.861681	-0.125118	-114.463428	0.165168
51400.000024	-121.302327	-0.194762	-134.397263	0.339893	-90.305156	0.382086	-150.854878	-0.427069
51500.000024	-114.317421	-0.401783	-125.882308	-0.451960	-94.507497	-0.336777	-121.872784	0.321538
51600.000024	-119.843737	-0.153791	-122.365297	-0.300573	-103.188539	-0.457070	-117.805070	-0.354690
51700.000024	-119.636605	-0.007115	-128.779961	-0.272235	-100.949654	0.352986	-115.725425	-0.195721
51800.000024	-130.029789	0.377732	-115.325525	-0.430590	-91.393832	0.447817	-123.150824	-0.115418
51900.000024	-129.652217	0.039589	-124.043516	-0.289791	-99.020115	-0.169829	-118.124174	-0.304382
52000.000024	-119.594266	0.187452	-126.816376	0.244401	-115.546442	0.085989	-116.813199	-0.143314
52100.000024	-122.204243	0.237474	-121.887634	0.398244	-92.547134	0.352129	-120.310421	0.179026
52200.000024	-128.314025	-0.326293	-125.959747	0.195516	-94.938157	0.464099	-124.100270	0.176933
52300.000024	-116.425748	0.107722	-113.305066	0.285822	-92.065657	0.242344	-114.497786	0.181523
52400.000024	-125.169607	-0.252191	-129.436843	-0.365766	-94.132345	-0.322575	-115.656225	0.186666
52500.000024	-121.875692	-0.350525	-122.560565	-0.205145	-90.980695	-0.198377	-120.000471	-0.323709
52600.000024	-124.151379	0.484321	-122.780298	-0.185453	-98.640624	-0.009761	-119.454051	-0.223420
52700.000024	-125.363591	0.291614	-123.611689	0.051914	-99.310714	0.456640	-126.343176	0.003569
52800.000024	-113.452957	0.077333	-119.511204	0.421001	-96.587387	-0.236285	-130.335484	-0.235784
52900.000024	-125.159793	0.339227	-122.192925	0.414637	-97.333401	-0.050373	-118.045443	-0.201316
53000.000024	-120.926635	-0.215564	-113.336317	0.135624	-119.759021	0.130455	-101.916672	-0.464931
53100.000024	-116.122179	0.147652	-119.619121	-0.035245	-92.346052	-0.224901	-122.091040	0.163035
53200.000025	-118.395474	-0.087838	-120.648579	0.160822	-105.578811	0.415066	-125.760295	-0.288213
53300.000025	-123.953598	-0.312515	-116.964822	0.013606	-93.551581	-0.365341	-130.218075	-0.048217
53400.000025	-117.831278	0.244170	-115.985168	0.409061	-96.012147	0.301104	-128.288616	-0.226995
53500.000025	-123.948475	0.289584	-124.882577	-0.338384	-99.807189	0.113084	-125.616867	0.223338
53600.000025	-115.163909	-0.035440	-118.070042	-0.465518	-87.099101	-0.293710	-112.544277	-0.336294
53700.000025	-122.038287	-0.435236	-113.487741	0.102849	-104.227559	-0.391978	-120.122129	0.346646
53800.000025	-127.586510	-0.283230	-121.360208	-0.448965	-98.251735	-0.372626	-118.063311	0.438981
53900.000025	-115.073191	-0.225609	-117.511598	-0.188136	-92.151718	0.302277	-116.027581	0.228602
54000.000025	-127.574938	-0.379070	-127.603291	0.388328	-91.935828	0.344888	-98.994161	-0.251062
54100.000025	-126.647103	-0.423888	-118.533067	0.352812	-91.312212	0.275677	-117.056333	0.252727
54200.000025	-120.731386	-0.157281	-117.989909	0.252183	-104.592611	-0.251250	-118.308588	-0.248343
54300.000025	-114.374595	-0.383129	-114.422409	-0.231112	-97.860683	-0.251576	-115.676169	-0.072241
54400.000025	-121.769121	-0.071873	-122.570309	-0.468495	-97.803662	0.312872	-120.568228	0.150384
54500.000025	-123.239880	-0.179180	-129.530111	-0.074895	-108.550739	-0.235361	-126.605117	0.466348
54600.000025	-123.034031	0.249839	-124.598673	-0.292120	-99.823142	0.147505	-121.445294	0.282611
54700.000025	-118.302866	0.282359	-118.142495	0.160100	-93.314539	0.236391	-120.725488	-0.294250
54800.000025	-117.337344	-0.022258	-123.659778	0.481148	-92.617516	0.301384	-119.555775	0.066091
54900.000025	-123.069304	-0.070441	-118.752129	0.186082	-92.497568	-0.161275	-122.291596	0.346542
55000.000025	-120.345343	-0.111204	-116.790426	-0.284209	-90.842855	0.034368	-99.289989	-0.027350
55100.000025	-115.692689	-0.043179	-115.516612	-0.207994	-98.266435	-0.445075	-114.909136	0.283726
55200.000025	-115.769452	0.079897	-114.382087	-0.221113	-96.302934	-0.026619	-130.253229	-0.175228
55300.000025	-129.621858	0.058882	-118.614407	0.278777	-91.232295	-0.404321	-123.027940	0.485748
55400.000026	-114.555792	-0.022410	-120.097214	0.142508	-103.775569	0.499995	-119.546586	-0.090744
55500.000026	-124.522149	0.423022	-119.527930	0.428367	-89.835689	0.015451	-121.464571	0.335674
55600.000026	-115.731654	0.360165	-118.840528	-0.472728	-94.112905	-0.317195	-136.459200	0.076698
55700.000026	-120.854314	-0.244768	-118.906498	-0.494301	-96.722543	-0.381639	-127.071947	-0.313815
55800.000026	-116.620116	0.018156	-123.229314	0.233960	-95.642269	-0.194402	-117.481966	0.373693
55900.000026	-116.015641	0.440748	-113.194341	-0.174945	-95.447119	0.385624	-119.137244	0.252885
56000.000026	-117.346268	0.429187	-118.246697	-0.376437	-92.000061	0.375737	-100.020286	0.218927
56100.000026	-117.487398	0.468212	-114.345547	0.357064	-103.623954	0.313295	-117.644585	0.403395
56200.000026	-118.301376	0.264951	-126.707834	-0.294657	-93.064713	-0.270238	-121.050525	0.384523
56300.000026	-115.722782	-0.158583	-124.761874	0.149414	-97.393265	-0.306758	-115.134102	-0.257201
56400.000026	-119.320804	0.492548	-118.949172	-0.288360	-91.888318	-0.379325	-128.564967	0.244323
56500.000026	-122.434272	0.151822	-114.602356	0.280395	-91.135084	0.090943	-126.268139	-0.097266
56600.000026	-115.313079	-0.044607	-117.796294	0.117642	-98.209343	-0.000207	-115.924691	0.401127
56700.000026	-121.646720	0.214496	-121.558658	-0.090741	-97.131409	0.441910	-122.801468	0.321888
56800.000026	-111.293610	0.004758	-119.399339	-0.164248	-98.919858	0.034571	-120.092446	-0.051204
56900.000026	-109.151250	0.367019	-125.750045	0.366669	-95.658593	0.124006	-119.947895	0.315829
57000.000026	-115.254895	0.402698	-120.580889	-0.028301	-97.063933	-0.091228	-102.237074	0.425000
57100.000026	-125.361623	-0.448608	-122.090756	0.260307	-100.080060	0.170354	-134.688255	0.469712
57200.000026	-118.795801	-0.080828	-128.091733	-0.177720	-92.506456	-0.222499	-119.501441	0.215856
57300.000026	-120.059322	-0.130033	-120.651952	0.018543	-98.160228	0.135047	-121.105467	-0.464897
57400.000026	-116.857986	-0.364293	-124.534427	-0.071244	-93.510445	-0.316573	-121.972251	-0.180411
57500.000027	-120.498692	0.163961	-119.742768	0.122435	-109.265733	0.484489	-129.160724	-0.255816
57600.000027	-120.525219	0.205701	-122.140257	0.016477	-103.747935	-0.075059	-119.214139	0.492287
57700.000027	-125.483401	-0.124317	-129.892360	-0.407202	-96.578548	-0.055068	-119.851995	0.077122
57800.000027	-122.769922	-0.044803	-130.467234	0.131506	-104.404202	-0.276981	-120.010331	-0.130365
57900.000027	-119.896574	-0.245542	-123.588333	-0.049414	-92.438801	-0.057926	-118.086086	-0.326761
58000.000027	-129.551432	0.177523	-120.802182	0.017128	-98.346885	-0.380252	-103.985040	-0.413530
58100.000027	-124.409235	-0.277326	-117.643116	0.016246	-89.700798	0.431339	-122.024067	0.219717
58200.000027	-112.591848	-0.243512	-127.104796	-0.152193	-107.727144	0.067763	-120.112005	-0.280623
58300.000027	-125.662734	-0.364123	-117.006987	-0.161168	-94.196766	-0.117357	-118.003526	-0.316200
58400.000027	-114.735213	-0.354261	-119.517281	-0.418690	-99.063405	-0.064476	-117.651814	-0.320941
58500.000027	-119.240330	0.286957	-127.754893	0.480439	-101.346012	-0.415420	-121.239049	-0.429102
58600.000027	-128.151629	0.292676	-119.734493	0.471015	-88.453635	-0.370241	-121.074002	-0.451570
58700.000027	-122.355733	-0.344347	-127.267689	0.323587	-95.308842	-0.439696	-119.200000	0.118537
58800.000027	-120.583095	0.201510	-137.200114	0.263425	-93.925614	-0.204424	-123.021553	0.039223
58900.000027	-122.052503	-0.108175	-115.181518	-0.498704	-101.752594	-0.283876	-120.840824	-0.199476
59000.000027	-118.528996	0.318459	-133.628760	0.112721	-100.119543	-0.053129	-108.463542	0.130659
59100.000027	-124.504371	-0.152680	-116.439996	0.058945	-91.747380	0.149555	-117.079805	-0.134730
59200.000027	-117.798909	-0.101531	-123.000153	-0.063864	-94.528640	0.158700	-114.969067	-0.185900
59300.000027	-126.019681	-0.062524	-115.689426	-0.110425	-93.532516	0.153232	-115.720213	-0.003070
59400.000027	-116.508856	-0.064271	-119.270872	-0.255011	-99.595962	0.334431	-121.365192	0.135771
59500.000027	-117.661699	-0.258174	-122.617207	-0.181653	-101.561697	0.037357	-133.074950	0.457792
59600.000027	-120.683389	-0.060891	-123.362469	0.101306	-103.539635	0.455592	-119.032402	-0.370211
59700.000028	-125.004456	-0.429130	-128.848402	0.069579	-112.088353	0.445665	-118.442587	-0.311874
59800.000028	-116.609445	0.208084	-129.146470	-0.112383	-91.400917	-0.452360	-122.095189	-0.433299
59900.000028	-116.705320	0.095810	-131.962039	-0.098747	-95.777231	-0.280538	-131.908928	-0.251126
60000.000028	-117.419741	-0.074304	-117.764207	0.227956	-96.694023	-0.065713	-111.490079	0.313729
60100.000028	-117.252746	0.453545	-125.272836	-0.390904	-107.346088	-0.255692	-117.757988	0.283059
60200.000028	-116.526035	0.038344	-115.686283	0.214021	-96.088310	0.378437	-119.746132	0.117154
60300.000028	-115.435194	0.028797	-116.945977	0.232340	-105.885107	-0.280725	-126.901768	0.371180
60400.000028	-130.443259	-0.035735	-132.643363	-0.143030	-96.176599	-0.134368	-121.228293	-0.205153
60500.000028	-120.451669	0.126623	-118.452387	-0.304204	-93.594365	-0.130455	-119.589999	0.376472
60600.000028	-118.678379	-0.175311	-122.644073	-0.024977	-96.457789	0.225172	-116.857576	0.250935
60700.000028	-118.133707	0.384213	-120.116093	-0.144300	-94.069959	-0.252002	-118.964841	-0.371229
60800.000028	-126.272551	0.480458	-119.394929	0.395577	-98.603435	-0.480996	-135.361111	0.009241
60900.000028	-125.247188	-0.122921	-115.806688	-0.259867	-96.738949	-0.111823	-116.155674	-0.270642
61000.000028	-114.542735	-0.286053	-124.134873	-0.236720	-95.430192	-0.136030	-112.249862	0.134599
61100.000028	-121.670666	0.164266	-119.622731	-0.131824	-99.718253	-0.489379	-116.906131	0.022832
61200.000028	-116.283674	-0.470031	-121.736129	0.213244	-102.710588	0.071001	-129.132566	-0.373460
61300.000028	-121.055622	0.380038	-119.453490	-0.444301	-93.329131	0.184762	-126.500869	-0.344327
61400.000028	-127.304239	-0.030330	-117.257551	-0.251881	-90.427604	-0.225496	-128.071894	-0.142825
61500.000028	-124.287835	-0.299775	-130.850332	-0.473285	-101.838977	0.359191	-124.860353	0.097876
61600.000028	-130.490315	-0.292649	-124.904960	0.105209	-98.302814	-0.306588	-115.962263	-0.032332
61700.000028	-133.372520	0.247035	-119.198965	-0.140659	-100.223547	0.337304	-116.683133	0.282916
61800.000028	-113.545920	-0.078955	-113.713774	0.493453	-94.882704	-0.410931	-125.438039	-0.389039
61900.000029	-121.059733	0.356805	-117.917232	-0.417081	-96.815748	-0.475937	-124.002823	-0.173037
62000.000029	-114.931576	-0.244211	-128.280758	0.475656	-99.080845	0.048724	-109.025412	0.195489
62100.000029	-123.533768	0.186723	-114.573188	0.495014	-102.946340	0.407634	-129.427118	0.419931
62200.000029	-112.725789	0.262008	-123.291330	0.450427	-97.044828	0.446413	-132.555168	0.103017
62300.000029	-117.102493	0.470065	-120.775795	0.346647	-105.972986	-0.259957	-119.869224	-0.380115
62400.000029	-118.619759	-0.273230	-117.169793	-0.413043	-98.362884	0.146517	-119.317522	-0.420396
62500.000029	-121.487827	0.205198	-116.179691	-0.207556	-101.643592	0.418861	-116.482039	-0.017113
62600.000029	-127.547366	0.101107	-119.099553	-0.404769	-107.039207	-0.187200	-115.373060	-0.135594
62700.000029	-113.940858	-0.043905	-116.981150	-0.316021	-108.650410	-0.457920	-118.688742	0.336624
62800.000029	-128.237647	-0.044178	-134.575211	0.316546	-91.379464	0.116142	-136.968940	0.133245
62900.000029	-118.976561	-0.133597	-126.454312	-0.277662	-95.992765	0.486736	-113.207006	-0.196429
63000.000029	-117.827643	-0.262987	-118.327928	0.426536	-94.761709	-0.156803	-107.100923	0.458080
63100.000029	-124.240371	-0.388224	-126.565695	0.373925	-96.709332	0.044896	-130.930369	0.089765
63200.000029	-125.843404	0.225877	-117.696644	-0.144372	-94.333280	-0.174812	-121.899115	0.382781
63300.000029	-123.483214	-0.191817	-117.039499	-0.488100	-96.566514	-0.244370	-122.518814	-0.253478
63400.000029	-118.080474	-0.287438	-131.483635	-0.355672	-97.960159	0.489183	-118.017867	-0.406065
63500.000029	-120.144147	0.483076	-125.934137	0.081026	-96.241659	-0.037120	-120.470957	0.021222
63600.000029	-127.225949	-0.063849	-111.652173	0.337947	-104.156400	-0.427677	-117.821973	-0.395542
63700.000029	-118.514207	-0.197902	-123.108422	-0.117865	-99.780384	0.344094	-129.421525	0.225873
63800.000029	-121.029425	-0.052645	-119.444087	-0.147394	-97.148699	-0.168341	-124.505864	0.418490
63900.000029	-122.364292	-0.120635	-119.879877	-0.372642	-92.678725	0.085781	-124.662527	0.274891
64000.000030	-118.533972	-0.395976	-117.830343	0.129439	-110.986025	-0.394009	-101.865648	-0.374851
64100.000030	-117.874366	0.172494	-121.019393	-0.151744	-100.285440	-0.017601	-134.343773	-0.247231
64200.000030	-118.020872	-0.072411	-124.064979	0.061418	-98.544953	-0.186573	-129.719074	-0.085618
64300.000030	-113.902162	-0.214659	-118.136984	0.075627	-113.902332	0.229728	-124.902224	-0.404035
64400.000030	-119.345318	0.346415	-123.853555	-0.404916	-101.026452	-0.416324	-120.150776	0.337255
64500.000030	-121.485055	-0.363159	-124.580917	0.292874	-94.922230	0.310238	-133.572451	-0.054186
64600.000030	-119.299547	0.288396	-117.400890	-0.042953	-96.657691	0.263906	-124.537866	-0.234327
64700.000030	-117.477673	-0.049519	-119.880036	-0.456393	-95.248991	0.159574	-129.084014	-0.294711
64800.000030	-122.240192	-0.484548	-113.893548	0.431081	-92.549117	0.484940	-122.043441	-0.380101
64900.000030	-124.956616	-0.426871	-114.072716	-0.334943	-98.291980	-0.442681	-118.475904	-0.481683
65000.000030	-127.920079	0.263685	-116.083456	-0.483889	-110.066475	0.439330	-107.347741	-0.043522
65100.000030	-136.782717	0.163817	-123.134836	-0.087635	-101.567484	-0.055303	-125.028712	-0.096692
65200.000030	-121.165586	0.314233	-121.668297	-0.135258	-101.551164	0.028803	-121.981738	0.223769
65300.000030	-127.870162	0.186985	-116.736623	-0.338646	-96.263166	0.056789	-121.544777	-0.358759
65400.000030	-126.576784	0.398639	-117.348753	0.195373	-112.059636	0.365248	-118.982967	0.242271
65500.000030	-122.371698	-0.389566	-115.901854	-0.418880	-100.574965	-0.100478	-115.056332	-0.480453
65600.000030	-135.744322	0.343578	-126.584903	0.194717	-93.285767	-0.435415	-120.706218	-0.132887
65700.000030	-121.415048	-0.445275	-118.900251	-0.071416	-98.808200	-0.124867	-120.347859	0.389203
65800.000030	-114.124977	0.422490	-122.764752	0.281161	-112.342729	-0.068028	-122.185683	0.445359
65900.000030	-117.709475	-0.452862	-115.047638	0.328397	-100.442981	-0.449529	-123.223656	0.123729
66000.000030	-116.427677	0.087358	-119.042844	0.297788	-98.553947	-0.415830	-107.090374	0.123669
66100.000030	-118.076497	-0.498864	-130.608377	0.258725	-104.713727	-0.327691	-115.902527	-0.191107
66200.000031	-119.222061	0.063523	-124.161176	-0.421840	-95.565273	-0.434153	-114.404209	-0.115099
66300.000031	-122.830561	0.469797	-141.058026	0.104892	-104.471033	-0.058978	-113.438828	0.288598
66400.000031	-121.372377	-0.076961	-116.342031	-0.012420	-103.695558	-0.247093	-123.525087	0.444790
66500.000031	-120.864941	-0.443313	-124.015661	-0.064817	-110.394096	0.070389	-116.162828	0.193505
66600.000031	-131.643789	0.106695	-115.943742	-0.060459	-108.460141	-0.493467	-130.257563	0.151471
66700.000031	-115.288729	0.289884	-121.480341	-0.344718	-104.152402	-0.119028	-127.305691	-0.420709
66800.000031	-120.983519	0.375288	-128.699386	0.252761	-106.225086	-0.418990	-124.888874	-0.483761
66900.000031	-124.019325	-0.169433	-119.925541	-0.315883	-94.349692	-0.335590	-121.017441	-0.068395
67000.000031	-122.743741	-0.138388	-119.782697	-0.295133	-96.544239	0.208451	-107.281655	0.381026
67100.000031	-125.130846	-0.233438	-117.370793	-0.151125	-97.227030	-0.283885	-118.712458	-0.283374
67200.000031	-116.213312	-0.283651	-113.184298	0.356105	-104.178187	-0.470851	-117.429867	0.244838
67300.000031	-123.184756	-0.248823	-117.703877	0.288356	-110.645983	0.028699	-119.442731	-0.171105
67400.000031	-120.875637	0.148297	-117.557937	0.048779	-91.880373	0.016207	-123.347356	0.105669
67500.000031	-127.120811	-0.048147	-121.559814	0.113021	-98.628774	0.192248	-117.873474	0.011713
67600.000031	-114.072741	0.408638	-119.618181	0.296288	-98.971967	0.231612	-125.459552	0.314560
67700.000031	-116.321077	0.483075	-120.480496	-0.033173	-102.409018	-0.186318	-120.720529	0.086284
67800.000031	-123.027773	-0.082895	-123.664008	-0.424172	-96.433713	-0.224803	-120.288136	0.412530
67900.000031	-120.100313	-0.127681	-126.946207	-0.462135	-98.825598	-0.047391	-119.929398	-0.220087
68000.000031	-118.773879	0.108569	-128.763586	0.257349	-97.223606	0.061863	-108.224157	-0.382573
68100.000031	-116.159587	-0.347356	-120.085076	-0.169796	-115.962117	0.031708	-115.396872	-0.429101
68200.000031	-128.613274	0.493986	-119.193854	0.064704	-106.878332	-0.318596	-115.881562	0.363878
68300.000031	-117.732998	0.131180	-114.672768	0.265654	-101.725286	0.297349	-118.731090	0.317067
68400.000032	-120.521941	-0.480788	-127.620938	-0.086524	-117.329044	-0.065045	-112.839274	-0.144197
68500.000032	-127.523919	0.490340	-116.441922	-0.197996	-97.495761	-0.120005	-118.021353	-0.468547
68600.000032	-129.444206	-0.093563	-129.002881	-0.210106	-94.136577	0.339976	-119.636521	0.258839
68700.000032	-122.464665	-0.177189	-117.628318	0.231179	-101.120306	0.270284	-114.964849	0.104588
68800.000032	-117.770304	0.091799	-120.408963	-0.468160	-99.111833	0.468037	-121.481341	-0.115464
68900.000032	-116.007501	0.373023	-119.519404	0.456445	-95.635260	-0.025621	-122.952203	-0.122346
69000.000032	-123.521935	0.261049	-119.036963	0.105801	-96.506504	0.046763	-113.515043	-0.103190
69100.000032	-116.026291	-0.358681	-129.904342	0.372899	-113.759693	-0.308573	-121.261951	-0.443594
69200.000032	-121.657668	-0.357231	-119.526453	-0.127710	-99.464844	-0.170139	-118.940766	-0.387097
69300.000032	-112.834568	0.342790	-123.692811	-0.182510	-107.430343	0.085479	-124.945422	0.235390
69400.000032	-117.434073	0.046144	-115.320514	0.450009	-100.338554	-0.350737	-119.028746	-0.058381
69500.000032	-123.174461	-0.441172	-113.044557	-0.067139	-105.041074	-0.135461	-121.165330	-0.206823
69600.000032	-116.387086	0.264568	-119.653527	0.282809	-99.435935	-0.197827	-114.148783	0.450974
69700.000032	-123.370783	0.146250	-118.934919	-0.275822	-98.494316	-0.186687	-125.535216	-0.003285
69800.000032	-116.886242	0.197648	-117.659175	0.389360	-100.319257	-0.399220	-121.796437	0.046247
69900.000032	-120.996556	-0.237270	-122.784474	0.152279	-102.062355	-0.393940	-126.772319	0.482881
70000.000032	-120.820695	0.207661	-120.737203	0.330922	-100.851733	0.462354	-115.503922	-0.042310
70100.000032	-130.713635	-0.495856	-120.233034	0.189279	-107.211856	-0.493150	-117.822821	-0.356254
70200.000032	-125.190133	0.413136	-120.598373	0.466067	-96.586253	-0.060860	-123.972824	-0.386356
70300.000032	-127.941474	0.148474	-118.019111	0.096666	-96.196422	-0.234380	-126.670601	0.213021
70400.000032	-118.221351	-0.465688	-118.528839	-0.189056	-121.962720	0.302560	-119.530075	-0.472043
70500.000032	-129.450049	-0.004270	-129.667532	0.136259	-95.359113	0.424663	-115.231022	-0.128368
70600.000033	-124.518206	0.329749	-157.871470	-0.485645	-108.240312	0.160188	-117.209906	-0.175806
70700.000033	-117.957495	-0.383837	-116.816986	-0.184520	-101.662062	-0.452596	-121.414351	0.187726
70800.000033	-138.302629	0.404235	-125.243844	0.163366	-103.535936	-0.478753	-119.286472	0.381877
70900.000033	-118.656597	-0.314888	-138.898604	0.120371	-94.720469	-0.491221	-116.160843	0.043763
71000.000033	-126.668919	-0.375296	-117.937302	0.159712	-101.462718	-0.309284	-107.465365	0.010766
71100.000033	-128.121451	0.176805	-124.655523	-0.113300	-93.462140	-0.488372	-118.267968	-0.128987
71200.000033	-120.772349	-0.344814	-117.554035	0.450973	-104.574432	-0.349972	-138.808254	-0.383280
71300.000033	-129.356248	-0.094611	-120.802676	-0.313300	-100.819363	0.497832	-119.120327	-0.431006
71400.000033	-117.127186	0.133252	-117.917511	0.092613	-104.066187	-0.076205	-120.289144	0.191531
71500.000033	-122.329721	-0.260183	-118.893567	0.277878	-125.712422	0.456589	-117.796021	-0.309352
71600.000033	-132.021436	0.081561	-118.781150	0.379026	-121.043212	0.009809	-117.214918	0.377803
71700.000033	-116.744277	0.107103	-117.646351	-0.052093	-97.038980	0.165605	-119.304440	0.027162
71800.000033	-121.449352	-0.467429	-118.335386	-0.448001	-102.959393	-0.313679	-137.264192	0.032980
71900.000033	-118.043388	-0.337994	-116.045189	-0.285044	-108.891104	0.071103	-123.022921	-0.183822
72000.000033	-120.160648	0.147298	-122.137247	-0.185342	-104.638848	0.377126	-105.508526	0.171893
72100.000033	-119.540415	0.492112	-118.052306	-0.235937	-98.101523	0.156707	-117.062979	-0.238211
72200.000033	-119.134063	-0.414224	-118.746783	0.181054	-100.459695	-0.035134	-125.597201	0.159969
72300.000033	-117.208148	-0.162441	-126.506486	0.485745	-100.680496	-0.115645	-121.552337	-0.273691
72400.000033	-122.541987	0.009992	-120.550877	-0.494858	-119.124839	0.016407	-124.496763	0.230218
72500.000033	-113.745416	0.149124	-127.232542	-0.208521	-96.378065	0.300220	-123.620147	-0.329203
72600.000033	-120.674164	-0.137582	-122.682810	0.155044	-99.760666	-0.078980	-127.019064	-0.377293
72700.000034	-117.597416	-0.446968	-129.316625	-0.291262	-94.641437	0.145707	-123.115281	-0.412703
72800.000034	-117.904071	-0.413210	-117.633217	-0.025408	-99.636015	0.124752	-128.451979	-0.307234
72900.000034	-121.270682	-0.009409	-118.124574	-0.094832	-102.201761	-0.332424	-118.393976	0.079070
73000.000034	-115.258277	0.294899	-118.282820	0.127450	-99.458023	0.135808	-107.470320	0.297966
73100.000034	-120.669101	-0.298899	-120.635068	-0.025227	-104.028820	0.241810	-144.217480	0.274370
73200.000034	-114.856611	-0.091386	-132.835528	0.398626	-106.851728	-0.235213	-125.554569	0.096668
73300.000034	-131.405436	-0.160950	-131.324599	0.135569	-107.331664	-0.403190	-116.250307	-0.443918
73400.000034	-125.098825	0.241572	-122.590811	-0.142325	-95.939721	-0.311728	-130.300909	-0.249351
73500.000034	-122.613469	0.390081	-117.199320	-0.343748	-100.272966	0.017309	-127.259722	-0.015670
73600.000034	-121.822177	-0.105080	-118.758127	0.269638	-102.455860	-0.323349	-128.003179	-0.380488
73700.000034	-122.809594	0.182004	-118.787925	0.237594	-96.182010	-0.316813	-136.002040	-0.032217
73800.000034	-118.868208	0.253756	-121.131300	0.391573	-111.640421	0.006500	-117.445246	0.102124
73900.000034	-126.541856	0.282366	-124.236672	0.133304	-95.573220	-0.126631	-119.897514	0.128902
74000.000034	-125.023354	0.341544	-119.150030	0.333434	-94.438667	-0.473466	-106.381096	0.460422
74100.000034	-120.996346	0.166479	-117.868085	-0.161585	-105.344385	0.297996	-113.936264	-0.319512
74200.000034	-123.866380	-0.223914	-119.156830	-0.119216	-105.064770	-0.187177	-115.183672	0.096726
74300.000034	-120.170919	0.277514	-121.163223	-0.132143	-101.725104	0.174751	-123.646507	0.498759
74400.000034	-122.660831	0.047737	-122.912867	-0.053751	-95.090671	-0.430725	-122.435438	-0.067266
74500.000034	-125.650259	0.468952	-119.801847	-0.345063	-113.184302	0.278191	-120.948462	-0.431050
74600.000034	-126.856266	0.164181	-111.518242	-0.062809	-103.664913	0.168491	-119.973651	-0.373350
74700.000034	-120.815795	0.179880	-125.030200	-0.243649	-110.216780	0.229952	-122.790884	0.330797
74800.000034	-123.277878	-0.476505	-124.683656	-0.299231	-96.479094	0.306765	-116.737920	0.106512
74900.000035	-119.799822	-0.209264	-119.155602	-0.389213	-100.630517	0.173204	-115.370130	0.349622
75000.000035	-126.519409	-0.421302	-121.037013	0.146297	-98.610359	-0.143394	-107.601949	-0.252063
75100.000035	-137.721845	-0.226915	-132.176271	0.237427	-102.109371	0.001497	-118.105481	0.182119
75200.000035	-115.295411	-0.286179	-111.872234	-0.390534	-97.183411	-0.238225	-120.463713	-0.339458
75300.000035	-120.191528	-0.401386	-114.473636	-0.262293	-99.089094	0.412914	-118.628556	0.112970
75400.000035	-128.763048	-0.227704	-115.835936	0.354513	-107.150892	-0.316213	-123.800052	0.179778
75500.000035	-115.710951	0.026466	-118.121633	-0.056238	-95.892724	-0.033628	-122.529103	-0.174165
75600.000035	-120.982173	-0.464199	-120.188595	-0.025447	-95.194538	0.213799	-122.910313	-0.026297
75700.000035	-115.023874	-0.147655	-118.483160	-0.296149	-101.355285	-0.241245	-129.278148	0.285987
75800.000035	-115.187141	-0.410786	-118.254470	0.395171	-93.280606	-0.458966	-115.873795	-0.080670
75900.000035	-125.860789	-0.262385	-129.177674	-0.042117	-97.267441	-0.400816	-118.149954	-0.126323
76000.000035	-119.094192	-0.040156	-130.774067	0.248530	-99.602209	0.242769	-115.055377	0.336487
76100.000035	-117.168960	-0.267353	-119.422264	0.375549	-101.146464	-0.375526	-123.003747	-0.314860
76200.000035	-119.956961	0.484838	-124.434437	-0.244966	-117.070664	0.215370	-119.812368	-0.154773
76300.000035	-116.076694	0.082064	-133.960478	0.297327	-97.217790	0.420434	-121.581554	-0.079650
76400.000035	-117.469997	-0.408823	-115.620938	0.336450	-102.957030	-0.361922	-117.898348	-0.419810
76500.000035	-122.675781	0.123030	-127.265218	0.082030	-109.941721	0.004806	-116.333147	-0.061761
76600.000035	-118.582864	0.454239	-120.662170	-0.437750	-98.454324	-0.174318	-120.434561	-0.239499
76700.000035	-124.385599	-0.083788	-120.514988	-0.097697	-97.368484	-0.013768	-123.455367	-0.070966
76800.000035	-119.582343	0.112064	-132.187898	-0.467255	-101.900954	0.457950	-114.590370	0.206671
76900.000035	-129.754964	-0.054757	-131.302870	-0.390287	-102.276760	0.038263	-126.284640	-0.017829
77000.000035	-118.258703	0.388291	-118.927705	-0.233042	-96.167861	-0.336683	-119.485825	0.363101
77100.000036	-125.277856	-0.411712	-123.399603	0.225692	-101.449304	0.139760	-119.182800	0.407207
77200.000036	-126.191702	-0.422328	-124.836941	-0.470480	-106.074735	0.076111	-118.053154	0.305932
77300.000036	-127.419931	-0.061694	-122.687807	-0.465263	-94.443491	0.057859	-114.343922	-0.474926
77400.000036	-111.626133	-0.374069	-121.429350	-0.386358	-104.610574	-0.218875	-127.510437	0.343550
77500.000036	-117.664241	0.020381	-115.320164	0.151329	-99.625263	-0.475491	-123.820386	-0.137132
77600.000036	-123.176841	-0.314853	-125.495025	-0.499769	-107.958001	-0.431216	-117.937749	-0.165992
77700.000036	-124.982854	-0.054102	-121.992885	0.112757	-108.497428	0.111384	-117.018759	0.112941
77800.000036	-116.414323	0.356775	-112.443906	0.326832	-98.023398	-0.426275	-117.004752	0.252962
77900.000036	-117.365309	-0.205916	-127.970487	0.475864	-97.508694	0.402809	-123.224483	0.135518
78000.000036	-129.531899	0.247200	-119.210653	-0.006136	-95.636024	-0.328985	-111.917376	0.443909
78100.000036	-120.258330	0.149547	-122.222333	-0.460630	-116.454795	-0.465847	-122.594262	0.455743
78200.000036	-122.944893	-0.236327	-118.220688	0.415924	-104.158841	-0.072042	-138.906925	0.290628
78300.000036	-122.929118	0.316005	-123.423402	0.086187	-104.028307	-0.170600	-122.456128	0.017110
78400.000036	-118.142358	-0.351667	-117.784575	-0.190720	-95.216079	-0.041613	-112.757524	-0.260627
78500.000036	-115.844844	-0.249612	-122.544025	0.036828	-102.514482	0.455142	-121.908466	-0.445331
78600.000036	-125.180876	0.105747	-115.474057	-0.433004	-97.611884	-0.473315	-131.306397	0.350180
78700.000036	-121.778656	-0.391858	-120.559863	0.052958	-101.112047	-0.283356	-125.576979	0.441207
78800.000036	-119.984493	-0.108998	-117.474157	-0.464525	-99.795418	0.056385	-121.847224	0.184277
78900.000036	-120.762595	0.245426	-118.944924	-0.423489	-97.474296	-0.025328	-119.618418	0.167188
79000.000036	-118.946363	0.055775	-118.827015	0.282930	-97.710393	0.267838	-115.590334	0.342900
79100.000036	-124.190040	-0.222646	-118.034910	-0.027528	-106.325428	-0.175354	-116.432976	-0.042375
79200.000037	-117.261733	0.111449	-117.608177	-0.015495	-95.324482	-0.009141	-124.637397	-0.262322
79300.000037	-113.296719	0.482261	-129.645411	0.261115	-97.470765	0.365860	-123.301748	0.239852
79400.000037	-129.507843	0.258591	-120.749761	0.400114	-109.220573	0.350449	-116.292355	-0.168218
79500.000037	-115.982807	0.131013	-114.154402	-0.109345	-117.745103	-0.477630	-114.407708	0.065282
79600.000037	-118.536530	-0.166217	-125.437597	0.083159	-103.314411	-0.113139	-130.030615	-0.067157
79700.000037	-118.846615	0.469257	-122.585347	-0.246692	-105.781144	0.047879	-134.824913	-0.087185
79800.000037	-121.448092	0.121626	-131.899157	0.053994	-112.206126	-0.192728	-113.614893	0.300486
79900.000037	-122.311272	-0.056729	-123.957331	0.052543	-110.227101	-0.282998	-122.280983	0.083885
80000.000037	-118.947507	-0.133881	-128.015847	-0.496399	-100.143462	-0.417016	-126.254265	-0.473015
80100.000037	-116.152764	0.353878	-128.551738	0.298306	-96.032909	-0.469304	-126.021004	-0.200703
80200.000037	-116.154944	-0.207740	-119.972449	-0.288555	-100.718116	-0.224843	-120.866721	-0.092283
80300.000037	-117.032706	0.227162	-120.727751	0.069631	-95.550954	-0.194829	-121.316526	-0.267031
80400.000037	-121.136824	0.239753	-112.157373	0.403037	-101.356775	-0.377235	-117.286519	-0.383204
80500.000037	-113.288490	0.134491	-120.447259	0.174101	-103.443196	-0.202332	-123.235774	0.130591
80600.000037	-117.872474	0.299803	-115.195646	0.181023	-95.443415	0.087305	-120.216509	-0.093720
80700.000037	-114.119939	0.279737	-109.522403	0.235195	-96.441456	0.404242	-122.792894	0.217092
80800.000037	-114.953700	-0.168261	-115.541698	-0.146603	-95.899729	-0.015196	-115.989321	0.112471
80900.000037	-107.384205	-0.394624	-104.430767	-0.417338	-88.639571	-0.353655	-116.399765	0.359757
81000.000037	-128.026360	0.100905	-115.890641	-0.044098	-99.261998	-0.330641	-117.403469	-0.178014
81100.000037	-100.819216	-0.385426	-101.808314	-0.402196	-84.527934	-0.333259	-123.047803	-0.322479
81200.000037	-97.992469	0.144218	-98.688952	0.147643	-82.850601	0.172240	-116.700765	-0.415921
81300.000037	-105.210844	-0.314862	-104.867281	-0.298341	-88.075162	-0.279337	-121.937857	-0.265431
81400.000038	-95.737617	0.482984	-95.236876	0.471338	-78.998760	-0.452496	-126.385785	-0.131476
81500.000038	-91.834857	0.255536	-90.956468	0.248917	-75.608697	0.311181	-120.109200	0.404780
81600.000038	-104.070034	0.048806	-103.461382	0.069480	-87.443913	0.062454	-125.955769	-0.238592
81700.000038	-101.903632	-0.323562	-103.629280	-0.328893	-88.171176	-0.261338	-118.458175	-0.399871
81800.000038	-105.016649	0.447845	-103.016512	0.457845	-89.838244	-0.436475	-128.775257	0.413753
81900.000038	-110.439248	-0.308765	-113.516117	-0.329724	-93.171676	-0.232258	-121.875341	0.228928
82000.000038	-144.543268	0.089199	-109.870020	0.013868	-105.170291	0.291739	-113.575551	-0.009758
82100.000038	-114.821844	0.481933	-118.284686	-0.345807	-111.527159	0.184675	-119.299355	0.484237
82200.000038	-118.211930	-0.372599	-119.297728	-0.401318	-95.924773	0.394764	-126.513900	0.059051
82300.000038	-132.750061	-0.214136	-120.045765	-0.268541	-109.291055	0.276790	-122.150904	-0.398979
82400.000038	-123.084508	0.337401	-115.558609	-0.317155	-96.398525	-0.307538	-121.126467	0.032210
82500.000038	-119.796054	-0.266789	-114.859617	-0.209026	-107.623409	-0.286938	-119.117523	-0.109971
82600.000038	-117.397720	-0.234452	-125.482981	-0.454895	-103.948534	-0.099842	-122.420080	-0.105489
82700.000038	-127.138980	0.128041	-121.868691	-0.308567	-103.658955	-0.342802	-131.570370	-0.302814
82800.000038	-115.493035	-0.318563	-123.567057	-0.418717	-97.421605	0.480206	-116.398507	-0.192258
82900.000038	-119.718754	-0.301716	-123.776933	0.497059	-106.488743	-0.470477	-121.919871	-0.356030
83000.000038	-126.345729	-0.227024	-113.275316	-0.202085	-98.351925	-0.106424	-112.232012	0.186711
83100.000038	-117.327546	-0.231597	-117.807378	0.434733	-98.826748	0.481801	-127.450937	0.153546
83200.000038	-118.465375	-0.270286	-122.760765	-0.038689	-99.569354	-0.299815	-117.684834	0.185346
83300.000038	-118.552361	-0.383354	-124.461443	-0.103860	-94.817978	-0.285404	-123.969283	-0.113701
83400.000038	-122.289735	0.341106	-122.986024	0.423387	-107.262899	0.204583	-136.260397	-0.491271
83500.000038	-117.261593	-0.128869	-121.982411	-0.374676	-120.119383	0.107012	-113.621772	0.038878
83600.000039	-124.898728	-0.429150	-126.815197	0.215568	-102.645217	-0.010562	-122.085263	-0.373035
83700.000039	-124.644405	-0.135147	-124.966229	0.276379	-98.032644	0.381726	-119.406471	-0.310918
83800.000039	-117.127674	-0.267433	-127.478500	0.221110	-97.390795	0.409359	-117.601146	-0.359534
83900.000039	-114.322674	0.131874	-126.806097	0.459221	-109.083592	-0.131188	-118.179528	0.192547
84000.000039	-116.626942	0.437556	-114.130490	0.109597	-104.369234	0.295864	-109.353740	-0.495135
84100.000039	-116.457397	0.249710	-119.432576	0.194937	-100.977428	-0.117569	-111.373358	0.443855
84200.000039	-115.634081	-0.123626	-122.500977	-0.011926	-99.238088	0.018951	-119.530722	-0.033987
84300.000039	-113.102608	-0.450715	-121.504686	-0.392967	-104.466007	-0.295403	-117.686117	0.335060
84400.000039	-123.098694	0.310506	-135.166018	-0.234838	-115.734068	0.265725	-120.731650	-0.427925
84500.000039	-118.161681	0.369991	-120.302229	0.186652	-101.456971	0.272023	-125.326672	-0.457022
84600.000039	-129.603156	0.257138	-119.213678	-0.480251	-102.766013	0.446470	-125.122883	0.120071
84700.000039	-114.782528	-0.267522	-123.944445	-0.110160	-104.308085	-0.179184	-118.892992	-0.007734
84800.000039	-121.111717	0.312749	-116.012209	-0.434760	-103.238676	0.136709	-122.532720	0.444656
84900.000039	-114.827486	-0.159573	-116.688486	-0.306595	-101.050033	0.380749	-113.557049	-0.147728
85000.000039	-121.171224	0.404533	-123.651345	-0.464815	-101.110956	-0.045414	-117.656474	-0.281260
85100.000039	-118.061518	-0.315640	-123.177758	0.425331	-101.461820	0.477511	-136.386048	0.304661
85200.000039	-114.691145	0.112514	-133.132358	-0.086093	-98.041316	-0.041962	-126.737915	0.083494
85300.000039	-114.658824	-0.407314	-121.169529	-0.002844	-98.396471	0.244959	-119.233184	-0.337502
85400.000039	-117.380522	0.190999	-116.884655	-0.337817	-102.689419	0.225261	-120.259446	-0.452930
85500.000039	-117.393862	-0.056176	-122.797351	-0.055766	-95.865392	0.260869	-116.133705	0.078524
85600.000039	-113.006548	-0.013639	-116.038327	-0.223943	-101.798341	0.414048	-114.906058	0.043870
85700.000040	-114.797256	-0.263976	-122.359820	-0.461302	-96.586272	-0.410002	-114.086091	-0.328489
85800.000040	-120.445133	0.446266	-133.214130	0.249272	-100.579657	0.438881	-121.610908	-0.296156
85900.000040	-116.320352	-0.032193	-118.576601	-0.481526	-103.209831	0.010157	-129.964100	-0.020910
86000.000040	-123.353224	0.155894	-123.953115	0.280775	-104.664717	0.176845	-112.998861	-0.101381
86100.000040	-129.036078	0.171461	-116.186193	-0.427226	-97.706668	-0.222265	-115.574080	-0.240345
86200.000040	-120.405540	0.120058	-117.334246	-0.436673	-101.570955	0.052505	-123.823503	-0.180667
86300.000040	-116.673011	0.012606	-115.591432	0.015457	-101.427511	-0.075347	-116.644568	0.038309
86400.000040	-119.435434	-0.467960	-114.132722	0.448670	-98.774055	-0.325132	-120.716549	-0.099834
86500.000040	-123.899401	0.420223	-118.010021	0.241254	-100.571738	0.194382	-114.210813	0.108473
86600.000040	-122.471187	0.389596	-116.229155	-0.365479	-98.340666	-0.264992	-127.739908	0.399424
86700.000040	-124.487645	-0.158979	-115.662950	-0.483861	-97.760526	-0.297294	-117.563253	-0.496625
86800.000040	-120.101090	-0.479687	-115.860119	-0.228437	-99.789107	-0.071394	-126.777051	-0.499005
86900.000040	-122.132760	-0.496195	-116.391624	-0.289774	-103.032615	0.108500	-118.692323	0.095107
87000.000040	-121.826297	0.247434	-117.618496	-0.182113	-105.668876	0.081513	-109.137691	-0.052700
87100.000040	-125.887285	-0.433146	-116.171461	-0.214504	-101.431128	-0.192677	-122.268336	0.493206
87200.000040	-118.900954	-0.394993	-123.659571	-0.174172	-100.793502	-0.292948	-119.675846	-0.393951
87300.000040	-113.171488	0.285717	-121.829792	0.437286	-112.451200	0.086402	-110.710568	-0.065557
87400.000040	-120.064450	-0.080337	-119.488264	-0.480486	-105.770549	0.031253	-117.527506	-0.007382
87500.000040	-115.063998	0.083081	-113.268521	-0.172798	-106.640403	-0.409369	-122.453183	0.275227
87600.000040	-114.615058	0.443774	-126.557338	0.370232	-108.848488	-0.458515	-130.125793	0.284551
87700.000040	-120.930245	-0.213368	-114.612489	-0.472452	-101.374837	-0.276404	-124.253003	0.008907
87800.000040	-116.814167	-0.323871	-123.261863	0.030590	-101.015475	-0.051016	-123.676118	0.343287
87900.000041	-111.869039	0.165456	-117.893331	-0.447965	-108.740171	-0.145601	-117.021278	0.329702
88000.000041	-117.978065	-0.400493	-116.580316	-0.210059	-101.189110	0.007244	-110.436585	0.259585
88100.000041	-122.644268	-0.077802	-119.432722	-0.410131	-102.914386	0.473128	-113.567488	-0.412882
88200.000041	-116.635057	0.133725	-116.051969	-0.248592	-95.778597	-0.152961	-121.233644	-0.262653
88300.000041	-125.920241	-0.411533	-118.980178	0.435317	-100.440594	-0.006473	-128.990419	0.452471
88400.000041	-116.256432	-0.396337	-119.532658	0.249097	-99.339811	-0.447354	-116.033740	-0.351029
88500.000041	-129.297320	-0.429842	-119.144642	0.460995	-102.428236	-0.270540	-122.278994	-0.094221
88600.000041	-123.320635	-0.292571	-119.769089	0.104242	-103.092646	-0.218721	-119.135315	0.281232
88700.000041	-124.942501	0.110920	-116.796720	-0.475842	-101.577208	0.133722	-113.171952	-0.189488
88800.000041	-124.356686	-0.175577	-117.098716	-0.416859	-111.911197	-0.019924	-113.134228	-0.428304
88900.000041	-129.096522	-0.168715	-129.359676	-0.193795	-98.822514	0.210130	-116.641986	-0.192597
89000.000041	-120.048002	0.204029	-110.807509	-0.065883	-110.252884	-0.235722	-115.762612	0.025228
89100.000041	-125.824582	-0.355528	-122.992922	0.185872	-96.697348	0.106888	-114.051455	-0.403210
89200.000041	-124.710261	-0.204487	-120.690714	-0.322501	-110.254226	-0.474972	-116.619160	0.058744
89300.000041	-121.989440	-0.181995	-116.180712	-0.002195	-95.297367	0.071415	-113.965782	0.146081
89400.000041	-125.891151	-0.260790	-124.202678	0.001268	-98.464064	-0.088393	-114.093003	0.393292
89500.000041	-117.422340	0.025256	-112.464514	-0.451262	-106.938643	0.069177	-127.901699	0.095930
89600.000041	-121.239414	0.378623	-117.827318	0.262281	-102.170964	-0.427449	-123.697847	0.114838
89700.000041	-124.138260	0.065552	-127.452169	-0.264701	-104.444158	0.375364	-117.158514	-0.283051
89800.000041	-121.873610	0.316078	-120.046663	-0.075508	-109.635540	-0.291545	-126.622420	-0.389319
89900.000041	-120.835848	0.216344	-123.155500	-0.348285	-107.168352	0.162242	-117.109599	0.324872
90000.000041	-112.154906	-0.180772	-122.823586	-0.034831	-101.238929	0.204506	-112.762669	0.314970
90100.000042	-149.880709	-0.245260	-116.633958	-0.201800	-99.957003	0.108550	-119.274342	0.009180
90200.000042	-124.844793	-0.075433	-110.103609	-0.362985	-110.583580	-0.325083	-115.153708	-0.013809
90300.000042	-120.481543	-0.134168	-124.348886	0.210857	-114.101082	-0.347018	-116.141667	0.187222
90400.000042	-121.024654	0.282890	-113.953529	-0.465607	-93.811205	-0.223809	-116.708758	0.496498
90500.000042	-114.268403	0.486375	-120.952707	-0.081418	-115.012980	-0.231069	-134.685795	0.117939
90600.000042	-118.576934	0.386489	-118.390712	-0.443597	-107.771304	0.075389	-117.971197	0.273853
90700.000042	-130.804240	0.327954	-110.706630	0.354176	-111.589901	-0.476997	-115.362833	0.382726
90800.000042	-121.328247	-0.474234	-125.149748	-0.346661	-100.101350	0.393237	-117.454469	0.271306
90900.000042	-116.733961	-0.420636	-140.902966	-0.435626	-101.025587	-0.185648	-114.052892	0.462064
91000.000042	-114.629056	0.080286	-122.088381	0.071925	-100.650747	-0.070095	-115.432063	-0.379131
91100.000042	-118.435663	-0.007317	-112.522014	-0.146446	-98.046635	-0.218416	-117.622259	0.073977
91200.000042	-119.536277	-0.234092	-114.938982	0.442582	-98.039778	0.000937	-114.780827	-0.499427
91300.000042	-113.969956	-0.100140	-122.458595	0.405849	-99.467749	0.042458	-123.818172	-0.493102
91400.000042	-117.676421	-0.075459	-123.628841	-0.351212	-101.851911	-0.204443	-119.102199	-0.456910
91500.000042	-118.215254	0.286900	-117.443219	-0.431691	-98.913829	0.255659	-113.776535	0.483262
91600.000042	-110.742295	0.126186	-122.434689	-0.474899	-100.006850	0.083551	-111.699396	-0.040044
91700.000042	-128.294662	0.370894	-116.013311	-0.147976	-98.161635	-0.284991	-117.937042	-0.188701
91800.000042	-118.358482	-0.001822	-117.545872	0.086804	-104.610067	0.332502	-117.238469	0.313480
91900.000042	-112.184843	-0.058769	-115.384014	-0.287463	-110.367426	0.019032	-118.279858	-0.279245
92000.000042	-110.682897	0.073378	-115.286997	0.414962	-112.725797	0.234699	-113.300763	-0.136322
92100.000042	-121.853261	0.442544	-120.189360	0.310374	-102.655305	-0.154678	-116.711194	-0.225521
92200.000043	-125.944532	-0.385566	-116.084014	0.340690	-107.718925	-0.095808	-110.839984	-0.381532
92300.000043	-112.363495	-0.330469	-116.284703	-0.425215	-102.756639	0.446027	-130.079806	0.212915
92400.000043	-112.510070	-0.227555	-119.077396	0.373622	-118.195832	0.373838	-120.245704	0.052760
92500.000043	-117.720247	-0.043292	-113.531078	-0.082359	-102.083671	-0.491945	-124.069100	0.425242
92600.000043	-116.461610	-0.058247	-125.767942	-0.286796	-110.674766	0.248703	-119.187462	-0.451337
92700.000043	-124.126504	0.376238	-120.261310	0.117762	-110.809078	-0.194618	-119.047709	-0.461446
92800.000043	-111.467562	0.117279	-110.845243	-0.104264	-96.398288	-0.326821	-110.938505	-0.440720
92900.000043	-119.980596	0.334122	-114.890558	-0.380045	-122.196344	-0.448867	-115.521454	0.011891
93000.000043	-126.743442	0.476053	-116.855703	-0.112097	-101.951310	-0.360648	-123.958513	0.457438
93100.000043	-122.041626	-0.151126	-120.018024	-0.223993	-101.014019	-0.398160	-114.539408	-0.158828
93200.000043	-123.165508	0.273109	-109.381726	0.105362	-111.540519	-0.472047	-115.536849	-0.200406
93300.000043	-117.293579	0.497385	-116.059656	-0.206964	-107.711124	-0.459461	-117.955704	0.382665
93400.000043	-114.157251	-0.461561	-114.608842	-0.166314	-97.713652	0.298547	-128.756434	0.361461
93500.000043	-112.593462	-0.337473	-127.934093	-0.317867	-98.641606	0.456603	-137.934774	-0.109898
93600.000043	-113.769038	-0.060421	-114.024954	-0.086581	-96.459069	-0.352090	-111.126980	0.058920
93700.000043	-116.681661	0.279761	-119.330525	0.446232	-99.157313	0.170615	-114.915038	-0.189454
93800.000043	-119.692761	0.466426	-114.561525	0.415065	-114.167913	-0.319535	-126.221369	-0.470372
93900.000043	-112.833527	-0.370051	-115.303528	-0.004737	-110.520240	-0.492149	-129.738090	-0.472803
94000.000043	-119.626047	-0.110395	-113.410641	0.498147	-104.595932	0.043955	-109.915816	0.102144
94100.000043	-113.087761	-0.290622	-128.476138	0.322409	-101.159688	-0.414082	-117.402598	0.458305
94200.000043	-117.042955	0.010674	-117.949680	0.497423	-100.934073	0.224032	-112.185280	-0.276428
94300.000043	-111.829738	0.476740	-126.395612	-0.237821	-102.753360	-0.171059	-136.845213	-0.054719
94400.000044	-121.293795	-0.166621	-112.974595	-0.079608	-104.793615	-0.098424	-126.937855	-0.244559
94500.000044	-127.548993	-0.254042	-117.293684	-0.372678	-98.732555	-0.020920	-115.400958	-0.403355
94600.000044	-117.272908	-0.381519	-112.488007	0.262221	-101.350826	-0.234817	-114.558104	-0.400457
94700.000044	-114.326216	0.461955	-113.834280	0.145615	-97.531588	-0.119095	-115.099237	0.442509
94800.000044	-116.616709	0.244393	-118.455221	0.032327	-101.546573	-0.465943	-117.930797	0.487665
94900.000044	-111.076489	0.353459	-133.170405	0.342210	-101.949408	0.475132	-121.221292	-0.252339
95000.000044	-112.068514	0.179072	-120.124836	-0.012741	-104.421927	0.005282	-109.091345	-0.336757
95100.000044	-121.851599	-0.211074	-111.343454	-0.053421	-99.071712	-0.282788	-122.086039	0.264078
95200.000044	-110.641326	-0.452443	-127.872453	0.180658	-97.645588	0.004409	-116.743401	0.286333
95300.000044	-113.448108	0.167007	-115.692048	-0.138051	-100.565703	0.175994	-115.942667	-0.387809
95400.000044	-122.552054	-0.390018	-115.758466	-0.494134	-108.224659	-0.400562	-112.384161	-0.084403
95500.000044	-119.388357	0.400442	-121.772023	0.011547	-111.165144	-0.141205	-113.693072	-0.307792
95600.000044	-119.346360	-0.189427	-122.487587	-0.064778	-108.061755	0.316334	-122.998417	0.168223
95700.000044	-113.804050	0.136856	-120.758415	-0.027314	-97.227084	-0.417851	-113.403137	0.357018
95800.000044	-120.412050	-0.493708	-123.643757	-0.226104	-103.958567	-0.494481	-123.874405	-0.309754
95900.000044	-124.885730	-0.374298	-124.937639	-0.145334	-100.585492	-0.151062	-112.716296	0.043712
96000.000044	-117.250845	0.431168	-118.933091	-0.182193	-99.564669	0.421947	-111.266476	0.021099
96100.000044	-116.942923	0.029231	-110.295888	0.268534	-98.649901	-0.375875	-114.922655	-0.301651
96200.000044	-115.146862	-0.111135	-115.311839	0.042828	-102.563002	0.289428	-116.881981	-0.057975
96300.000044	-121.727958	0.072831	-116.291930	0.433990	-97.643575	-0.100638	-120.197381	-0.372777
96400.000044	-120.763687	-0.172168	-132.538217	0.433319	-116.425045	-0.374165	-113.522665	-0.280099
96500.000044	-121.012936	0.212557	-113.652912	-0.128362	-110.952986	-0.174768	-115.383466	0.078257
96600.000045	-112.970651	0.055994	-112.919237	0.088411	-108.362421	0.127962	-115.507760	0.124390
96700.000045	-121.257064	0.295963	-112.807800	0.220177	-95.054648	-0.090207	-113.015253	-0.245231
96800.000045	-109.429751	-0.019342	-110.135802	0.450362	-106.186046	0.318172	-120.027636	0.042477
96900.000045	-111.907884	0.155561	-115.696115	-0.476609	-106.019522	0.374201	-128.597073	-0.050745
97000.000045	-123.698115	-0.447358	-113.952926	-0.465349	-103.989445	0.052587	-111.328535	-0.330768
97100.000045	-113.240231	-0.424409	-120.035519	-0.355203	-99.018645	-0.309575	-115.529427	-0.118498
97200.000045	-119.387595	0.428895	-124.547404	0.202598	-104.843962	-0.034334	-120.553302	-0.389978
97300.000045	-111.795169	-0.235223	-116.707737	-0.368290	-96.478633	-0.194164	-115.317502	0.106730
97400.000045	-117.174803	0.459768	-114.857243	0.181656	-106.142203	-0.417729	-110.348895	-0.408528
97500.000045	-111.571655	-0.098132	-123.941815	0.184129	-100.474253	0.258826	-115.146135	0.190248
97600.000045	-115.348046	0.256023	-111.045949	-0.303304	-105.334954	0.335108	-128.213264	-0.156907
97700.000045	-114.793466	-0.496020	-127.690201	-0.319910	-99.382257	0.415158	-119.469264	0.059021
97800.000045	-118.284252	-0.365617	-116.982712	0.402960	-98.824989	-0.361449	-118.791887	0.405205
97900.000045	-119.282702	-0.005165	-124.289124	0.150612	-97.109389	0.066506	-115.000225	0.241297
98000.000045	-109.569317	0.111787	-117.985401	-0.214539	-99.402718	0.314351	-109.895990	0.004102
98100.000045	-128.926408	0.041830	-109.629963	-0.194045	-106.927308	0.068437	-107.267992	-0.022182
98200.000045	-114.457671	0.258353	-126.047847	0.486056	-97.330431	0.290550	-129.414723	-0.357408
98300.000045	-120.442580	-0.418104	-118.069077	-0.374308	-106.950663	0.380113	-130.230270	0.457540
98400.000045	-114.351398	0.077336	-116.681182	0.178175	-103.935819	0.432701	-134.128625	0.312574
98500.000045	-121.915501	0.272746	-113.322963	-0.323349	-113.546361	-0.366392	-110.898813	-0.361893
98600.000045	-115.563239	0.283777	-116.708890	-0.093359	-105.421831	-0.185089	-124.130253	0.336233
98700.000045	-117.238424	-0.486322	-117.116697	-0.101521	-104.113945	-0.104177	-113.595949	0.236985
98800.000046	-122.009355	-0.297787	-123.132351	-0.488645	-101.947525	-0.272616	-115.839683	0.035050
98900.000046	-116.445259	0.214398	-113.548203	0.284890	-105.361379	0.196335	-121.216913	-0.099635
99000.000046	0.000000	0.000000	0.000000	0.000000	0.000000	0.000000	0.000000	0.000000
