% f211.txt
% Date Thu, Jul 15, 2021 4:21 PM
% Sine seq
% Response spectrum
% Stim level (V pk) 0.500, 0 dB filter gain, 120.0 dB attenuation
% Stim RMS (V) 0.000
% Freq [Hz]	Ch0 Mag [dB]	Ch0 Phase [cyc]	Ch1 Mag [dB]	Ch1 Phase [cyc]	Ch2 Mag [dB]	Ch2 Phase [cyc]	Ch3 Mag [dB]	Ch3 Phase [cyc]
%%end
100.000000	-119.437182	0.233531	-48.741066	-0.265758	-91.418088	-0.309550	-112.477729	0.031567
200.000000	-124.503345	0.302608	-51.059601	0.242300	-99.601122	-0.053821	-116.264705	0.161765
300.000000	-94.626018	-0.282444	-49.099702	-0.152157	-103.928779	0.149598	-108.324209	0.051477
400.000000	-117.260533	-0.102323	-50.470468	0.080480	-108.741947	-0.349114	-109.528914	0.224303
500.000000	-120.765258	0.321770	-49.751444	0.189215	-103.535547	0.197563	-115.770132	-0.301822
600.000000	-112.916017	0.244334	-49.041572	-0.370713	-109.383646	0.128653	-116.240307	0.076244
700.000000	-117.574708	0.459778	-62.925370	-0.024009	-108.337150	0.468669	-117.453958	-0.176970
800.000000	-116.189481	-0.012674	-60.285116	-0.030082	-113.636701	-0.475682	-124.116006	-0.355806
900.000000	-109.220826	-0.053314	-61.493111	0.496214	-112.721822	-0.426230	-113.749769	0.097024
1000.000001	-121.206647	-0.116436	-59.041674	-0.462717	-109.475342	0.400533	-113.348971	-0.145390
1100.000001	-110.233717	0.372481	-62.184822	0.239844	-109.387001	0.302798	-117.848087	-0.454969
1200.000001	-108.253864	0.292429	-72.206033	-0.097258	-118.499588	0.342264	-112.556826	0.020871
1300.000001	-115.918648	-0.258284	-54.139084	0.257730	-121.262267	0.051419	-114.929811	0.150910
1400.000001	-116.565881	-0.359936	-59.430293	0.320051	-110.496452	-0.242738	-119.655939	0.319712
1500.000001	-114.288470	-0.451796	-54.667087	-0.004828	-114.021161	-0.130779	-116.323070	0.077223
1600.000001	-116.990632	-0.014317	-56.318849	-0.044138	-110.345616	0.378495	-117.598781	0.489983
1700.000001	-115.636943	-0.316494	-64.706514	-0.131304	-116.140377	0.325978	-116.134767	0.413083
1800.000001	-116.570694	0.237116	-62.179349	0.361587	-116.992156	0.318390	-114.727232	0.432706
1900.000001	-123.371662	0.157249	-64.174546	-0.028065	-116.005197	-0.060338	-123.150995	0.030022
2000.000001	-110.443007	-0.090306	-64.456012	-0.349630	-113.069594	-0.089252	-112.178593	-0.025770
2100.000001	-112.868690	0.164307	-68.109942	-0.350109	-128.669059	0.487842	-152.433370	0.386353
2200.000001	-119.353181	0.165986	-61.895090	-0.242277	-117.098141	0.201083	-132.957553	0.366576
2300.000001	-119.847234	-0.193740	-61.239457	0.078136	-109.735914	-0.383028	-117.769304	-0.301767
2400.000001	-113.925839	0.407089	-65.528971	0.411491	-114.869277	-0.394009	-118.892196	0.329338
2500.000001	-118.683506	-0.499760	-64.237105	0.016559	-114.296351	0.468260	-120.941675	0.027721
2600.000001	-119.081169	0.011012	-64.975927	0.365413	-118.691155	-0.396202	-113.407428	-0.129439
2700.000001	-118.179663	-0.164357	-66.325719	-0.110426	-112.505805	-0.420915	-114.798797	-0.112295
2800.000001	-115.301071	0.120661	-64.966188	-0.346829	-121.251388	0.289406	-117.722434	0.412745
2900.000001	-119.134958	0.293148	-62.628162	0.133901	-129.646849	0.451246	-115.044210	0.173819
3000.000002	-119.896287	-0.462768	-65.594151	0.134871	-111.274140	-0.372287	-117.227339	-0.207940
3100.000002	-117.833091	0.443384	-61.566030	0.230006	-112.378985	-0.460127	-124.286559	-0.242021
3200.000002	-113.753474	0.060961	-60.524457	-0.192458	-119.632159	0.091029	-120.829537	-0.078890
3300.000002	-115.309745	0.369793	-72.839309	0.191829	-113.233392	0.142448	-118.287885	0.467334
3400.000002	-114.144982	-0.342177	-62.712373	-0.471276	-118.644686	0.197239	-127.609456	-0.189604
3500.000002	-121.635421	-0.216669	-86.588085	-0.162574	-112.175566	-0.430177	-119.334462	0.100931
3600.000002	-119.266375	0.171532	-64.240047	-0.225056	-127.258251	0.203777	-122.773203	0.229166
3700.000002	-120.451107	-0.434997	-62.034822	0.205242	-119.236998	0.150454	-114.606931	0.328097
3800.000002	-113.743546	-0.235357	-74.711719	0.338861	-110.302834	-0.105165	-110.363779	-0.072943
3900.000002	-119.401572	0.499978	-65.852063	-0.480904	-117.924861	-0.407608	-117.598498	-0.177788
4000.000002	-114.979913	0.149543	-61.483521	-0.277635	-111.408012	0.143374	-116.238807	0.189406
4100.000002	-120.728126	-0.460342	-64.093250	0.085102	-115.010063	-0.133685	-114.232600	-0.376354
4200.000002	-131.611872	0.149514	-62.945612	0.383191	-125.883089	0.183567	-125.364107	-0.134240
4300.000002	-127.402757	-0.136559	-68.520726	-0.159727	-112.223686	-0.033692	-115.513110	0.015944
4400.000002	-119.469429	-0.432110	-65.853337	-0.282911	-116.417583	-0.201127	-127.827607	0.020812
4500.000002	-121.210848	-0.433356	-63.965349	-0.121886	-111.289842	0.193483	-117.272229	-0.076591
4600.000002	-126.081046	0.400721	-70.949909	-0.437874	-114.651723	-0.053656	-119.973871	0.057927
4700.000002	-115.302491	-0.000755	-68.428423	-0.185125	-111.349508	-0.106016	-113.970539	-0.138660
4800.000002	-112.365056	0.419170	-70.526118	0.247376	-130.217178	-0.291409	-119.260826	0.429164
4900.000002	-114.856606	-0.224079	-66.823299	-0.227309	-122.686276	-0.491600	-140.966430	-0.104381
5000.000003	-130.351486	0.449720	-67.917014	-0.386668	-120.914958	0.000818	-136.332420	0.072469
5100.000003	-117.277268	0.435545	-63.395645	0.372882	-129.575305	0.012078	-114.169364	-0.462875
5200.000003	-114.676466	0.024560	-65.711206	-0.236772	-120.896394	0.405165	-119.720047	0.352938
5300.000003	-117.225006	-0.157970	-67.826228	-0.157458	-124.200281	0.132937	-122.692584	0.236236
5400.000003	-127.057776	-0.256909	-69.322522	0.166064	-117.879292	0.164296	-113.424927	0.192836
5500.000003	-113.781455	-0.123731	-65.496321	0.434246	-123.089321	0.286896	-119.582637	-0.147280
5600.000003	-114.953772	-0.301359	-64.573163	-0.002676	-125.447620	0.297140	-113.831037	-0.377052
5700.000003	-117.081935	0.190956	-61.499328	0.244581	-124.841027	0.237708	-116.074403	0.374609
5800.000003	-116.455895	-0.164368	-70.632895	-0.495387	-114.764688	0.067454	-115.517949	0.052172
5900.000003	-113.807114	-0.271874	-73.337697	0.423876	-120.057838	-0.040519	-116.491348	-0.323807
6000.000003	-117.816639	-0.467570	-77.765172	-0.273748	-123.925071	0.390232	-116.089944	0.405609
6100.000003	-21.420596	-0.182143	5.842678	0.311695	-90.373093	0.367291	-103.522696	0.324249
6200.000003	-119.036422	-0.131831	-68.050300	-0.369023	-119.791962	0.061605	-129.885680	-0.309321
6300.000003	-116.073573	0.470663	-72.173278	-0.380275	-121.079563	-0.094297	-113.366001	-0.079345
6400.000003	-120.866973	-0.454943	-73.374736	-0.441564	-116.315600	-0.431234	-117.912826	0.491977
6500.000003	-110.250831	0.215576	-69.956178	-0.387381	-116.566269	0.186790	-111.801368	-0.482329
6600.000003	-121.856397	0.420398	-68.748780	0.359402	-116.834493	-0.353098	-116.046028	-0.157680
6700.000003	-114.978893	0.177991	-66.013233	-0.403073	-115.441257	-0.023385	-123.264542	-0.075343
6800.000003	-114.134640	0.041886	-74.572585	-0.404878	-121.097399	0.076172	-123.552903	0.119630
6900.000003	-116.497360	-0.019765	-76.921901	-0.248448	-116.725856	-0.147087	-121.197803	0.173703
7000.000004	-119.468684	0.146684	-72.250455	0.492753	-116.972716	0.383794	-124.395679	0.095872
7100.000004	-115.078915	0.361403	-75.250667	-0.143243	-118.310781	-0.404464	-114.943082	0.174894
7200.000004	-118.585596	-0.041676	-77.675762	-0.303050	-115.891670	0.326035	-110.770012	0.098140
7300.000004	-117.665355	-0.455705	-69.701645	0.091929	-114.451774	-0.261853	-115.422939	0.057959
7400.000004	-117.593261	-0.065727	-73.359251	0.284382	-120.474331	-0.209381	-125.887066	0.311908
7500.000004	-123.809273	0.359282	-67.747900	-0.019359	-111.514765	-0.075512	-116.316077	-0.105576
7600.000004	-118.051656	-0.322602	-74.164307	-0.221697	-121.098986	-0.018454	-115.456215	-0.196998
7700.000004	-112.818767	-0.390196	-67.018488	0.377626	-123.167318	0.013854	-115.972517	0.341649
7800.000004	-121.726076	-0.446264	-77.407195	-0.450101	-124.951745	-0.461796	-125.962122	0.221992
7900.000004	-117.641595	-0.168677	-77.754908	0.473702	-119.715562	0.005897	-120.531896	-0.357378
8000.000004	-121.228376	-0.470789	-77.640239	0.266836	-117.642857	0.137393	-115.138197	-0.268233
8100.000004	-104.112809	0.148046	-66.128138	0.197120	-115.503409	0.225651	-116.589796	0.055447
8200.000004	-105.793781	-0.064926	-71.455576	-0.299199	-114.738704	0.016257	-124.359453	0.192782
8300.000004	-116.088235	-0.266903	-69.693457	-0.480066	-117.307052	0.340379	-126.169902	-0.005453
8400.000004	-127.305066	0.236953	-67.960545	-0.057881	-119.481014	-0.146642	-122.510808	-0.316903
8500.000004	-120.857619	0.009322	-69.265458	-0.058014	-115.386217	-0.383414	-116.226676	-0.271471
8600.000004	-114.781079	0.458928	-66.659515	-0.496469	-117.439953	-0.451793	-127.391541	-0.246580
8700.000004	-143.182254	-0.040010	-68.318552	-0.460431	-121.875335	0.250942	-117.724077	-0.055247
8800.000004	-114.877747	-0.363961	-76.719294	0.363418	-113.152500	-0.444506	-125.040892	-0.427304
8900.000005	-123.458726	-0.349694	-79.032919	0.308975	-123.582774	0.103519	-122.710438	0.396014
9000.000005	-128.594264	-0.283855	-78.876993	0.466294	-129.340581	-0.011196	-123.360174	-0.147642
9100.000005	-123.370075	0.222277	-67.067168	0.115702	-120.502515	-0.441926	-117.723347	0.024973
9200.000005	-112.896481	0.436538	-70.889318	0.490101	-113.430574	0.079515	-126.970266	-0.128580
9300.000005	-128.970341	-0.485377	-74.129437	0.026733	-114.336156	0.390561	-127.146800	0.032767
9400.000005	-129.791034	0.155140	-70.795287	0.420153	-119.743735	0.069819	-122.908296	0.161417
9500.000005	-128.972127	0.443806	-69.023491	-0.415452	-123.026912	0.334194	-139.117991	0.095261
9600.000005	-113.162420	0.299196	-76.682235	0.439336	-111.560008	0.393379	-122.479754	-0.143626
9700.000005	-117.672868	0.344844	-86.660636	0.206539	-118.136647	-0.429382	-115.011209	0.339630
9800.000005	-124.063159	0.126074	-86.550036	-0.448994	-131.571093	-0.039430	-122.743141	0.049848
9900.000005	-117.642984	0.003066	-75.013481	-0.308640	-119.077970	-0.294346	-117.825482	0.089699
10000.000005	-114.446150	-0.295672	-69.141499	-0.491839	-115.198242	-0.132132	-120.583682	-0.186549
10100.000005	-112.591000	-0.120203	-76.313766	0.044370	-120.268925	-0.327518	-118.834416	-0.192476
10200.000005	-110.895431	-0.306837	-77.110572	0.491420	-116.186545	-0.446365	-115.544485	-0.379816
10300.000005	-121.126766	-0.187005	-71.916229	-0.325649	-119.379328	0.471849	-114.127391	0.458315
10400.000005	-117.598109	-0.157500	-82.529293	0.116961	-116.929381	-0.135024	-122.126203	0.367330
10500.000005	-118.967895	0.069526	-69.727725	0.252985	-115.103186	0.361394	-115.976789	0.104314
10600.000005	-126.459993	0.356749	-76.296775	0.164328	-115.544127	-0.051506	-116.741935	0.298802
10700.000005	-115.051340	0.195687	-69.723983	0.265257	-117.604978	0.053505	-115.465548	0.028854
10800.000005	-113.361593	-0.319233	-76.053947	-0.237933	-117.652789	-0.114804	-121.435300	0.444080
10900.000006	-111.391404	-0.146337	-73.842940	0.174865	-117.894297	0.008981	-125.427000	-0.039748
11000.000006	-129.562653	0.123425	-72.106577	0.452784	-118.507867	-0.479744	-116.828258	-0.069169
11100.000006	-115.399273	-0.072308	-77.670235	0.328192	-116.786831	0.137239	-118.912997	-0.203427
11200.000006	-119.874384	0.336601	-86.153777	-0.072847	-135.457027	0.272409	-113.064092	0.060360
11300.000006	-132.403568	-0.276973	-75.243393	0.250657	-117.671930	-0.319521	-126.471127	0.387322
11400.000006	-119.884423	0.099246	-88.846227	0.282867	-123.081314	0.256436	-116.629636	-0.215743
11500.000006	-150.351430	-0.189074	-78.420055	0.259848	-127.900957	-0.410612	-115.116405	0.394209
11600.000006	-116.503563	0.437546	-80.326125	-0.279886	-119.527485	0.047470	-114.227598	-0.274181
11700.000006	-120.139489	0.358462	-73.729789	0.116359	-116.224126	-0.260738	-117.712473	-0.066259
11800.000006	-118.406424	-0.250813	-68.858013	-0.361590	-118.669507	0.285757	-129.504982	0.029334
11900.000006	-109.048238	0.261016	-76.232774	-0.427428	-129.596349	0.468826	-113.679616	0.435614
12000.000006	-118.514285	0.184575	-74.981393	0.156013	-117.478432	-0.346363	-113.657514	0.418253
12100.000006	-133.313368	-0.435500	-75.598377	-0.013680	-130.753057	0.166315	-111.980566	0.480815
12200.000006	-97.683770	-0.389693	-40.294944	0.386241	-117.210400	-0.428905	-112.188771	0.060537
12300.000006	-120.319568	-0.295693	-77.562732	-0.481439	-124.293773	0.412983	-122.545259	-0.301850
12400.000006	-123.360309	0.159900	-87.967872	0.337891	-111.388546	0.273532	-122.471740	-0.334411
12500.000006	-114.984573	0.157331	-70.440525	-0.164981	-110.583223	-0.057390	-117.695234	-0.334864
12600.000006	-116.822800	-0.358051	-78.915548	0.309223	-120.185164	-0.312041	-139.162015	0.030857
12700.000006	-113.850978	0.049113	-67.376590	0.473490	-122.901393	0.224750	-119.187423	0.398976
12800.000006	-110.711275	0.114032	-72.616863	-0.440096	-120.607773	-0.405254	-115.681642	0.465209
12900.000007	-114.736047	0.314495	-72.841457	-0.001222	-125.943427	-0.243391	-112.336574	-0.200360
13000.000007	-112.737492	0.305458	-73.079007	0.416250	-125.690721	0.450232	-116.082988	0.211993
13100.000007	-120.905529	0.104588	-92.204083	0.100201	-117.199447	-0.177439	-123.396213	0.309337
13200.000007	-112.366378	-0.120855	-72.463542	-0.057292	-112.170090	0.023815	-116.102980	-0.047966
13300.000007	-119.863294	-0.375940	-98.756898	-0.364047	-129.617986	-0.248657	-126.056695	-0.005127
13400.000007	-116.073259	-0.248261	-75.012250	0.268196	-112.389838	-0.031589	-109.956326	0.011800
13500.000007	-122.685922	-0.028098	-71.488355	0.375242	-123.707938	-0.271450	-109.633921	-0.458976
13600.000007	-114.185714	0.079620	-90.335947	-0.130819	-118.134488	-0.403390	-111.214186	0.038830
13700.000007	-124.811316	0.241822	-75.719866	0.327030	-121.332290	0.469540	-113.601741	0.389339
13800.000007	-121.614703	0.480232	-72.479957	0.246858	-127.912651	-0.398816	-114.471399	-0.353117
13900.000007	-112.938709	0.108770	-67.904520	-0.271998	-117.091669	-0.224350	-116.898030	0.497458
14000.000007	-116.211658	0.053391	-73.230403	-0.426009	-112.713212	-0.255269	-113.389405	-0.421073
14100.000007	-114.795816	-0.002823	-83.181667	-0.028425	-112.832015	-0.063247	-111.316107	0.077022
14200.000007	-110.461436	-0.298760	-90.474359	0.156148	-122.530476	-0.442429	-120.716169	-0.272142
14300.000007	-107.626749	0.278375	-75.241841	0.094786	-113.944969	0.384006	-113.399283	-0.239759
14400.000007	-122.252408	0.011909	-74.384862	0.325881	-118.106264	0.100046	-115.027912	-0.128178
14500.000007	-112.873709	0.273122	-75.520812	0.282713	-118.603153	0.368011	-128.861723	-0.352449
14600.000007	-118.565131	-0.461165	-80.508402	-0.244374	-119.038633	0.140748	-115.389458	-0.244724
14700.000007	-119.953949	-0.363015	-71.839129	0.423523	-121.503596	0.494458	-113.222978	0.149365
14800.000008	-128.024234	-0.208921	-75.135182	0.480160	-131.423552	-0.315837	-109.871970	0.357545
14900.000008	-122.938277	0.454481	-72.384866	-0.079081	-115.182700	-0.261476	-111.242947	0.043317
15000.000008	-128.833207	0.181656	-74.653631	1.251341E-5	-110.792587	-0.104781	-117.380046	-0.020896
15100.000008	-122.047427	-0.390027	-74.899225	-0.410982	-114.878146	-0.173958	-112.514762	-0.298666
15200.000008	-120.772590	-0.229088	-78.454977	-0.368970	-114.530863	0.197487	-112.786234	0.442923
15300.000008	-117.491190	0.431552	-71.132286	-0.444591	-121.189079	-0.016555	-120.765017	-0.245852
15400.000008	-113.484437	-0.215425	-77.678433	0.288360	-139.330098	0.099632	-119.766524	-0.109305
15500.000008	-110.773713	0.491225	-74.429009	-0.258351	-115.784251	-0.491627	-120.372518	-0.228640
15600.000008	-115.736496	0.091650	-71.078603	0.332321	-135.327417	-0.402624	-122.309133	-0.450662
15700.000008	-119.492911	-0.105631	-76.094713	-0.082253	-120.055210	-0.069260	-113.669391	0.028142
15800.000008	-117.068667	-0.430654	-81.312729	0.277210	-122.241658	0.450148	-113.265111	-0.032845
15900.000008	-115.587659	0.112691	-83.163348	-0.342242	-118.313544	0.455296	-113.856924	-0.436277
16000.000008	-112.480761	-0.337377	-83.236135	-0.411643	-119.100403	-0.354187	-127.016474	0.199283
16100.000008	-111.552053	0.411187	-78.331091	0.094726	-112.410151	0.184747	-121.872672	0.039135
16200.000008	-112.465287	0.492142	-70.429866	-0.332278	-124.868588	-0.013656	-138.676934	-0.218966
16300.000008	-110.037924	-0.383086	-74.418145	-0.380779	-113.609299	-0.276638	-127.998862	-0.414310
16400.000008	-115.104247	0.250990	-80.533882	0.025371	-121.148651	-0.169217	-117.562275	-0.358970
16500.000008	-111.938874	-0.147972	-81.874906	-0.137670	-110.500106	0.482894	-123.900902	-0.102762
16600.000008	-116.190114	-0.431200	-74.904713	-0.381605	-121.258684	-0.250195	-114.601094	0.345158
16700.000008	-125.017399	0.487893	-75.996553	-0.188465	-124.324855	-0.083853	-116.159037	-0.056293
16800.000009	-120.381073	-0.355748	-75.570300	-0.273750	-121.384340	-0.230451	-110.073399	-0.389271
16900.000009	-125.717592	0.019051	-78.004568	-0.168394	-115.844922	0.445753	-118.575739	0.182627
17000.000009	-121.859028	0.195488	-84.285441	-0.021138	-120.266942	-0.174918	-125.572164	-0.417924
17100.000009	-113.389901	-0.390859	-73.406294	0.451300	-109.486399	-0.414597	-116.555876	0.324402
17200.000009	-115.777422	0.134256	-77.833940	0.117370	-120.023624	-0.051317	-114.242327	-0.017932
17300.000009	-117.048263	-0.216655	-75.516973	-0.248972	-120.508955	0.131967	-122.923878	-0.179086
17400.000009	-115.901053	-0.218306	-90.995920	0.352445	-120.170858	0.236048	-114.650735	-0.150541
17500.000009	-116.989695	-0.008473	-82.036312	-0.435647	-119.936348	0.049769	-113.165742	-0.190118
17600.000009	-113.509643	0.037322	-82.354553	0.369073	-118.364135	-0.485277	-123.619019	0.251226
17700.000009	-117.427949	0.333165	-77.273174	-0.203959	-111.280503	0.264463	-108.398203	0.223156
17800.000009	-116.115079	-0.102553	-76.523131	0.243438	-120.070183	0.092253	-119.919779	-0.236487
17900.000009	-113.706465	-0.285591	-74.591638	0.127867	-119.809376	-0.287891	-120.198711	-0.440995
18000.000009	-120.813668	-0.003285	-84.006221	-0.080456	-117.543789	-0.431101	-115.094580	0.128340
18100.000009	-114.163542	-0.123909	-78.533582	0.147346	-114.994939	0.465770	-118.876187	0.398934
18200.000009	-112.713652	-0.323867	-80.943916	-0.248844	-108.082647	-0.310539	-121.195106	-0.495777
18300.000009	-86.231686	0.483952	-55.723614	-0.195563	-111.524689	0.056708	-120.493134	-0.166522
18400.000009	-111.122596	0.362897	-75.855243	0.451230	-111.108219	0.429244	-118.175764	0.382049
18500.000009	-126.726671	-0.268723	-72.841723	0.309771	-117.072700	0.268068	-114.908816	0.281294
18600.000009	-108.581234	0.082077	-71.081348	-0.268672	-124.233967	0.123095	-119.172951	-0.303962
18700.000009	-108.786242	-0.358886	-78.924756	0.041178	-122.890913	0.411455	-114.706214	-0.429590
18800.000010	-110.577151	-0.484612	-73.469325	-0.401016	-117.431935	-0.241958	-112.070663	-0.165651
18900.000010	-115.981834	0.320216	-77.686454	-0.038925	-114.399728	0.263736	-121.226726	0.205163
19000.000010	-119.456156	-0.180509	-92.634651	0.098002	-114.399215	-0.089839	-120.652709	-0.142717
19100.000010	-117.002860	0.195539	-83.374162	0.451691	-115.974572	0.241909	-113.274789	0.419570
19200.000010	-120.618736	0.225235	-77.305688	0.377313	-112.405611	-0.053157	-111.602089	-0.014177
19300.000010	-115.698647	-0.307670	-74.409347	-0.349274	-118.835009	2.815911E-5	-116.159695	-0.099853
19400.000010	-117.921018	-0.222996	-90.983203	-0.295270	-116.691042	0.419226	-116.652713	-0.354469
19500.000010	-117.612495	0.093609	-88.220705	0.237415	-126.024745	0.156268	-127.600087	0.071471
19600.000010	-114.074073	-0.009694	-80.410105	-0.232801	-112.765268	-0.027489	-117.081430	-0.287628
19700.000010	-119.559937	-0.269106	-81.147686	0.438844	-113.637209	0.043222	-110.055428	-0.201384
19800.000010	-117.343336	0.375890	-92.394438	0.459996	-115.607089	0.208218	-116.302212	0.360920
19900.000010	-110.155710	0.377165	-88.511950	0.499618	-119.209199	0.096027	-118.044529	0.417843
20000.000010	-134.492156	-0.203813	-79.126083	-0.177227	-112.556050	-0.175929	-118.703813	-0.230724
20100.000010	-115.093072	-0.387380	-80.792359	-0.484709	-116.501546	-0.288567	-118.947116	0.452978
20200.000010	-112.191267	0.120285	-75.484790	-0.108482	-132.488108	0.357444	-131.689338	-0.055238
20300.000010	-115.692323	0.169867	-87.630634	0.359356	-114.613537	0.377737	-111.998101	0.407964
20400.000010	-106.200132	0.107428	-82.225439	-0.467611	-115.107566	0.265652	-117.007026	-0.444537
20500.000010	-120.626678	-0.332034	-78.485772	-0.473961	-114.145742	-0.437421	-115.533215	-0.014182
20600.000010	-118.270245	0.352678	-79.404499	-0.454475	-116.535111	-0.030609	-122.428868	-0.265738
20700.000010	-118.233911	-0.419675	-81.681790	-0.005361	-113.846381	-0.198967	-115.675773	-0.312059
20800.000011	-112.592635	-0.123774	-86.896735	0.233551	-115.615751	-0.304216	-132.239147	-0.054276
20900.000011	-131.028000	-0.239221	-82.187867	-0.399387	-115.032943	0.310909	-115.060156	-0.239446
21000.000011	-125.558570	-0.120248	-77.311955	-0.405304	-116.444124	0.217940	-120.684737	0.308065
21100.000011	-116.447893	-0.416881	-77.468914	0.337069	-112.987061	0.273042	-114.001150	-0.379404
21200.000011	-113.502576	0.179220	-85.476714	0.341952	-121.662696	0.391685	-109.988112	-0.201846
21300.000011	-118.452459	0.112515	-77.608924	-0.455886	-116.313381	-0.446319	-113.059262	0.450242
21400.000011	-113.499061	-0.387739	-80.754564	0.181101	-115.477068	-0.471550	-124.169350	-0.170116
21500.000011	-111.295265	-0.350146	-76.023682	0.183231	-120.254274	0.155146	-112.019208	-0.114431
21600.000011	-115.158813	-0.413291	-79.362962	-0.162936	-113.801022	-0.285739	-123.371054	0.388618
21700.000011	-121.981615	0.314728	-78.954066	0.338434	-114.888836	0.487748	-120.002949	0.025368
21800.000011	-119.506133	-0.318456	-84.915003	0.314622	-112.635430	0.195361	-125.212493	0.446971
21900.000011	-123.635841	-0.102477	-82.969259	-0.471569	-118.954162	-0.442503	-119.819684	-0.459535
22000.000011	-119.935185	-0.149604	-70.570543	-0.339523	-117.497885	-0.292717	-114.810460	0.290419
22100.000011	-114.113523	0.480007	-78.238272	-0.018102	-118.014648	0.274636	-112.371581	0.414088
22200.000011	-116.620390	-0.158006	-86.191035	0.322030	-123.086005	-0.348153	-116.192065	-0.235792
22300.000011	-113.570848	-0.177101	-75.087513	0.095933	-113.371065	0.126661	-144.524456	-0.158141
22400.000011	-117.106985	-0.138014	-80.212559	0.326296	-128.214837	-0.229574	-121.696457	0.485906
22500.000011	-123.228886	0.426872	-81.118981	-0.153905	-111.664779	-0.009699	-113.910457	0.075015
22600.000011	-111.426157	-0.161373	-78.721951	0.238319	-118.425494	0.423650	-112.005525	-0.316825
22700.000012	-114.047768	0.076484	-85.223271	-0.092380	-114.522267	-0.270212	-116.933466	-0.079686
22800.000012	-114.919067	-0.487274	-77.027648	-0.384396	-119.217762	0.379893	-112.591233	-0.207982
22900.000012	-125.484997	-0.296622	-76.090208	0.131320	-114.173907	-0.344363	-107.916374	-0.206084
23000.000012	-127.033201	0.154609	-78.266594	-0.408829	-127.208496	-0.415578	-119.185893	0.491663
23100.000012	-126.789695	-0.312891	-84.742544	0.495163	-117.312864	0.097087	-113.875816	0.056154
23200.000012	-123.208405	-0.024769	-94.815353	-0.232875	-121.238515	0.272612	-113.819129	0.447593
23300.000012	-113.249124	-0.122864	-79.366574	0.212766	-122.117523	-0.130349	-113.552197	-0.145694
23400.000012	-128.657388	-0.331075	-80.751658	0.028400	-123.425374	0.102302	-112.741571	-0.486834
23500.000012	-124.549354	-0.067891	-75.921457	-0.138783	-114.964904	-0.094698	-121.305822	0.212006
23600.000012	-119.727347	-0.170889	-84.225761	0.033392	-119.613593	0.217565	-122.618819	0.175233
23700.000012	-112.208250	0.350857	-90.142913	-0.239965	-115.285541	0.073201	-119.728939	0.421811
23800.000012	-132.707285	0.229190	-80.056116	0.380708	-112.656252	0.359449	-118.492857	-0.057439
23900.000012	-115.409709	-0.412084	-87.158520	-0.442279	-110.376565	0.173635	-119.202067	-0.320523
24000.000012	-119.693603	-0.112765	-85.177074	-0.180513	-123.296480	-0.079075	-119.156330	-0.325361
24100.000012	-120.403677	0.073479	-78.359138	0.022826	-117.579466	-0.341988	-114.191660	-0.124206
24200.000012	-126.782149	-0.070376	-81.209643	-0.080915	-114.488892	0.431887	-124.797420	-0.362059
24300.000012	-108.197416	0.076269	-91.918976	0.314376	-113.956581	0.449951	-117.542469	0.015279
24400.000012	-99.454594	-0.182925	-89.682209	-0.078068	-116.449207	0.119855	-110.019994	-0.087804
24500.000012	-124.565294	0.354416	-83.585556	0.059051	-122.491476	0.315486	-127.135812	0.222712
24600.000012	-110.947620	0.495023	-84.623626	-0.222669	-113.634753	0.494871	-131.555119	0.330547
24700.000013	-114.150931	-0.488574	-77.515392	0.486969	-117.903685	-0.082111	-120.020613	0.013267
24800.000013	-114.272235	-0.034335	-75.695869	0.489284	-118.745859	0.021819	-123.584928	-0.186096
24900.000013	-120.095206	0.391571	-77.200745	-0.432910	-114.845732	0.431424	-113.670615	-0.120235
25000.000013	-121.963911	-0.384960	-81.339673	0.046297	-127.806953	-0.437944	-110.331101	0.311412
25100.000013	-113.003564	-0.117515	-86.579920	-0.264850	-120.746305	-0.003129	-126.391345	-0.251474
25200.000013	-114.930347	-0.255051	-89.708114	0.115557	-116.154679	0.199432	-116.342851	0.109905
25300.000013	-137.106358	-0.049445	-82.326263	0.281820	-122.920336	-0.000662	-123.507389	-0.118837
25400.000013	-122.962609	-0.316518	-89.660837	0.404302	-117.659123	-0.181346	-126.963246	-0.265187
25500.000013	-125.286067	-0.498374	-79.282690	0.498536	-111.696393	-0.172037	-112.560328	0.488770
25600.000013	-113.768547	-0.197133	-76.153500	0.097049	-117.194372	-0.226441	-115.005050	-0.122192
25700.000013	-126.875265	0.009061	-84.777443	0.145740	-113.969906	0.138958	-116.407616	-0.318656
25800.000013	-118.652623	0.448423	-79.426954	0.270002	-113.370169	-0.110124	-112.833085	-0.401979
25900.000013	-127.198575	0.406605	-90.600196	0.400374	-120.040375	-0.222154	-111.409255	-0.121557
26000.000013	-119.942705	0.219806	-76.682430	-0.098037	-121.418420	-0.201805	-119.211447	-0.494609
26100.000013	-115.560622	-0.456828	-78.167468	0.149388	-122.562082	0.461319	-120.929031	0.225134
26200.000013	-131.927540	0.233017	-90.746366	-0.466891	-117.707855	-0.358822	-107.481451	-0.459033
26300.000013	-120.694711	0.398092	-85.701215	0.434637	-121.231608	-0.421052	-115.222250	-0.475264
26400.000013	-109.414358	0.054640	-93.397887	-0.013668	-113.646302	-0.290534	-114.356488	0.082597
26500.000013	-114.215659	0.357923	-89.089463	0.491844	-123.632452	-0.045967	-125.649501	0.485877
26600.000013	-112.995074	0.318872	-81.460577	0.030135	-114.260842	0.230132	-113.348024	-0.436458
26700.000014	-108.980393	0.280016	-78.559870	-0.398956	-118.595661	0.338067	-114.486352	0.280130
26800.000014	-113.722186	-0.088353	-79.192269	-0.156579	-111.179591	-0.135096	-114.633416	0.029306
26900.000014	-109.963006	0.338740	-79.316883	0.350861	-118.527678	0.397942	-134.503933	-0.235205
27000.000014	-109.625765	-0.264022	-82.383651	-0.361676	-114.181435	-0.052193	-121.699231	0.055263
27100.000014	-123.245377	-0.346214	-82.243146	0.244295	-121.022954	0.215564	-117.942708	-0.443352
27200.000014	-114.788306	-0.130461	-95.896603	0.027110	-115.782167	-0.047126	-115.885935	0.083627
27300.000014	-115.458395	-0.112592	-77.628469	-0.202623	-111.317143	-0.139392	-113.135184	-0.142194
27400.000014	-120.782609	-0.188160	-97.286723	-0.103752	-123.597173	-0.330356	-113.658327	-0.209029
27500.000014	-121.407782	0.316394	-85.678978	-0.059668	-120.726906	-0.399303	-116.028354	0.149786
27600.000014	-115.809110	-0.261034	-80.551761	0.348412	-116.285740	-0.364106	-113.071549	-0.322245
27700.000014	-114.857682	-0.370614	-78.663157	0.023876	-121.458653	-0.060812	-117.392738	0.144384
27800.000014	-131.207333	0.296854	-90.065909	0.226007	-126.164200	-0.413849	-118.528090	0.226649
27900.000014	-110.780848	0.286319	-93.259033	-0.024885	-116.226005	0.438894	-127.964590	0.245015
28000.000014	-128.724390	-0.373963	-76.745261	-0.254682	-112.710302	-0.092176	-137.877115	0.149868
28100.000014	-111.101541	0.122011	-79.114706	0.138555	-115.802615	0.249913	-122.158876	-0.410471
28200.000014	-118.781979	-0.052894	-83.803652	0.143539	-120.790930	0.099327	-125.571830	0.345945
28300.000014	-112.731466	0.056099	-88.483861	0.415765	-119.329333	0.187802	-114.549355	0.052500
28400.000014	-113.278994	0.487445	-78.577941	0.485974	-122.979712	0.226498	-115.676613	0.110369
28500.000014	-104.088211	-0.281373	-80.800193	0.039933	-112.514671	0.376652	-128.733975	0.432822
28600.000014	-120.925077	-0.197542	-91.369580	0.046399	-114.402562	-0.323973	-119.824577	-0.237120
28700.000015	-122.618682	-0.179011	-92.224784	0.020752	-114.804950	0.147883	-113.545395	-0.217583
28800.000015	-121.116918	0.434615	-84.091926	0.008627	-118.563017	0.147172	-119.988946	-0.081052
28900.000015	-122.770228	0.108012	-94.039729	0.086504	-114.114267	-0.310755	-119.231993	0.270199
29000.000015	-110.806141	-0.328902	-97.754482	-0.398240	-118.078153	-0.022513	-114.282202	0.459986
29100.000015	-122.222672	-0.327093	-85.909084	-0.481775	-130.539775	0.199445	-111.066744	-0.306906
29200.000015	-110.866651	-0.037884	-79.747809	-0.090149	-110.918714	0.073994	-117.125682	-0.322051
29300.000015	-123.381333	0.497275	-87.421739	-0.291640	-124.617568	-0.072530	-115.829328	0.465278
29400.000015	-120.944521	0.359268	-86.591280	-0.487107	-129.139170	0.103287	-125.837013	-0.442562
29500.000015	-114.409313	0.043743	-77.015758	-0.045925	-120.429012	0.416955	-112.551958	-0.219138
29600.000015	-114.444714	0.217945	-92.102004	0.481013	-118.375472	0.496746	-112.456577	0.496681
29700.000015	-118.015553	0.148695	-105.590068	-0.382573	-113.081450	0.226306	-117.654632	0.024172
29800.000015	-120.199189	-0.405525	-85.749105	-0.149956	-115.011379	0.385373	-136.336864	0.298796
29900.000015	-119.800159	-0.005943	-91.491167	-0.462581	-118.713130	0.391807	-118.690969	-0.460489
30000.000015	-113.958128	-0.296332	-78.342692	-0.233002	-111.399141	-0.270900	-116.224314	-0.388907
