% f308.txt
% Date Thu, Jul 15, 2021 4:25 PM
% Sine seq
% Response spectrum
% Stim level (V pk) 0.500, 0 dB filter gain, 120.0 dB attenuation
% Stim RMS (V) 0.000
% Freq [Hz]	Ch0 Mag [dB]	Ch0 Phase [cyc]	Ch1 Mag [dB]	Ch1 Phase [cyc]	Ch2 Mag [dB]	Ch2 Phase [cyc]	Ch3 Mag [dB]	Ch3 Phase [cyc]
%%end
100.000000	-111.604099	-0.491943	-56.940537	-0.113329	-97.899881	-0.256469	-121.930891	-0.130878
200.000000	-122.154503	0.099076	-48.701024	-0.342357	-105.420733	-0.024534	-117.122169	0.397042
300.000000	-94.876058	0.037937	-47.462883	-0.209499	-104.629518	0.311157	-106.557674	0.317150
400.000000	-106.023563	-0.266713	-49.278580	0.113641	-105.495820	-0.495654	-128.548145	0.028689
500.000000	-116.924570	0.078614	-57.179238	0.240726	-110.966633	-0.226370	-134.088705	-0.244010
600.000000	-123.639653	-0.191493	-68.158536	0.136623	-112.521916	0.296426	-126.368257	0.463241
700.000000	-128.562597	-0.178588	-57.895063	0.163884	-110.234660	0.133601	-114.864956	0.465614
800.000000	-108.667984	-0.020568	-64.933736	0.302017	-107.179533	-0.459314	-121.452194	-0.174586
900.000000	-112.502788	-0.203419	-56.544711	-0.140165	-119.316893	-0.186026	-117.005325	0.352594
1000.000001	-118.904668	0.245739	-58.049722	0.101365	-112.899834	-0.197377	-123.310494	-0.030570
1100.000001	-131.843601	0.318828	-65.134188	-0.427090	-115.356134	0.140834	-124.020929	-0.234791
1200.000001	-128.485423	-0.321710	-66.315765	0.125237	-112.267954	-0.458775	-121.956297	0.010221
1300.000001	-113.730657	0.224336	-68.277069	-0.331025	-116.114552	0.249914	-126.096296	0.249533
1400.000001	-115.301362	0.145833	-57.146608	-0.122093	-118.978743	-0.288558	-147.169867	-0.247834
1500.000001	-126.962655	-0.191580	-58.727047	-0.209845	-124.315728	0.480470	-118.177845	0.094523
1600.000001	-128.236390	-0.112964	-64.813215	-0.442598	-128.202513	0.432333	-122.567531	0.437654
1700.000001	-125.533666	-0.465983	-64.762744	-0.394989	-112.975955	-0.184457	-118.065045	-0.466473
1800.000001	-117.864621	0.139957	-61.769653	0.477214	-118.484518	0.291448	-118.231614	-0.301836
1900.000001	-119.522650	-0.144019	-63.819686	-0.168737	-115.819342	-0.412076	-123.460850	0.270613
2000.000001	-119.666287	-0.121792	-79.275679	0.010845	-116.857887	0.477820	-127.370451	-0.209763
2100.000001	-116.214961	-0.079853	-72.350259	-0.149331	-120.467769	0.024526	-119.829889	-0.054082
2200.000001	-129.942018	0.395507	-73.190335	-0.112368	-113.522726	0.414888	-118.653327	0.484379
2300.000001	-119.359222	-0.231515	-64.244325	0.328887	-135.066194	0.499067	-124.322878	0.143270
2400.000001	-128.104292	0.033525	-62.845500	0.439939	-128.532647	-0.460574	-137.552149	-0.469855
2500.000001	-121.757647	-0.310413	-71.423857	0.206960	-125.524710	0.249588	-126.827507	0.355923
2600.000001	-129.974032	-0.348053	-62.945859	-0.465970	-122.129458	0.221793	-116.354864	-0.264310
2700.000001	-124.664628	0.419847	-71.669600	0.343938	-123.711644	0.268286	-120.920836	-0.362784
2800.000001	-132.635281	0.440033	-62.921847	-0.278364	-121.405685	0.061673	-127.560127	0.024587
2900.000001	-124.185435	-0.051081	-68.146217	0.068072	-115.155562	0.139660	-119.841696	0.270564
3000.000002	-118.915733	-0.098092	-65.798954	0.153056	-118.098735	0.164740	-123.266124	0.332713
3100.000002	-116.783055	-0.443731	-83.138413	-0.404396	-126.910014	0.379946	-124.617131	0.056942
3200.000002	-124.787569	0.251163	-70.811407	0.003241	-123.068342	-0.347751	-116.809772	0.350955
3300.000002	-121.365406	-0.060964	-72.597085	0.434244	-126.669059	0.427337	-122.700259	0.023697
3400.000002	-122.353030	0.230587	-69.653438	-0.019873	-126.600080	0.380776	-125.021112	-0.105799
3500.000002	-117.007199	0.256751	-73.895237	0.358940	-115.206058	-0.087016	-124.043681	0.374215
3600.000002	-119.135299	0.308676	-66.807440	0.074101	-128.132548	-0.279493	-127.740265	0.165837
3700.000002	-120.772548	0.007332	-78.742982	-0.098672	-127.952835	0.306980	-122.012573	-0.217242
3800.000002	-114.225809	0.277057	-75.398575	0.160677	-120.157703	0.086040	-122.541791	-0.349728
3900.000002	-115.676871	0.471602	-93.771087	0.125113	-138.566329	-0.165962	-119.638091	-0.381496
4000.000002	-121.083749	-0.330738	-68.410275	-0.365030	-120.765734	0.427147	-118.700229	0.020818
4100.000002	-116.515564	0.146424	-79.040219	-0.093140	-129.074443	-0.435548	-121.436523	0.428130
4200.000002	-117.278552	-0.289441	-72.693855	-0.366223	-125.642832	0.124089	-114.412499	-0.165472
4300.000002	-22.045545	-0.187773	4.548535	0.374455	-90.925767	0.369390	-104.833311	0.375622
4400.000002	-130.918605	-0.092089	-75.810505	-0.497119	-122.256425	0.036779	-125.287915	-0.263569
4500.000002	-119.352751	0.494971	-78.924909	0.092365	-125.752440	-0.472307	-122.580426	-0.481016
4600.000002	-122.465584	-0.375742	-64.618891	-0.488455	-128.847657	-0.349726	-113.113125	0.480989
4700.000002	-108.711918	-0.472554	-66.653397	0.314214	-129.063115	0.124562	-117.874937	-0.360320
4800.000002	-120.152749	-0.019629	-73.319239	0.146182	-127.183609	-0.384522	-116.819354	0.219919
4900.000002	-115.379539	0.327793	-70.649335	0.040807	-118.345362	0.372822	-131.112380	0.111744
5000.000003	-113.706853	-0.024106	-74.876281	0.476435	-124.181768	0.371442	-125.343821	-0.339675
5100.000003	-113.536653	0.401023	-71.144075	-0.032196	-119.094356	-0.382415	-125.579497	-0.382399
5200.000003	-117.864074	0.104790	-96.360953	0.185445	-125.222285	0.282784	-129.740405	-0.329850
5300.000003	-116.508909	-0.142782	-68.195591	0.002750	-117.761917	-0.281033	-125.180723	-0.380808
5400.000003	-118.513408	0.036238	-69.193782	-0.491676	-120.750559	-0.315031	-125.826846	-0.081528
5500.000003	-112.202042	0.471089	-69.288618	-0.073513	-121.154481	0.229278	-117.155347	0.461255
5600.000003	-119.253136	-0.428996	-69.224958	-0.155478	-123.499343	0.008380	-115.302279	-0.472281
5700.000003	-116.582766	0.493613	-76.121696	-0.100581	-121.022550	0.295683	-116.861770	-0.412154
5800.000003	-130.455998	-0.341269	-80.081116	-0.099325	-117.049147	-0.485323	-138.397732	-0.025453
5900.000003	-115.050564	-0.471502	-82.277495	0.376998	-120.136098	0.460075	-120.880700	0.357532
6000.000003	-120.909831	-0.341521	-70.592159	-0.293605	-119.218667	-0.277584	-118.885962	-0.331957
6100.000003	-119.247390	0.039852	-71.233769	0.185522	-126.868631	0.407414	-118.676315	0.108655
6200.000003	-126.478150	-0.057750	-71.162340	-0.264749	-122.062744	-0.102855	-124.258619	-0.180781
6300.000003	-124.335527	0.496997	-82.721366	-0.457927	-119.594790	0.332052	-118.574630	0.234647
6400.000003	-120.042380	-0.101137	-71.557593	0.486063	-124.686407	0.160811	-121.833477	0.112635
6500.000003	-116.602675	0.340442	-73.525808	-0.354904	-126.388044	0.428120	-128.138673	0.483502
6600.000003	-109.470501	0.343435	-92.805855	0.065991	-126.836293	0.404679	-120.493922	-0.069191
6700.000003	-124.287515	0.131587	-77.227362	-0.493692	-125.111821	-0.281130	-121.997425	0.410953
6800.000003	-126.737830	0.041676	-71.486977	-0.302204	-127.243845	0.345283	-120.363517	0.410391
6900.000003	-116.742787	0.291032	-78.611530	-0.301130	-119.475520	0.054335	-122.808760	-0.015818
7000.000004	-118.172896	-0.467588	-86.299346	-0.091507	-128.925082	-0.134613	-116.607360	-0.076840
7100.000004	-140.446101	0.215654	-91.428871	0.018152	-121.134169	-0.443930	-133.261551	0.008401
7200.000004	-128.315280	-0.498387	-73.163513	-0.207458	-121.996957	0.176870	-124.288877	-0.044206
7300.000004	-125.194251	-0.347796	-74.123560	-0.343672	-130.057412	-0.043955	-121.278045	0.400624
7400.000004	-122.271938	0.390934	-76.464859	-0.266337	-118.923632	-0.386425	-129.017623	0.328966
7500.000004	-123.121093	0.044951	-76.502627	0.349827	-127.216205	-0.291479	-129.491823	0.098554
7600.000004	-119.371084	0.121305	-76.963238	-0.213818	-122.394326	0.073040	-117.208385	-0.059484
7700.000004	-121.553432	-0.270550	-80.170140	-0.223938	-120.199416	0.135748	-117.057593	-0.088092
7800.000004	-120.644108	0.067725	-72.258211	0.487474	-119.616900	-0.294623	-125.152188	-0.085236
7900.000004	-118.271002	0.101386	-76.404296	0.474424	-118.675634	-0.248031	-120.949281	0.338690
8000.000004	-127.328653	-0.157204	-71.026992	-0.113224	-124.315702	-0.496672	-124.058997	-0.103976
8100.000004	-114.968698	0.185413	-83.495385	-0.467161	-125.614384	0.461113	-124.939620	0.392875
8200.000004	-126.384362	0.279411	-72.327103	-0.147757	-125.543504	-0.226419	-124.963939	0.103246
8300.000004	-126.495911	0.319158	-71.348184	0.301407	-122.564690	-0.085926	-117.369729	-0.426083
8400.000004	-121.412995	0.408433	-73.054413	0.067680	-118.661075	0.165594	-124.417425	-0.499795
8500.000004	-128.289154	0.139282	-78.391685	0.048487	-124.833852	0.413088	-127.681415	-0.076060
8600.000004	-95.151494	-0.375359	-52.422523	-0.480356	-118.844882	-0.143370	-128.253915	-0.188972
8700.000004	-123.863738	-0.141216	-75.232909	-0.349139	-121.594129	-0.082143	-126.636017	0.395917
8800.000004	-121.114986	0.149270	-70.489423	0.340127	-123.343835	0.063703	-126.120341	0.258276
8900.000005	-126.515894	-0.312172	-76.256874	-0.003796	-120.808544	0.115866	-125.715652	0.132926
9000.000005	-115.559425	-0.344649	-78.815207	-0.248772	-116.407172	-0.218712	-122.907444	-0.174189
9100.000005	-121.455144	0.170817	-77.489550	0.112558	-122.533876	-0.036219	-122.110269	0.234482
9200.000005	-115.932691	-0.397286	-69.910182	-0.254369	-122.800857	-0.034763	-125.628658	0.273430
9300.000005	-119.657175	0.262012	-76.267150	-0.142537	-115.857816	0.282344	-123.132153	-0.408340
9400.000005	-113.424912	0.227682	-75.553183	-0.161105	-119.355301	0.314666	-115.357426	0.421233
9500.000005	-129.310856	-0.158268	-90.345582	0.140218	-125.918303	0.018992	-120.754012	0.425784
9600.000005	-138.224658	0.333904	-76.234427	-0.194113	-114.476730	0.029399	-123.098087	0.422381
9700.000005	-124.126905	-0.383697	-75.605111	-0.001515	-123.477501	-0.180470	-121.278557	-0.071794
9800.000005	-126.979488	-0.406044	-76.674077	0.077053	-118.467162	-0.234922	-128.424763	0.476922
9900.000005	-114.719075	-0.099849	-75.722919	0.477979	-129.285787	-0.498512	-121.442090	0.167384
10000.000005	-114.729950	-0.011881	-71.666928	-0.360610	-118.727915	-0.152632	-122.252362	-0.115464
10100.000005	-116.900851	-0.200839	-78.073594	0.401661	-120.595244	-0.163207	-117.528097	-0.288728
10200.000005	-124.581827	0.400528	-86.195987	0.158811	-118.573740	0.373391	-118.116533	0.335879
10300.000005	-127.477366	-0.228476	-80.818771	-0.428476	-123.763255	-0.262647	-136.219990	-0.244692
10400.000005	-120.670990	0.128230	-75.019512	-0.220621	-123.963769	0.352677	-127.605365	0.426832
10500.000005	-114.787087	0.465909	-78.982809	0.077254	-115.268061	0.181272	-121.251229	-0.281357
10600.000005	-127.494045	0.238960	-82.496133	0.152748	-124.829932	-0.334330	-116.647161	0.304368
10700.000005	-119.716020	-0.201621	-87.191718	0.216814	-126.828732	-0.211784	-119.916798	0.097845
10800.000005	-119.082659	-0.156043	-80.708577	0.209486	-115.638563	-0.058526	-118.450616	0.101239
10900.000006	-127.317802	0.334195	-78.885585	0.046140	-118.565610	0.229687	-122.005055	0.246354
11000.000006	-124.003042	0.112416	-78.820577	0.288567	-118.837131	-0.400345	-124.658769	0.254298
11100.000006	-125.367018	0.111628	-73.460356	-0.075459	-130.766923	-0.025417	-120.967191	-0.372624
11200.000006	-118.158401	0.003166	-76.192907	0.099942	-122.376394	-0.398199	-128.703880	-0.243023
11300.000006	-116.277958	0.346178	-78.403577	0.083328	-115.571342	0.071056	-121.969124	-0.478070
11400.000006	-123.951241	-0.141383	-79.029230	0.046352	-125.106766	0.193816	-132.118849	0.407492
11500.000006	-123.024538	-0.372854	-77.375510	0.450751	-118.699045	-0.054702	-117.119486	-0.352082
11600.000006	-119.506329	-0.031199	-78.623869	-0.344821	-132.093713	0.135011	-133.184309	-0.396578
11700.000006	-130.243055	0.250426	-78.778846	-0.134387	-116.013402	-0.348060	-134.345912	0.038973
11800.000006	-114.675791	-0.210188	-72.928048	0.143112	-128.370526	0.353985	-123.080276	0.400182
11900.000006	-117.670064	-0.324343	-75.958573	-0.409099	-122.187758	-0.065389	-119.938775	0.295076
12000.000006	-114.970540	-0.046223	-83.895430	-0.056449	-122.683324	0.449267	-117.917341	0.385451
12100.000006	-122.483534	-0.489938	-70.727967	-0.036270	-118.469245	0.372483	-117.971668	-0.002245
12200.000006	-122.679881	0.297000	-81.030745	-0.402785	-125.668382	-0.484983	-119.597485	-0.069894
12300.000006	-115.384325	-0.009353	-71.642782	0.067255	-131.776259	-0.001722	-124.160505	0.266784
12400.000006	-116.909912	-0.180694	-77.430862	-0.350979	-118.591908	-0.457575	-119.867346	0.087033
12500.000006	-105.644495	0.186091	-104.662085	0.483173	-125.894737	-0.074360	-118.322601	-0.290910
12600.000006	-114.694663	-0.365617	-75.023027	-0.175307	-123.022496	-0.344355	-129.307115	0.439862
12700.000006	-118.608855	-0.136070	-75.354136	0.012229	-116.162488	-0.272987	-118.158264	-0.015636
12800.000006	-134.289970	0.226061	-93.183193	0.164359	-127.755464	-0.059483	-118.670466	0.279945
12900.000007	-86.188859	-0.469627	-54.936953	-0.036940	-120.543089	0.430963	-114.822415	-0.426807
13000.000007	-117.173432	-0.231679	-79.209146	0.148548	-117.585342	0.242450	-118.464052	0.495393
13100.000007	-125.415918	0.355265	-79.053640	-0.096637	-121.775421	-0.166848	-117.676688	-0.296257
13200.000007	-120.755314	-0.205664	-83.475499	-0.429636	-115.359526	-0.313607	-119.125487	0.264437
13300.000007	-113.985341	0.093629	-81.318552	0.437599	-126.216523	-0.035215	-114.445390	0.151893
13400.000007	-125.178985	-0.339074	-74.606812	0.455432	-117.968953	-0.259805	-117.718997	0.005232
13500.000007	-124.690049	-0.049816	-87.401959	0.440898	-115.735978	-0.082954	-109.295133	0.109557
13600.000007	-121.310397	-0.011095	-82.801451	0.115634	-118.296256	0.466688	-115.194257	0.011963
13700.000007	-117.905439	0.358257	-74.736176	-0.059333	-130.719048	0.444174	-117.032979	-0.177248
13800.000007	-116.187845	0.318481	-80.171915	-0.220743	-120.477434	-0.432684	-133.040009	-0.362719
13900.000007	-117.857691	0.292169	-80.187667	0.233072	-118.244316	-0.412239	-116.908649	-0.463016
14000.000007	-114.529999	0.381098	-78.018054	0.393415	-127.399882	0.080403	-116.237402	0.229655
14100.000007	-117.418126	-0.480869	-78.625281	-0.357466	-117.766724	-0.324631	-120.631092	0.497772
14200.000007	-117.670617	-0.468316	-74.860790	0.073266	-115.175779	0.460490	-124.320985	0.283714
14300.000007	-118.328824	-0.424073	-86.308298	0.388645	-122.177817	0.011311	-114.305920	0.450080
14400.000007	-122.428578	0.136325	-82.551450	-0.392467	-123.388377	-0.029572	-114.433771	0.359658
14500.000007	-139.955213	0.209913	-79.020722	0.242456	-132.233137	-0.393566	-125.363965	0.206455
14600.000007	-134.505528	-0.171604	-74.982189	0.317706	-127.059522	-0.310238	-119.305050	-0.322572
14700.000007	-120.781738	0.153809	-86.218113	0.123167	-121.638711	0.422638	-115.865951	0.358809
14800.000008	-124.597517	0.015971	-78.119382	0.335926	-117.235338	0.280498	-115.653164	0.485934
14900.000008	-120.314505	-0.120942	-82.572840	0.475555	-115.300708	-0.273487	-118.618854	-0.232291
15000.000008	-126.694059	-0.317712	-75.674501	0.003963	-115.268493	-0.300694	-119.885764	0.069751
15100.000008	-121.804132	-0.356343	-77.971437	-0.020071	-128.534822	-0.241141	-116.853643	-0.410926
15200.000008	-120.452599	0.404875	-76.154973	0.094335	-119.192223	0.492904	-116.901796	-0.275358
15300.000008	-116.780634	0.386276	-79.285318	-0.411567	-118.018909	-0.397472	-122.748331	-0.063960
15400.000008	-117.491509	0.411761	-70.943980	0.198020	-115.754735	0.345053	-116.026647	0.334826
15500.000008	-116.557117	-0.042076	-75.484821	-0.368409	-124.354061	0.188861	-121.965329	0.350664
15600.000008	-134.776055	0.399233	-92.556655	-0.474887	-123.959536	-0.430734	-121.078521	0.247882
15700.000008	-128.014499	0.395119	-80.883436	0.001413	-129.593190	0.365965	-138.639719	0.346815
15800.000008	-123.168381	0.283540	-72.844506	-0.323511	-117.892804	0.013887	-126.952847	0.459158
15900.000008	-124.418446	-0.479682	-77.459179	-0.267297	-112.529986	-0.211087	-128.185369	-0.381306
16000.000008	-115.986278	0.487778	-76.421649	-0.470176	-128.028943	-0.259474	-125.932880	-0.293286
16100.000008	-113.978940	0.296749	-80.438261	-0.357273	-139.398727	-0.230850	-116.019467	0.031741
16200.000008	-123.904476	-0.166016	-77.917243	0.208772	-118.187830	0.248753	-118.682203	0.060373
16300.000008	-122.924318	-0.203285	-77.416143	0.454005	-121.458978	0.403583	-119.918974	-0.067942
16400.000008	-112.780993	-0.327322	-80.120078	-0.326902	-122.152249	-0.458419	-123.527143	0.008233
16500.000008	-120.538071	-0.457927	-78.505217	0.423684	-120.143004	-0.247582	-121.719655	0.426787
16600.000008	-129.521141	0.248553	-73.807927	-0.188275	-132.135941	0.181331	-122.647268	-0.168285
16700.000008	-118.230646	0.292908	-80.709446	-0.248907	-132.436456	0.352378	-134.566632	-0.385331
16800.000009	-104.255948	0.031089	-76.725424	-0.154946	-114.504545	0.061429	-124.628657	0.444918
16900.000009	-119.616652	-0.169176	-80.753245	0.052192	-117.944989	-0.423357	-126.625120	0.251821
17000.000009	-115.649508	-0.033129	-88.153209	-0.404944	-125.486513	-0.445176	-119.720128	0.002963
17100.000009	-120.366748	0.174418	-79.007424	-0.031196	-117.176403	0.074896	-123.211162	-0.007193
17200.000009	-114.368239	-0.309390	-75.717235	0.076709	-111.813155	-0.099522	-119.340586	0.275881
17300.000009	-113.408612	-0.427170	-90.947786	-0.324683	-118.654395	0.398219	-124.216345	0.215670
17400.000009	-117.131352	0.295566	-80.019374	-0.282618	-114.835107	0.450764	-126.360065	-0.299639
17500.000009	-121.525338	-0.446024	-91.179461	-0.276843	-111.530014	-0.037932	-113.942673	-0.417329
17600.000009	-108.975453	-0.471142	-76.448158	0.093735	-122.298869	0.245273	-113.599151	-0.158259
17700.000009	-126.658573	0.347846	-85.563583	-0.156271	-131.212509	0.370449	-122.540184	-0.006103
17800.000009	-127.122244	0.104055	-76.837787	0.470195	-116.677042	0.137910	-116.334507	0.225771
17900.000009	-109.686634	0.397588	-80.630710	-0.414044	-131.044567	0.063071	-119.109042	0.262011
18000.000009	-120.354627	-0.203998	-86.487489	-0.198565	-128.340126	0.443394	-116.656647	-0.481893
18100.000009	-121.175281	0.366867	-85.373579	0.469743	-118.374262	-0.018350	-138.270455	0.072280
18200.000009	-132.583136	-0.319879	-84.605233	0.204670	-124.175720	-0.036216	-121.660457	-0.066637
18300.000009	-113.094816	0.100431	-86.495940	0.457473	-118.024668	-0.093165	-123.159488	0.364168
18400.000009	-116.266382	0.446860	-84.997301	0.017773	-116.605381	0.403873	-127.346158	0.053733
18500.000009	-112.653900	-0.451118	-75.229080	-0.280581	-118.139871	-0.121924	-120.481950	-0.389577
18600.000009	-116.192512	0.343015	-76.149064	0.005770	-119.135126	0.229264	-112.135353	0.366185
18700.000009	-123.855805	0.289444	-76.033627	-0.114968	-116.718252	0.360394	-114.821810	0.298268
18800.000010	-122.049693	-0.472891	-87.050959	0.332081	-118.562661	0.009191	-122.632222	0.343033
18900.000010	-135.852313	0.198881	-85.022466	0.117493	-123.420368	0.267683	-129.329526	-0.332192
19000.000010	-126.106966	-0.363013	-75.029716	-0.339216	-112.276332	-0.303945	-116.741475	0.281345
19100.000010	-122.777728	0.231722	-84.736966	0.410269	-114.966683	0.146009	-130.831599	0.021712
19200.000010	-128.576670	0.489056	-92.029198	0.207344	-117.661177	-0.131444	-114.852809	0.173285
19300.000010	-119.707899	0.392746	-76.909062	-0.361462	-131.139634	0.451355	-116.741667	0.424646
19400.000010	-114.116343	0.272430	-79.174184	-0.075816	-124.954090	-0.184140	-117.189769	-0.357339
19500.000010	-116.487388	0.399712	-78.431255	-0.099917	-133.499076	0.179430	-128.086274	0.256570
19600.000010	-114.857554	0.177516	-79.703270	-0.142973	-123.732735	0.068087	-112.091175	-0.453742
19700.000010	-117.304207	-0.414192	-82.854293	0.324023	-118.188657	-0.232477	-122.029966	-0.161046
19800.000010	-136.588059	-0.338244	-87.336692	0.445539	-119.342467	-0.266966	-123.350863	-0.344109
19900.000010	-115.912491	-0.395519	-82.278362	0.335124	-127.353464	-0.276205	-122.486557	0.029627
20000.000010	-116.565239	-0.204578	-86.994379	0.194023	-126.869104	-0.348661	-117.730314	0.194677
20100.000010	-120.281071	-0.095335	-84.167173	-0.396205	-122.082047	-0.083669	-128.666861	0.395683
20200.000010	-122.359665	-0.095628	-88.304048	0.058452	-124.304532	0.191176	-122.948272	-0.430076
20300.000010	-118.773582	0.327818	-84.785135	-0.483500	-119.314207	-0.400022	-115.180147	0.246091
20400.000010	-125.456357	0.415953	-80.249336	0.050712	-128.184794	0.134496	-117.644962	0.182544
20500.000010	-116.876547	0.303879	-80.355659	-0.186892	-133.528982	0.393087	-120.497420	-0.106245
20600.000010	-115.982600	-0.176657	-87.013737	0.032168	-137.824969	0.343720	-116.643130	-0.325755
20700.000010	-124.318441	-0.420865	-77.855918	-0.136628	-124.437826	-0.194721	-118.509055	0.480459
20800.000011	-131.118164	-0.351691	-84.684266	-0.446239	-131.257350	0.222034	-129.534190	-0.153383
20900.000011	-122.414409	0.117383	-85.080442	0.145024	-127.222561	0.101209	-121.114715	0.418192
21000.000011	-120.332264	0.195535	-79.796254	-0.032657	-125.589955	0.398284	-120.410551	0.197626
21100.000011	-108.001269	0.332098	-86.156854	0.150682	-131.917555	-0.017267	-118.733097	0.047213
21200.000011	-112.624814	-0.281799	-80.617043	0.218650	-122.596944	-0.489677	-115.422846	-0.254177
21300.000011	-118.479056	-0.306539	-87.850098	-0.455770	-123.625782	0.267553	-127.703819	0.070569
21400.000011	-115.962047	-0.451675	-85.364863	-0.318112	-115.273931	0.221048	-116.414379	0.084108
21500.000011	-108.696621	-0.107885	-79.792712	0.117231	-118.779579	-0.380781	-123.981119	-0.308794
21600.000011	-118.456562	-0.347894	-79.526305	0.047151	-119.330305	0.482220	-115.048828	-0.265909
21700.000011	-121.511691	-0.189242	-83.781229	-0.235765	-116.318605	-0.033941	-129.681106	-0.399637
21800.000011	-116.587769	0.486039	-79.806168	0.485631	-116.822956	-0.187098	-113.809822	-0.011735
21900.000011	-105.461071	0.272958	-84.622941	-0.172313	-121.846573	0.336781	-121.038437	0.241696
22000.000011	-119.186333	-0.092042	-82.139452	-0.275573	-124.764825	-0.416621	-118.503260	-0.430903
22100.000011	-117.355052	0.479496	-97.150656	-0.007008	-116.582453	0.443589	-117.689648	-0.407539
22200.000011	-118.317348	0.404430	-87.577793	0.409666	-127.829628	0.292179	-122.022164	-0.499349
22300.000011	-118.596514	0.251908	-80.863329	-0.302534	-126.418941	0.151993	-121.379617	-0.419177
22400.000011	-122.456541	-0.277558	-85.823356	0.452355	-113.516052	-0.289913	-118.807457	0.193985
22500.000011	-125.140758	0.008530	-86.314316	0.248187	-125.067668	-0.070079	-123.824399	-0.386460
22600.000011	-126.113457	-0.154093	-96.263528	0.295930	-120.641430	-0.195321	-122.068136	0.092099
22700.000012	-114.021457	0.332485	-91.202292	0.052363	-118.916516	-0.361531	-125.350259	-0.358147
22800.000012	-122.797841	-0.285953	-84.093631	0.452491	-115.110521	-0.307852	-118.818610	-0.424553
22900.000012	-113.800218	-0.279086	-78.626026	0.421970	-124.324089	0.319544	-113.622937	-0.353982
23000.000012	-114.644167	-0.055681	-79.713983	-0.292512	-119.402049	0.082497	-116.247054	0.171488
23100.000012	-116.330091	-0.170213	-77.308145	-0.086181	-127.104913	-0.368821	-115.152793	-0.186624
23200.000012	-116.638833	0.497202	-85.951713	0.412535	-127.615342	0.273422	-119.542888	0.336826
23300.000012	-120.090008	0.252782	-78.174711	0.209137	-115.187128	0.263942	-126.148025	-0.064823
23400.000012	-116.758628	0.036042	-91.215536	-0.183776	-117.306409	0.173913	-119.475410	-0.325353
23500.000012	-114.609089	0.145661	-85.473419	-0.198799	-121.905596	-0.377989	-119.679800	-0.459202
23600.000012	-118.114271	0.091860	-88.067862	-0.000204	-116.931241	-0.383164	-118.472368	-0.435631
23700.000012	-115.649397	-0.181384	-86.573050	-0.461520	-124.211704	-0.073030	-124.295661	0.335146
23800.000012	-129.664050	-0.285857	-83.006788	0.267253	-119.028620	0.421400	-121.293049	0.032770
23900.000012	-122.189101	-0.066120	-88.915942	0.386473	-116.151633	-0.308229	-117.111204	0.033692
24000.000012	-110.726564	0.365666	-82.305230	0.016750	-114.397039	0.119051	-111.137801	0.165996
24100.000012	-123.600204	0.497696	-102.329914	-0.338837	-116.660073	0.433495	-126.358333	-0.090672
24200.000012	-118.541437	-0.192034	-83.742326	-0.178073	-137.039601	-0.028992	-117.779685	-0.043416
24300.000012	-117.379389	0.028649	-89.429015	-0.403443	-119.583093	-0.227972	-133.944681	0.181457
24400.000012	-120.608215	-0.150494	-89.728238	-0.491752	-123.801971	-0.231082	-118.217304	0.350461
24500.000012	-118.942827	-0.107222	-83.936760	-0.472736	-117.251229	0.464008	-128.006648	-0.086823
24600.000012	-115.676720	-0.403312	-81.865359	-0.373183	-117.066000	0.426214	-117.077602	-0.202511
24700.000013	-129.901374	-0.405366	-89.000061	-0.191032	-121.143876	-0.213099	-111.871113	0.030169
24800.000013	-127.400208	-0.457409	-77.501557	0.155438	-118.596586	0.078361	-116.208816	-0.123768
24900.000013	-122.549990	0.463597	-81.386748	-0.273516	-117.785608	-0.362763	-122.469096	-0.221328
25000.000013	-110.235565	-0.080184	-88.156724	-0.053015	-118.785720	0.474900	-126.842349	-0.290984
25100.000013	-116.815457	-0.441900	-82.781924	-0.128551	-126.205499	0.221613	-120.502639	0.288805
25200.000013	-120.803986	0.108953	-82.525490	-0.051366	-124.394497	0.424391	-118.373666	0.401519
25300.000013	-116.223446	-0.160689	-86.559989	-0.191581	-111.183363	-0.248968	-127.451472	-0.192878
25400.000013	-108.543137	0.123131	-91.237887	-0.494677	-121.471468	0.401377	-122.607751	0.143922
25500.000013	-126.471547	0.165108	-80.711503	-0.332729	-115.527241	0.419737	-119.053083	0.435202
25600.000013	-126.304831	0.147723	-77.501880	0.309159	-129.530029	-0.133782	-117.791744	0.144033
25700.000013	-121.549891	-0.450849	-81.686590	-0.347404	-120.242438	-0.153915	-122.204942	0.214745
25800.000013	-108.467088	-0.057222	-79.846677	0.263893	-116.953758	0.196284	-115.706750	0.032337
25900.000013	-122.219487	-0.236636	-86.186021	0.293228	-117.962582	-0.327909	-123.727509	0.226728
26000.000013	-128.109926	0.303008	-80.381862	0.451563	-116.176356	0.317893	-119.663323	0.223995
26100.000013	-115.371026	0.201066	-81.721554	0.131405	-121.332799	0.357634	-119.293402	0.351662
26200.000013	-105.465750	-0.420284	-88.550375	0.493364	-117.788669	0.055350	-130.135149	0.369358
26300.000013	-119.356344	0.354902	-80.593212	-0.347695	-117.646034	-0.318034	-125.557984	-0.470703
26400.000013	-127.756789	-0.203952	-111.150602	0.235242	-119.668205	0.480865	-127.956878	0.256620
26500.000013	-116.658212	-0.443436	-81.707137	0.314737	-131.682645	0.391730	-123.345035	-0.226737
26600.000013	-123.904456	0.045640	-94.136410	-0.311834	-118.714225	-0.201700	-143.790982	0.246619
26700.000014	-114.759710	-0.181397	-83.482949	0.149446	-126.701566	-0.455467	-124.590165	0.252542
26800.000014	-128.072367	0.487458	-85.806105	-0.435264	-113.806827	0.470927	-124.453633	-0.310713
26900.000014	-115.131647	-0.048416	-81.759067	-0.023327	-121.829238	-0.125444	-119.947511	0.361421
27000.000014	-116.056615	-0.429213	-88.400000	0.473423	-118.360443	0.314115	-116.619251	0.368309
27100.000014	-119.213782	0.251616	-91.013486	0.365150	-118.140497	0.268977	-115.899403	0.419464
27200.000014	-122.042471	-0.005987	-84.749576	0.258008	-124.247147	-0.406924	-119.693071	-0.288437
27300.000014	-127.431943	-0.364873	-84.681347	0.451383	-114.543427	0.227492	-117.689917	-0.146206
27400.000014	-114.979952	-0.116734	-82.680716	0.108752	-112.853364	0.483372	-123.071309	0.360153
27500.000014	-128.360322	0.082729	-82.670754	-0.128019	-121.711484	0.482375	-124.735642	-0.392639
27600.000014	-116.375611	0.439018	-87.946218	-0.109152	-127.189809	-0.040310	-124.201519	0.446767
27700.000014	-124.510279	0.345557	-85.944732	-0.458108	-123.442224	-0.472197	-121.241985	0.302857
27800.000014	-119.630237	0.070060	-95.837980	-0.174835	-128.777501	0.084812	-121.289828	-0.166909
27900.000014	-122.443712	0.150507	-80.788499	-0.224409	-122.254664	0.280922	-116.117597	-0.379579
28000.000014	-122.082492	-0.436664	-90.327387	-0.459246	-117.730276	-0.488329	-126.665022	-0.162720
28100.000014	-113.457921	-0.027182	-84.956021	-0.224257	-115.406043	0.072564	-116.702142	0.158151
28200.000014	-115.260949	-0.416917	-89.403377	-0.098416	-116.097116	0.292315	-117.288872	0.352623
28300.000014	-122.558048	0.114805	-86.974288	0.325935	-115.418441	-0.390876	-119.002790	0.340590
28400.000014	-117.333484	0.410147	-90.534648	-0.060361	-113.310747	0.198847	-128.968344	0.201184
28500.000014	-132.632648	0.384217	-78.241721	-0.218151	-122.511484	-0.004706	-117.056194	0.371251
28600.000014	-131.243486	0.073049	-84.736966	0.360772	-116.692992	-0.059230	-120.942876	0.466536
28700.000015	-124.261754	-0.385066	-82.257739	0.108812	-129.528412	-0.267264	-124.235685	-0.355917
28800.000015	-120.578806	0.320710	-83.452360	-0.145704	-133.547867	0.463337	-120.914501	-0.372436
28900.000015	-115.818387	0.063869	-86.754084	0.151845	-118.359385	0.113368	-115.369855	0.102980
29000.000015	-124.600906	-0.460965	-88.818200	-0.048481	-127.357913	-0.350106	-119.828237	-0.467865
29100.000015	-115.649704	0.452878	-89.650940	-0.103736	-121.616928	-0.380875	-136.604221	-0.401785
29200.000015	-137.967100	-0.497755	-95.881185	0.453434	-122.430421	-0.082011	-141.223269	0.424951
29300.000015	-112.295593	-0.332985	-91.250545	0.314747	-120.692132	-0.304570	-118.374394	0.216845
29400.000015	-115.883455	0.202414	-82.166798	0.000138	-120.466209	-0.328845	-119.849627	-0.187916
29500.000015	-116.086171	-0.444066	-87.223151	0.446427	-121.038447	-0.487775	-115.405540	0.134996
29600.000015	-123.316331	-0.184661	-91.091932	-0.303610	-127.338888	-0.116392	-121.509764	-0.123681
29700.000015	-109.501433	-0.045274	-81.239637	-0.399971	-128.953083	0.015180	-130.925759	0.331647
29800.000015	-117.912713	-0.222866	-79.332446	-0.336670	-121.255100	0.431317	-125.322774	-0.177793
29900.000015	-129.144446	-0.187699	-98.357714	0.443394	-124.682067	0.364852	-122.618701	-0.120438
30000.000015	-113.207422	-0.427321	-93.385376	0.282541	-114.892682	-0.282009	-114.017821	-0.357074
