% f386.txt
% Date Thu, Jul 15, 2021 4:30 PM
% Sine seq
% Response spectrum
% Stim level (V pk) 0.500, 0 dB filter gain, 120.0 dB attenuation
% Stim RMS (V) 0.000
% Freq [Hz]	Ch0 Mag [dB]	Ch0 Phase [cyc]	Ch1 Mag [dB]	Ch1 Phase [cyc]	Ch2 Mag [dB]	Ch2 Phase [cyc]	Ch3 Mag [dB]	Ch3 Phase [cyc]
%%end
100.000000	-118.612808	-0.358459	-50.633840	0.352967	-99.900007	0.373269	-111.771894	0.180828
200.000000	-110.404889	0.002352	-55.214649	-0.448916	-101.823753	0.422014	-111.687116	0.194943
300.000000	-99.272412	-0.238203	-59.168209	-0.130541	-100.291996	0.090834	-110.079881	0.136317
400.000000	-111.991852	0.470169	-52.486509	0.055214	-105.648203	0.368624	-115.590640	0.223071
500.000000	-113.977755	0.070462	-52.518417	0.417239	-110.783405	-0.234352	-113.772574	0.243329
600.000000	-118.247511	-0.120248	-52.964827	0.260407	-118.853159	0.173320	-121.672501	-0.261237
700.000000	-117.412047	-0.221319	-51.392360	-0.383730	-125.288006	-0.308483	-118.009338	-0.163413
800.000000	-110.954537	-0.398123	-54.607649	0.304628	-117.883982	-0.387181	-120.075014	0.273434
900.000000	-112.770531	0.168202	-51.684483	-0.262016	-114.865146	-0.464534	-114.416281	-0.231159
1000.000001	-119.349653	0.113139	-51.846563	0.229135	-115.150031	0.317397	-114.746853	-0.309648
1100.000001	-113.066756	-0.219814	-59.627311	0.076681	-111.448323	0.428193	-127.007498	-0.120280
1200.000001	-117.550176	-0.448205	-53.818600	0.356598	-115.660926	-0.103167	-115.334766	0.495047
1300.000001	-123.428717	0.476205	-59.969775	-0.476038	-122.194253	-0.201546	-116.511900	0.082819
1400.000001	-109.075142	-0.146153	-57.521940	-0.223597	-117.586685	-0.457447	-122.435599	-0.441816
1500.000001	-116.802231	0.407793	-63.394392	0.460438	-116.738836	-0.402006	-119.842932	0.262243
1600.000001	-120.366022	-0.443583	-68.727161	0.258793	-118.855128	0.112929	-121.740251	0.438875
1700.000001	-122.143321	0.024334	-58.081776	-0.146399	-121.670924	0.302746	-121.174709	-0.036108
1800.000001	-117.457614	0.179346	-62.157155	0.310085	-121.857882	-0.493489	-117.702286	-0.411852
1900.000001	-118.030049	0.093308	-60.485649	-0.490423	-115.821246	-0.385975	-120.123461	0.185775
2000.000001	-116.376239	0.037322	-67.900342	-0.302205	-113.607939	-0.066547	-118.975187	-0.165029
2100.000001	-113.915265	0.432111	-66.411302	0.047976	-119.238487	0.495835	-122.517829	-0.161034
2200.000001	-112.472001	-0.486483	-58.410561	-0.310448	-118.385984	0.257972	-111.985780	0.343885
2300.000001	-124.043346	0.106544	-65.912980	0.159083	-118.530667	-0.177034	-119.115327	-0.084254
2400.000001	-134.831666	-0.428967	-64.571858	0.347293	-117.928101	0.372267	-117.089717	-0.436299
2500.000001	-119.532145	0.124182	-73.734501	-0.199029	-118.048818	0.123832	-110.958854	0.189269
2600.000001	-128.841907	-0.238432	-72.632796	-0.079942	-116.209089	-0.262567	-116.448075	-0.298347
2700.000001	-124.327761	-0.449057	-64.209863	0.261269	-123.122005	-0.452808	-144.914638	0.264826
2800.000001	-120.009748	0.098960	-63.316772	0.102017	-125.358911	-0.430112	-120.645653	0.413949
2900.000001	-114.436957	0.170597	-71.366757	0.139572	-127.544344	-0.431195	-118.200564	0.193862
3000.000002	-118.405064	0.439567	-73.941587	-0.182259	-118.302777	0.352514	-114.451146	0.421756
3100.000002	-129.848789	0.253485	-70.164053	-0.468973	-114.358761	-0.028230	-130.646386	-0.114713
3200.000002	-121.631631	0.024203	-67.271249	0.099118	-116.626289	-0.139427	-112.434625	-0.105992
3300.000002	-117.006592	0.440255	-67.326968	-0.397970	-121.739797	0.265831	-128.156170	-0.279971
3400.000002	-118.308888	0.161632	-64.772580	0.372823	-117.086639	0.085791	-116.020720	0.087114
3500.000002	-145.130924	-0.158589	-70.402078	-0.445236	-117.090815	0.150670	-127.279035	0.294659
3600.000002	-120.214315	-0.105663	-61.250055	-0.278610	-122.512837	0.481727	-118.836264	-0.457741
3700.000002	-118.968463	0.247229	-84.247898	0.141670	-120.992350	-0.475860	-118.172229	0.487486
3800.000002	-121.270508	0.149151	-63.173667	-0.220474	-115.496508	0.252725	-118.449918	-0.420312
3900.000002	-124.912972	0.373800	-69.818491	0.093217	-122.582687	0.380100	-112.541427	0.138774
4000.000002	-113.597875	-0.292780	-63.047886	0.278647	-122.640476	0.484057	-123.900313	-0.074612
4100.000002	-116.828632	-0.399356	-67.420689	0.402384	-112.147562	-0.005604	-118.761038	0.094017
4200.000002	-114.937933	-0.413826	-69.831847	0.054580	-109.119678	0.418371	-111.805381	0.145224
4300.000002	-122.477572	0.415188	-69.481403	-0.246366	-112.525079	-0.477950	-126.570138	-0.461105
4400.000002	-118.142561	-0.227864	-71.526498	-0.150368	-116.878517	0.094279	-115.994934	-0.247738
4500.000002	-133.122929	-0.318639	-68.442319	0.297847	-115.996978	-0.180380	-123.613160	0.275979
4600.000002	-124.058007	-0.137092	-82.519685	0.027233	-119.030787	-0.164444	-111.891326	0.077128
4700.000002	-124.088890	0.109214	-70.443449	-0.361898	-123.341816	0.270791	-113.838410	0.072002
4800.000002	-118.155332	-0.029438	-81.448140	0.311922	-118.803068	0.287976	-111.996908	-0.463592
4900.000002	-130.489583	-0.295263	-68.671056	0.372848	-115.358084	0.295403	-117.506035	-0.479726
5000.000003	-121.146524	0.459824	-69.238240	-0.242410	-119.141640	-0.312062	-118.058957	0.039423
5100.000003	-116.564692	-0.098820	-71.044542	0.131227	-117.175304	-0.343656	-114.147535	0.146711
5200.000003	-121.650676	-0.175022	-67.380163	-0.485499	-118.736661	0.484651	-122.630853	-0.129012
5300.000003	-120.013729	0.009476	-75.224101	-0.044054	-115.192188	0.221859	-112.908019	0.287313
5400.000003	-119.687685	-0.316637	-71.025005	0.152337	-123.850772	-0.319981	-121.193550	-0.453772
5500.000003	-120.557306	-0.414099	-76.265053	-0.078235	-120.796256	0.379007	-125.124061	0.112993
5600.000003	-113.303192	0.293274	-68.172439	-0.473327	-115.282476	0.130180	-121.303414	0.373251
5700.000003	-120.947535	0.280135	-71.778365	-0.167902	-118.111138	0.480936	-124.736666	-0.296941
5800.000003	-127.730606	-0.451508	-72.323427	0.460431	-119.355194	-0.267018	-113.290658	-0.374779
5900.000003	-112.930517	-0.400871	-67.378523	0.067778	-125.027050	-0.303043	-112.146831	-0.238523
6000.000003	-124.001127	0.409885	-67.255489	-0.315173	-115.568080	-0.252761	-114.939540	-0.167889
6100.000003	-120.681927	-0.178995	-71.750417	0.444970	-124.360913	-0.081055	-119.292967	0.266111
6200.000003	-116.469923	-0.212304	-69.276341	-0.335875	-115.086391	0.008484	-111.765721	-0.478486
6300.000003	-124.820396	0.294784	-68.362031	0.171421	-115.840264	0.086164	-114.712288	0.157921
6400.000003	-123.217689	0.162352	-69.758913	-0.442494	-123.313693	-0.416360	-113.474124	-0.134577
6500.000003	-118.239957	-0.359758	-67.089440	0.052101	-113.526232	0.390818	-127.164326	0.002368
6600.000003	-110.902862	0.085370	-80.440051	-0.228792	-115.351165	-0.431642	-116.046335	0.013801
6700.000003	-109.972174	0.173025	-79.695859	-0.344490	-113.882016	-0.180286	-121.167604	-0.228670
6800.000003	-115.367247	-0.437212	-69.895771	-0.407958	-112.998357	-0.468005	-121.864616	-0.282385
6900.000003	-117.624893	0.031477	-72.136152	0.397819	-127.420959	0.407123	-117.957440	0.407863
7000.000004	-109.093847	-0.425183	-70.910489	0.337910	-117.500362	0.433580	-113.004887	0.313571
7100.000004	-118.471970	-0.203470	-70.707925	0.435591	-124.131822	-0.052364	-118.332528	-0.263707
7200.000004	-113.632240	0.109489	-80.368275	-0.125926	-117.750548	0.196192	-125.568705	-0.413973
7300.000004	-125.066098	-0.427302	-69.207051	-0.410766	-116.355205	-0.296837	-113.507377	-0.434801
7400.000004	-108.773530	-0.233577	-62.662716	-0.404228	-113.446429	0.441480	-116.181974	0.308049
7500.000004	-128.952902	-0.145961	-73.838215	-0.193568	-126.809110	-0.059171	-117.910848	0.028155
7600.000004	-113.451184	-0.471137	-74.657079	-0.312443	-116.173976	0.362790	-116.570114	0.037259
7700.000004	-118.098924	-0.202241	-73.819039	-0.039715	-120.869362	0.471875	-118.130248	-0.396960
7800.000004	-111.200723	-0.308567	-69.964878	-0.337526	-112.678788	0.028450	-124.056232	0.060666
7900.000004	-115.477535	-0.441575	-69.209831	0.117161	-120.606321	-0.071477	-115.539142	0.371013
8000.000004	-128.562533	-0.048071	-67.586975	0.257161	-116.122054	-0.097064	-121.209174	-0.021582
8100.000004	-114.165122	0.238232	-75.996768	0.448932	-116.874606	-0.151536	-116.806472	0.402593
8200.000004	-103.706827	-0.205450	-71.850386	0.222269	-120.043136	0.181676	-122.455285	0.161596
8300.000004	-115.644193	-0.051713	-76.104590	0.159493	-117.176734	-0.100550	-116.352182	0.279458
8400.000004	-116.924119	0.448646	-66.574748	-0.160758	-113.542635	0.168174	-128.628144	-0.131701
8500.000004	-119.766972	0.481033	-68.142939	0.279673	-113.126224	0.336854	-117.444042	-0.440892
8600.000004	-20.779509	-0.174799	1.813021	0.331859	-93.569554	0.376611	-103.458289	0.330518
8700.000004	-114.430353	0.318872	-76.125584	0.186814	-123.860934	-0.186434	-115.023166	0.435874
8800.000004	-119.055882	0.336103	-70.036051	0.496167	-115.090378	0.305047	-117.156942	0.493889
8900.000005	-125.044969	-0.275255	-75.616509	-0.009963	-120.449194	-0.268899	-125.216318	-0.297725
9000.000005	-103.251607	0.397603	-74.011582	-0.167038	-133.624616	0.080234	-120.518052	0.304565
9100.000005	-114.216052	-0.023862	-80.654024	-0.268169	-116.433280	0.242661	-117.332535	0.329793
9200.000005	-121.901050	-0.453387	-68.047102	0.417426	-121.215398	0.033866	-112.197765	-0.346872
9300.000005	-118.166924	0.357926	-67.017151	0.046645	-112.472411	-0.456912	-127.232246	0.131227
9400.000005	-105.012697	-0.486417	-79.182416	-0.226983	-120.639109	-0.215902	-133.677318	0.354422
9500.000005	-118.953719	0.386094	-74.982219	-0.036587	-125.189355	0.490260	-110.971727	0.091518
9600.000005	-113.259256	-0.388430	-76.868372	0.474443	-115.707442	0.251057	-116.006582	0.212501
9700.000005	-111.628809	-0.379440	-75.883071	0.136006	-116.900195	0.016297	-117.575261	0.205976
9800.000005	-116.602855	-0.464550	-83.488731	-0.129042	-124.238537	0.061302	-133.464435	-0.364299
9900.000005	-113.792600	0.073906	-66.281729	-0.256890	-118.955823	0.007914	-113.318851	0.042123
10000.000005	-113.098744	-0.046869	-70.145696	-0.055343	-112.737495	0.331330	-126.186944	-0.367967
10100.000005	-118.448082	-0.238643	-72.752018	-0.125748	-114.428871	0.088493	-118.237610	0.222023
10200.000005	-114.707450	0.453344	-84.467912	0.286305	-118.635111	-0.287919	-117.025932	0.156197
10300.000005	-114.559776	0.192951	-73.315482	0.104146	-114.348029	-0.344932	-113.526421	0.166147
10400.000005	-119.847129	0.305981	-66.572324	0.083995	-114.339346	0.250287	-117.813734	-0.067752
10500.000005	-115.011011	-0.189495	-77.003529	0.480840	-119.379570	-0.053397	-113.904484	-0.012280
10600.000005	-112.361299	0.044936	-71.479581	-0.146145	-118.035164	0.033969	-118.853883	0.372437
10700.000005	-118.818641	-0.416690	-79.897798	0.143851	-116.468770	0.475020	-112.768717	0.277186
10800.000005	-112.755909	-0.273389	-65.034289	-0.384183	-117.805195	0.047408	-127.692503	-0.220956
10900.000006	-121.553635	-0.160988	-76.561111	0.449751	-114.910742	-0.348365	-122.763705	-0.169693
11000.000006	-127.018795	0.441839	-71.907872	-0.366799	-116.368677	-0.097625	-119.350424	0.045258
11100.000006	-117.474355	-0.333074	-78.354890	-0.264134	-116.351976	-0.431622	-123.833280	-0.356686
11200.000006	-117.185612	-0.245634	-89.055388	-0.107385	-116.048975	-0.259042	-118.892504	-0.450440
11300.000006	-118.336836	0.022126	-77.829383	0.297353	-133.640553	-0.057303	-115.846470	0.437234
11400.000006	-116.098974	-0.459167	-80.683096	-0.260355	-118.444642	0.424999	-113.028427	0.399116
11500.000006	-113.347404	-0.409303	-73.573671	0.187898	-124.257406	0.335069	-119.497495	0.496808
11600.000006	-115.834237	-0.035535	-80.575920	0.483098	-118.170390	0.006520	-124.536530	-0.497825
11700.000006	-116.343274	-0.297267	-75.548665	-0.278911	-117.719614	-0.007859	-131.669230	-0.075520
11800.000006	-119.217472	0.414169	-71.602432	0.146196	-116.919518	0.351917	-117.638838	0.273652
11900.000006	-133.538989	0.002348	-73.323057	-0.399922	-121.025154	0.441227	-123.318388	0.425613
12000.000006	-120.515114	-0.175033	-66.789981	-0.444816	-110.334731	-0.230131	-113.178264	0.412291
12100.000006	-114.208641	-0.137780	-69.149314	-0.372545	-117.900999	0.138257	-112.846126	0.453994
12200.000006	-115.767913	-0.390709	-77.128386	0.101028	-112.832115	0.424856	-127.066600	-0.223821
12300.000006	-124.762569	-0.416471	-71.523951	0.159002	-120.682667	-0.025946	-112.279244	0.113495
12400.000006	-113.734961	0.407713	-76.857997	0.243981	-116.171910	-0.415457	-117.342621	-0.363927
12500.000006	-119.324594	-0.106931	-71.159571	0.348880	-128.891046	-0.073980	-119.988844	0.171747
12600.000006	-117.640342	-0.357215	-73.087449	0.425820	-116.893273	-0.424390	-117.417583	-0.125442
12700.000006	-122.300757	-0.330905	-73.424571	0.178202	-122.152575	0.489881	-118.586151	0.425294
12800.000006	-132.571030	0.171913	-82.451325	0.130830	-112.383621	0.243531	-124.748796	-0.387801
12900.000007	-115.971868	-0.030861	-73.022634	-0.364782	-121.685936	0.247094	-120.251508	0.152124
13000.000007	-117.332596	0.400773	-68.414125	0.196897	-116.376512	-0.372774	-114.886269	-0.248660
13100.000007	-117.279440	-0.157546	-72.880139	0.135485	-115.627436	0.415542	-121.335079	-0.453455
13200.000007	-118.487724	0.235119	-84.839773	0.115837	-115.742664	-0.315666	-117.616843	-0.098010
13300.000007	-116.146584	-0.370091	-74.324364	0.319762	-117.747015	-0.442442	-113.640061	0.259025
13400.000007	-120.696151	-0.396726	-89.148333	-0.433111	-121.448283	-0.024075	-116.265733	0.422842
13500.000007	-114.865143	-0.110555	-80.991679	-0.458729	-122.173078	-0.257390	-114.831606	0.079281
13600.000007	-116.495317	0.267019	-68.554375	-0.042207	-124.103035	0.180654	-119.883858	0.381207
13700.000007	-119.677796	0.289881	-73.145274	-0.208356	-116.100306	-0.293903	-118.551021	0.402133
13800.000007	-117.768258	-0.170925	-73.820769	0.325964	-113.483220	-0.366395	-127.890387	0.040773
13900.000007	-119.430926	0.021855	-79.544703	-0.479910	-115.769984	0.427614	-116.403108	0.080568
14000.000007	-111.968200	-0.074902	-75.317594	-0.412907	-112.270127	-0.154212	-119.247550	-0.409461
14100.000007	-123.938445	0.473274	-70.192233	-0.383228	-113.254236	0.310408	-129.179282	-0.297768
14200.000007	-116.673134	0.329199	-67.649431	-0.177036	-125.178549	-0.442180	-126.632925	0.337143
14300.000007	-119.907109	-0.240086	-75.174896	-0.285807	-121.939538	0.364655	-111.473228	-0.423457
14400.000007	-118.339124	-0.051673	-76.324781	-0.438509	-113.761404	-0.424172	-114.191504	-0.056519
14500.000007	-112.536385	0.031143	-75.510305	-0.496001	-116.604430	-0.433079	-119.732069	0.025928
14600.000007	-116.225828	0.080047	-88.846022	-0.055813	-118.096227	0.013993	-117.260384	-0.250304
14700.000007	-111.730071	0.061887	-70.674709	-0.033496	-120.823627	0.233216	-123.781931	0.400509
14800.000008	-121.444211	0.332563	-78.700280	0.110249	-110.094029	0.263453	-111.385283	0.411567
14900.000008	-117.481776	-0.198098	-77.185436	0.150978	-112.963701	-0.487018	-120.226119	0.369769
15000.000008	-114.596034	0.473003	-78.147522	0.345410	-115.933895	-0.345218	-112.952149	-0.498936
15100.000008	-116.315251	0.221116	-85.975356	0.236501	-120.246421	-0.094894	-123.857113	0.175062
15200.000008	-112.370104	0.488958	-75.499352	-0.131310	-114.818862	0.248154	-120.932580	-0.487013
15300.000008	-111.377835	-0.446875	-83.624812	0.499805	-118.181572	0.335059	-115.243154	0.497355
15400.000008	-117.493166	-0.196385	-73.959481	0.192695	-121.500671	0.281219	-117.696842	-0.212213
15500.000008	-118.966571	-0.358189	-73.656816	0.114455	-118.715227	-0.305624	-118.435561	-0.273962
15600.000008	-118.931784	0.449754	-70.341914	0.380789	-115.115177	-0.154618	-112.119293	0.104653
15700.000008	-116.628731	-0.441209	-78.605518	0.097251	-112.425978	-0.147705	-120.639076	0.247106
15800.000008	-122.847959	-0.385147	-87.760321	-0.140141	-112.628178	0.216944	-123.980802	-0.179719
15900.000008	-111.004392	0.457685	-71.861016	0.128718	-117.701424	-0.062684	-120.734600	0.267524
16000.000008	-113.451452	-0.499204	-71.364712	-0.017862	-112.246446	0.108018	-123.175210	-0.413258
16100.000008	-115.215187	-0.395627	-79.869714	-0.115964	-112.129205	-0.286271	-133.101157	-0.144615
16200.000008	-121.329740	-0.370947	-79.116253	-0.019430	-116.094602	-0.144190	-113.045766	-0.291541
16300.000008	-124.066300	0.476756	-77.454329	-0.401565	-111.185321	0.466503	-119.029255	-0.263530
16400.000008	-123.859306	-0.446690	-72.239991	0.093052	-120.227989	-0.186052	-118.197321	-0.330677
16500.000008	-117.267913	-0.012519	-78.125576	0.161255	-112.315866	-0.257617	-115.549129	0.285464
16600.000008	-108.094765	0.234582	-83.506112	-0.050476	-115.311911	0.392068	-112.409689	0.283595
16700.000008	-125.852161	0.272834	-77.298649	0.031619	-117.973735	-0.335630	-124.936145	-0.494602
16800.000009	-107.060144	0.200033	-81.834873	0.212136	-117.900372	0.163451	-125.890281	-0.028277
16900.000009	-119.818467	-0.079927	-73.545139	0.047214	-116.756142	-0.305609	-113.351718	0.235699
17000.000009	-121.356354	0.220610	-74.771268	0.017608	-115.218212	0.209649	-116.201033	0.465886
17100.000009	-117.227835	0.273399	-78.376760	-0.130288	-113.287256	-0.420285	-116.555767	0.155191
17200.000009	-106.255060	0.490569	-49.431228	0.391303	-118.868829	-0.417782	-114.894649	-0.459046
17300.000009	-115.939965	-0.278577	-76.693830	-0.351188	-109.311167	-0.198147	-113.185950	-0.449132
17400.000009	-120.597330	-0.330283	-76.027239	0.160868	-124.018524	0.372032	-115.451242	-0.319967
17500.000009	-122.093037	-0.194065	-78.468284	-0.168948	-117.913548	0.197854	-113.959927	-0.410463
17600.000009	-115.431326	-0.440378	-77.768060	-0.428829	-112.906918	0.125461	-119.673710	0.384298
17700.000009	-121.426064	0.111156	-71.684064	-0.136303	-116.077773	-0.008920	-116.764648	0.378897
17800.000009	-121.091659	0.484941	-80.073730	-0.063970	-121.700164	-0.095184	-109.638791	0.425313
17900.000009	-121.869192	0.209420	-76.444192	0.214392	-128.832570	-0.015366	-110.514885	0.444510
18000.000009	-110.052529	-0.203813	-73.249884	0.037379	-127.012373	-0.445447	-122.788993	0.484784
18100.000009	-112.870638	0.482305	-76.611891	0.123885	-121.239597	-0.407261	-116.902125	-0.278779
18200.000009	-116.228959	-0.368726	-85.110623	0.296330	-108.656130	0.082069	-109.265030	0.123633
18300.000009	-114.472506	-0.225761	-83.612445	-0.448036	-110.950220	-0.150487	-111.555084	-0.375519
18400.000009	-116.843046	-0.157094	-76.554537	0.429447	-116.964962	-0.309854	-115.290560	-0.352870
18500.000009	-115.040625	-0.156511	-79.090392	0.052380	-120.321257	-0.421991	-115.805781	0.308708
18600.000009	-119.531924	0.484978	-70.854392	0.294219	-117.901794	-0.207958	-128.162337	0.117618
18700.000009	-121.549181	-0.104260	-84.251382	-0.371411	-117.693384	0.203049	-114.056022	0.444447
18800.000010	-113.321767	-0.132422	-72.681736	0.468958	-113.539295	0.021803	-119.574266	0.364991
18900.000010	-125.404741	0.163588	-71.073070	0.119516	-127.321536	-0.353054	-116.294647	-0.023100
19000.000010	-111.558029	-0.336858	-83.066089	0.070270	-128.500702	0.058411	-115.152722	-0.095210
19100.000010	-117.848179	-0.097673	-79.349830	0.036040	-116.181306	-0.130966	-121.374636	0.320200
19200.000010	-114.061863	-0.433169	-74.113350	-0.173075	-114.986532	-0.336166	-120.632546	-0.399489
19300.000010	-112.437395	-0.142766	-74.525488	0.402579	-122.146240	-0.340466	-114.511975	0.362040
19400.000010	-114.127278	-0.342004	-74.725567	0.182806	-115.887667	0.427603	-115.052845	-0.306590
19500.000010	-112.525303	0.026200	-76.584666	0.122001	-112.363782	0.020188	-123.480200	-0.018821
19600.000010	-112.254312	0.072938	-92.741881	-0.472636	-118.575239	-0.147711	-126.720386	-0.224457
19700.000010	-126.764451	-0.386875	-74.770992	-0.444374	-117.620878	-0.219789	-117.911807	-0.396106
19800.000010	-114.586852	-0.381227	-81.927879	-0.476677	-110.694069	0.352265	-119.478814	-0.416592
19900.000010	-123.377903	0.493843	-74.274866	0.221021	-120.917730	0.402708	-121.087192	0.462782
20000.000010	-113.895401	0.064868	-76.169451	0.374085	-115.099562	0.046038	-113.904336	-0.445626
20100.000010	-113.659396	0.053193	-86.819263	0.121787	-117.388104	-0.195312	-118.320692	-0.442421
20200.000010	-114.160303	0.206364	-78.224645	0.223773	-115.401275	0.071875	-108.590596	-0.020452
20300.000010	-129.132814	-0.239436	-76.402546	-0.063394	-123.891358	-0.494964	-119.061453	-0.422920
20400.000010	-118.438959	0.490651	-76.120492	-0.043131	-122.636270	0.142436	-121.020397	-0.491317
20500.000010	-123.819334	0.270776	-79.723839	0.485582	-110.906970	-0.255477	-119.332129	0.395935
20600.000010	-109.888676	0.411640	-86.558897	0.307362	-113.634851	0.441910	-120.757036	0.125645
20700.000010	-114.497991	0.384621	-83.931300	-0.325303	-122.304713	-0.225288	-117.298963	0.360963
20800.000011	-123.588035	-0.377774	-86.635914	0.234518	-125.416711	-0.269088	-114.284158	-0.434351
20900.000011	-114.336354	-0.090778	-70.180616	0.081107	-118.584969	0.236234	-112.242869	0.169638
21000.000011	-114.505703	-0.407896	-75.880992	0.471586	-122.151721	-0.123756	-125.356174	0.272869
21100.000011	-116.067633	0.278154	-86.367167	0.465664	-118.131927	-0.116164	-115.764791	-0.112849
21200.000011	-116.783921	-0.380755	-75.795676	0.322138	-121.352751	-0.294983	-123.752531	0.021638
21300.000011	-112.874795	-0.419381	-83.336602	0.236646	-127.185173	0.186586	-133.313956	0.436449
21400.000011	-116.073713	0.168416	-77.297387	-0.183597	-115.596396	-0.080212	-120.441106	0.160364
21500.000011	-113.555047	-0.187635	-76.163430	0.242424	-114.943556	0.497835	-122.521763	0.230910
21600.000011	-118.392481	0.043971	-92.553541	-0.381463	-126.662366	-0.359326	-124.121057	-0.361732
21700.000011	-119.931826	-0.251493	-74.385867	0.096146	-117.719997	0.440108	-117.090858	0.279911
21800.000011	-113.134873	-0.442707	-82.309608	-0.269403	-121.363005	-0.055824	-111.797050	-0.412325
21900.000011	-120.625142	0.134716	-82.664799	-0.465745	-111.863875	0.475977	-116.777657	-0.472066
22000.000011	-113.225822	0.414492	-82.548468	-0.133846	-120.533940	0.329392	-132.694557	-0.425585
22100.000011	-119.652881	0.060324	-79.758236	-0.484983	-116.128650	0.404610	-112.352356	0.192990
22200.000011	-122.017573	0.325859	-88.195077	-0.466414	-117.948308	0.385000	-121.002725	-0.186029
22300.000011	-114.581671	-0.224280	-79.714710	0.070294	-116.105599	-0.208406	-118.165842	0.368119
22400.000011	-110.498568	-0.293136	-80.975349	0.230973	-113.479073	0.326840	-121.178547	-0.157011
22500.000011	-117.470941	0.278855	-81.114638	0.431794	-112.185573	0.288294	-113.458104	0.405466
22600.000011	-120.310534	0.249980	-80.896956	0.090947	-113.678980	0.220611	-126.948666	-0.056819
22700.000012	-117.109592	0.494280	-83.599284	-0.340385	-117.849060	-0.273916	-121.356399	-0.263707
22800.000012	-115.130773	-0.193303	-77.142130	0.054709	-118.726984	0.293343	-117.616627	0.381220
22900.000012	-119.057801	-0.437071	-82.348224	0.170356	-118.510072	0.384770	-125.059475	0.239268
23000.000012	-122.921536	0.223389	-80.345568	0.166728	-116.569592	-0.165909	-119.707693	-0.336428
23100.000012	-120.710528	-0.109770	-92.923723	0.160239	-109.050646	-0.183907	-112.721592	0.287106
23200.000012	-121.126398	0.156649	-78.417139	0.141540	-132.969428	0.481416	-118.926529	0.374009
23300.000012	-117.912124	0.371955	-77.217809	0.144601	-119.846997	0.489041	-120.737331	0.483785
23400.000012	-117.566706	0.038404	-71.851210	0.374694	-126.504537	0.013396	-114.040295	-0.168531
23500.000012	-129.190816	0.478096	-83.330090	0.485210	-124.124601	-0.293282	-126.288028	0.217300
23600.000012	-111.916609	0.080693	-76.163944	0.283935	-115.358966	-0.455215	-120.106147	0.065895
23700.000012	-119.758353	0.382092	-82.929550	0.061015	-113.740040	0.175912	-116.908254	0.309540
23800.000012	-113.412746	-0.471236	-78.250714	0.348149	-113.737846	0.351992	-112.240804	0.201196
23900.000012	-109.181993	0.148078	-89.152511	0.479425	-124.253175	0.108730	-123.162287	-0.239457
24000.000012	-109.481836	-0.046302	-75.009070	0.394715	-114.599358	-0.201465	-120.134068	0.473178
24100.000012	-115.344619	-0.002011	-85.703709	-0.275444	-116.163015	-0.303312	-113.607812	0.201722
24200.000012	-111.490381	-0.409816	-74.809595	-0.467219	-119.154043	-0.407254	-112.673677	-0.485940
24300.000012	-115.660755	0.312169	-76.053721	-0.381832	-117.389179	0.358994	-119.439819	-0.155408
24400.000012	-113.470943	0.331699	-84.755224	0.052135	-124.645334	-0.456751	-116.049003	0.026253
24500.000012	-115.860464	0.198457	-92.552553	-0.037339	-120.767687	0.204838	-115.287834	-0.345996
24600.000012	-106.593780	-0.143514	-73.794890	0.238608	-111.798454	0.170315	-114.161362	0.052538
24700.000013	-124.831663	0.403719	-74.934660	0.232099	-127.943293	-0.055833	-124.892425	-0.459376
24800.000013	-107.851920	-0.125799	-83.348102	-0.111563	-114.489814	0.131041	-136.852052	-0.303066
24900.000013	-121.643582	-0.162630	-78.959906	0.401626	-119.412286	0.352174	-118.793769	0.463534
25000.000013	-114.419471	0.199265	-76.981357	-0.039866	-119.660288	0.426954	-111.864246	0.020405
25100.000013	-114.862423	0.165461	-81.790756	-0.194534	-127.611999	0.075716	-115.516731	0.055304
25200.000013	-123.833434	0.145608	-78.488001	0.232638	-121.502849	-0.029596	-121.827067	0.372414
25300.000013	-117.263257	0.221881	-85.187491	0.205357	-118.285278	0.356316	-122.487644	0.446129
25400.000013	-108.553156	0.465978	-88.626391	0.324985	-113.369004	-0.438087	-116.863170	0.333582
25500.000013	-115.081616	-0.463496	-79.332363	-0.181393	-120.166638	0.389195	-121.525202	0.346057
25600.000013	-112.350745	0.117763	-79.279606	0.035322	-122.109342	-0.359179	-124.797915	0.117495
25700.000013	-112.266348	0.066817	-83.024040	0.270260	-111.227956	0.079235	-124.646232	0.407840
25800.000013	-85.039001	0.452061	-64.700484	-0.267644	-124.516312	-0.003674	-120.058214	0.218759
25900.000013	-127.994327	-0.093805	-81.861108	0.271014	-115.962685	-0.229858	-114.679159	0.280403
26000.000013	-130.076726	0.368229	-84.758420	-0.428297	-111.066661	0.459700	-118.804868	0.467928
26100.000013	-117.171960	-0.098012	-76.714298	0.016833	-114.472434	0.427999	-122.134583	0.478467
26200.000013	-107.757954	-0.415995	-72.988509	-0.498595	-117.300368	-0.360267	-120.545994	-0.177155
26300.000013	-123.887264	0.280352	-86.328737	0.195355	-111.576915	0.264534	-120.532423	0.326968
26400.000013	-115.107903	-0.365990	-77.964832	-0.230975	-126.801379	-0.031992	-116.254728	0.144170
26500.000013	-114.291517	0.125454	-75.972667	-0.461393	-112.696535	0.056161	-141.462777	-0.338031
26600.000013	-111.680839	-0.296134	-77.249199	0.088334	-113.984231	-0.272079	-114.670131	-0.327002
26700.000014	-117.155000	-0.070191	-90.137952	0.467980	-114.144727	-0.103740	-120.976528	-0.380080
26800.000014	-117.402113	-0.344025	-85.208805	0.456176	-116.849949	0.079211	-116.444259	-0.487898
26900.000014	-111.277345	-0.248800	-85.089103	0.352673	-121.556063	-0.064992	-123.820394	0.393181
27000.000014	-128.178421	0.371635	-84.253647	0.395753	-113.018300	0.117491	-111.499753	0.163353
27100.000014	-120.693221	0.363860	-92.550931	-0.346397	-113.155790	-0.409289	-116.075409	0.390363
27200.000014	-115.277991	-0.288605	-78.586542	0.003485	-111.700465	0.003995	-117.664977	-0.149140
27300.000014	-134.025991	-0.079725	-83.151674	-0.196118	-116.964611	-0.254175	-118.435010	-0.229375
27400.000014	-123.676910	0.247000	-92.680625	-0.064470	-117.036730	0.415744	-115.682504	0.306265
27500.000014	-124.363777	-0.333910	-80.504824	-0.210445	-119.476930	0.475331	-114.261420	0.475199
27600.000014	-119.784731	-0.014572	-84.074275	0.311219	-118.139695	-0.080387	-123.327563	-0.188354
27700.000014	-113.836613	0.285498	-79.694820	0.215744	-123.748996	-0.248666	-109.527794	-0.391410
27800.000014	-117.292120	0.139368	-81.700265	0.202485	-116.554719	0.038406	-123.412098	-0.303833
27900.000014	-114.880780	-0.251218	-94.319471	0.278937	-115.594786	0.397674	-116.741814	-0.462269
28000.000014	-117.104123	-0.329862	-78.684792	0.058482	-118.693990	0.255063	-115.796712	-0.025815
28100.000014	-115.018492	-0.408017	-81.902438	0.275401	-120.594157	-0.132464	-118.366834	0.088384
28200.000014	-114.651212	-0.224308	-85.379158	0.468585	-125.407060	0.416485	-119.779061	-0.352203
28300.000014	-112.880154	-0.249947	-74.128661	0.257734	-124.952516	-0.215035	-114.761786	-0.369382
28400.000014	-134.211780	0.100777	-91.485392	-0.050491	-120.395725	0.328821	-115.683875	-0.155650
28500.000014	-110.412690	0.341020	-83.698563	-0.076008	-113.237797	0.212512	-115.824177	-0.329090
28600.000014	-109.644595	-0.212403	-84.361346	0.270990	-110.714867	-0.035704	-114.569242	-0.133011
28700.000015	-116.447716	0.347993	-78.733816	0.302209	-122.184892	-0.113655	-112.270831	0.087859
28800.000015	-110.549963	-0.261297	-91.671400	-0.252976	-117.791992	0.068249	-119.288373	-0.025025
28900.000015	-120.071674	-0.202850	-79.094557	-0.012894	-122.585988	-0.219084	-117.229826	-0.464246
29000.000015	-117.922914	0.435003	-79.441948	0.166850	-123.449093	0.265916	-111.842718	-0.472877
29100.000015	-118.678299	0.326789	-81.592844	-0.044821	-114.307323	-0.313109	-114.504558	-0.282465
29200.000015	-132.898698	-0.073024	-81.011002	0.029720	-121.745091	0.194552	-110.385550	0.013750
29300.000015	-110.539184	0.480442	-85.860905	0.285329	-122.051082	0.289517	-120.224632	0.473969
29400.000015	-112.369092	-0.457539	-79.073252	0.288764	-133.452873	0.441413	-114.936548	-0.446251
29500.000015	-112.183304	0.008441	-83.244149	-0.060867	-114.460216	0.329135	-129.203459	-0.054792
29600.000015	-112.785369	-0.188633	-93.552147	0.365797	-110.525752	-0.452922	-113.839866	-0.150604
29700.000015	-128.817280	-0.365444	-86.407885	0.278072	-114.316410	-0.244142	-118.122392	0.184204
29800.000015	-121.134277	0.059922	-93.192431	-0.498056	-124.969014	-0.430211	-120.053822	0.333749
29900.000015	-117.335443	-0.198652	-82.473700	-0.457943	-116.719142	0.455656	-114.543840	0.016514
30000.000015	-108.690808	-0.137894	-80.493716	-0.202316	-114.642971	-0.317158	-108.767698	-0.124889
