% f435.txt
% Date Thu, Jul 15, 2021 4:43 PM
% Sine seq
% Response spectrum
% Stim level (V pk) 0.100, 0 dB filter gain, 120.0 dB attenuation
% Stim RMS (V) 0.000
% Freq [Hz]	Ch0 Mag [dB]	Ch0 Phase [cyc]	Ch1 Mag [dB]	Ch1 Phase [cyc]	Ch2 Mag [dB]	Ch2 Phase [cyc]	Ch3 Mag [dB]	Ch3 Phase [cyc]
%%end
42.002688	-112.135084	0.269134	-61.332349	-0.354665	-92.687925	-0.499705	-111.734725	0.325486
84.005376	-119.548698	-0.477093	-58.747593	0.085885	-98.879161	-0.032745	-122.707532	0.377164
126.008065	-117.473513	0.222957	-69.702578	-0.141114	-110.173944	-0.229115	-122.384100	0.321502
168.010753	-112.880054	0.339065	-55.323305	0.069673	-118.918515	0.099362	-119.052160	0.252314
210.013441	-114.066836	-0.435819	-54.461942	-0.070484	-114.382864	0.194850	-114.426931	-0.183135
252.016129	-128.257104	0.041194	-53.358260	0.485849	-105.992860	0.371836	-118.280197	0.246989
294.018817	-119.305078	0.461009	-48.367386	-0.445242	-109.310218	0.480848	-117.129341	-0.170523
336.021506	-116.427572	-0.202884	-61.231881	-0.113609	-114.131319	0.091678	-115.598198	-0.200152
378.024194	-122.357500	-0.418467	-52.261042	0.171572	-118.839322	-0.276729	-119.368740	0.304368
420.026882	-111.519655	0.078579	-48.087227	0.389629	-107.435362	0.486585	-124.425345	0.331922
462.029570	-119.244797	0.346667	-57.853322	0.447922	-111.979797	-0.094780	-121.342697	0.276425
504.032258	-121.839970	0.102507	-50.297460	0.377148	-104.649205	-0.216700	-123.825758	0.491745
546.034946	-117.175303	0.195136	-65.465544	0.198528	-113.330611	-0.005819	-121.737141	0.037415
588.037635	-112.251088	-0.219030	-53.333511	-0.457714	-118.303195	-0.108417	-130.220181	-0.315473
630.040323	-116.846534	-0.410819	-57.640733	-0.463710	-111.698476	-0.073718	-125.283267	-0.267720
672.043011	-113.185283	0.215955	-54.564324	0.317043	-114.383766	-0.107911	-122.692631	0.239496
714.045699	-118.813109	0.003971	-61.419807	-0.433557	-117.125769	-0.356270	-120.595564	-0.185391
756.048387	-129.257547	0.444380	-56.647733	-0.241332	-126.489610	0.147769	-124.828671	-0.355037
798.051076	-119.323239	0.168644	-72.297103	-0.016106	-112.363494	0.099315	-123.414007	0.016382
840.053764	-122.710555	0.068117	-62.893283	-0.189943	-113.140328	-0.220541	-120.974373	0.018134
882.056452	-119.287073	-0.354256	-61.982878	-0.155207	-121.876103	-0.210563	-128.004537	-0.308722
924.059140	-133.890203	0.358537	-55.688915	0.473380	-113.314726	0.331360	-131.947401	0.086664
966.061828	-118.318900	-0.113473	-66.943451	-0.281120	-116.109812	-0.220796	-119.157624	-0.301823
1008.064517	-122.941438	0.002879	-59.252473	0.276249	-116.800739	-0.072690	-120.821266	-0.425958
1050.067205	-122.712191	-0.412064	-77.828617	-0.167740	-128.374791	-0.126326	-119.320101	-0.145067
1092.069893	-119.966040	-0.025039	-57.000482	-0.007187	-116.647909	0.108456	-119.736294	-0.288997
1134.072581	-122.886552	-0.470433	-64.618329	-0.445974	-119.867464	-0.432466	-119.680744	0.393771
1176.075269	-121.495134	0.123052	-62.638415	-0.349869	-123.482875	-0.356786	-131.506982	-0.419386
1218.077958	-130.111160	0.165736	-67.598527	0.303541	-119.301780	0.124972	-118.799858	-0.230000
1260.080646	-38.210305	-0.215184	-24.638426	0.427224	-113.061773	0.394072	-114.676103	0.256217
1302.083334	-122.717018	-0.247671	-58.884044	-0.054795	-111.223017	0.366890	-126.218988	0.117439
1344.086022	-123.158678	0.443025	-68.592887	0.215497	-121.317963	0.253738	-126.295517	0.267784
1386.088710	-125.014130	0.233616	-69.564356	-0.417421	-141.424093	0.243176	-123.617095	-0.350446
1428.091399	-120.732310	0.161420	-58.751745	-0.065701	-117.444037	0.264918	-125.778486	0.022055
1470.094087	-121.632792	0.125201	-71.168573	-0.146941	-124.301889	-0.352631	-129.915813	0.073602
1512.096775	-122.174937	0.166475	-73.515044	0.312981	-121.625703	0.257818	-125.206011	0.278336
1554.099463	-118.156601	0.347478	-61.088593	-0.317356	-118.219000	0.405081	-131.365807	0.444300
1596.102151	-122.343620	-0.418309	-81.565152	0.010350	-116.524274	-0.185067	-134.701141	-0.465366
1638.104839	-119.511168	0.192820	-60.526602	-0.273700	-122.655702	0.130687	-124.092790	0.325580
1680.107528	-127.093276	-0.123976	-60.326943	-0.417901	-122.201772	-0.238056	-139.772903	0.309250
1722.110216	-119.315478	-0.006520	-57.947464	-0.174660	-125.080445	0.450024	-121.290730	-0.379382
1764.112904	-122.661460	0.141701	-69.592581	-0.144565	-121.072190	0.042873	-135.107122	-0.213009
1806.115592	-116.654069	0.082318	-60.595295	-0.278934	-119.296342	-0.359635	-130.132260	0.381645
1848.118280	-134.320603	-0.007446	-76.767055	0.076165	-119.736666	-0.127801	-120.794701	-0.385997
1890.120969	-142.796099	0.119546	-74.636890	0.415363	-119.405004	-0.085795	-118.003059	-0.011546
1932.123657	-130.070933	-0.130050	-65.755797	0.027915	-123.748523	0.402980	-119.905647	0.388247
1974.126345	-123.336394	-0.413771	-73.570320	-0.388102	-127.840947	-0.413822	-122.582084	-0.162305
2016.129033	-127.387038	0.328277	-71.358883	-0.299534	-139.479271	-0.143493	-131.754726	0.165585
2058.131721	-117.607663	0.028538	-77.183677	0.058177	-122.327350	-0.159114	-118.068621	0.008677
2100.134410	-118.971357	0.360654	-69.511874	-0.226155	-127.668914	0.434449	-119.262574	0.282637
2142.137098	-123.413735	0.073918	-60.058707	0.479741	-119.823025	-0.062279	-122.411669	0.134679
2184.139786	-116.800565	0.485732	-66.923636	0.117684	-121.671725	0.349281	-128.320639	0.292836
2226.142474	-124.263654	-0.085271	-64.379378	0.308618	-123.164461	0.224665	-116.810717	0.014469
2268.145162	-131.623786	0.185778	-78.201314	0.405854	-124.128860	0.063269	-133.362823	-0.053414
2310.147851	-124.308316	-0.128279	-62.731601	-0.318297	-126.976296	0.178522	-126.688696	-0.105145
2352.150539	-121.104060	0.410565	-66.503252	-0.435625	-117.229566	-0.441164	-133.347427	0.293740
2394.153227	-124.161515	0.444824	-66.187550	-0.017453	-133.957162	0.484818	-130.872894	-0.448967
2436.155915	-115.834592	-0.170959	-63.068740	0.088101	-114.615458	0.485804	-133.075332	-0.357910
2478.158603	-126.482332	0.495267	-63.948892	-0.040430	-128.564646	0.161971	-131.092678	-0.339075
2520.161292	-109.422574	-0.406898	-68.745955	0.288147	-117.960149	0.247374	-122.759631	-0.454682
2562.163980	-124.732923	0.330626	-75.101992	-0.224090	-120.129249	-0.393848	-133.424886	-0.396815
2604.166668	-125.360096	-0.172787	-68.872727	-0.242632	-125.651296	-0.220173	-123.024027	-0.420530
2646.169356	-128.550383	0.455108	-69.407863	-0.453769	-122.193578	-0.391192	-127.333090	-0.139742
2688.172044	-143.573292	-0.471437	-77.932760	-0.369246	-133.725547	0.261419	-119.771109	-0.409046
2730.174732	-135.207822	0.485889	-63.087152	-0.253420	-121.098595	0.447319	-130.038295	0.496911
2772.177421	-118.082413	0.349552	-77.153305	0.291486	-125.983957	0.261633	-119.988817	0.283398
2814.180109	-117.080171	-0.012298	-69.373918	-0.338623	-123.945879	-0.422319	-125.852940	-0.087215
2856.182797	-132.708082	-0.428648	-66.690667	0.226606	-123.701671	-0.315555	-121.351828	0.184294
2898.185485	-119.792473	0.363511	-70.115388	0.219758	-123.450764	0.330934	-118.171178	-0.134407
2940.188173	-119.978809	-0.184575	-66.350140	-0.079213	-128.299697	-0.049740	-119.917531	-0.101151
2982.190862	-123.367596	0.199446	-70.016482	-0.090845	-121.525676	0.424340	-120.845390	0.384388
3024.193550	-124.484074	0.315179	-67.415418	0.245633	-124.136177	0.086958	-116.601326	0.344969
3066.196238	-124.602025	-0.462656	-70.541636	-0.344961	-125.575831	0.488942	-133.105540	0.121262
3108.198926	-123.455032	-0.315840	-72.424028	0.137930	-123.040267	-0.482270	-142.718762	-0.191422
3150.201614	-125.203596	-0.066734	-69.522566	0.240051	-125.775993	0.262575	-130.018022	0.295131
3192.204303	-121.060122	-0.495224	-71.453832	0.191046	-119.447292	0.217979	-121.763082	0.332711
3234.206991	-125.716364	-0.311284	-68.734799	-0.301860	-122.236687	-0.463984	-130.654775	0.165854
3276.209679	-125.251805	-0.031495	-71.341637	-0.213195	-124.409462	-0.078190	-129.003708	-0.206640
3318.212367	-116.774738	-0.133026	-70.252831	0.254339	-123.799052	-0.111604	-117.898797	-0.220770
3360.215055	-126.299652	-0.407482	-75.107744	-0.034985	-125.563213	0.338921	-135.397568	-0.493920
3402.217744	-120.550509	-0.102664	-79.523558	0.274734	-128.866206	0.370239	-123.294519	-0.414690
3444.220432	-127.069261	-0.352726	-67.962956	-0.232508	-124.303393	-0.081543	-125.207686	-0.142381
3486.223120	-128.979650	0.093851	-69.743137	0.365612	-124.305346	-0.009511	-129.223707	0.061223
3528.225808	-129.319501	0.088727	-72.062267	-0.412251	-125.206895	-0.376119	-123.427245	-0.066184
3570.228496	-126.393881	0.214460	-70.191581	-0.105192	-132.448439	0.203529	-127.470448	-0.359154
3612.231185	-135.123751	0.308734	-73.602578	-0.082991	-121.887899	-0.325439	-116.767188	0.470825
3654.233873	-118.096893	-0.317299	-64.705133	0.126526	-123.845088	-0.065322	-122.181054	-0.214902
3696.236561	-120.500025	-0.021923	-76.586319	-0.432849	-124.338977	0.156996	-127.648745	0.093501
3738.239249	-120.402020	0.345072	-79.845060	-0.020483	-120.052636	0.231112	-124.138503	-0.185135
3780.241937	-102.103283	0.388625	-65.004274	0.099723	-124.250463	-0.432386	-117.692232	0.220618
3822.244625	-127.310333	-0.187323	-71.924691	0.461544	-127.173454	0.240429	-123.041588	-0.047995
3864.247314	-123.562642	0.017810	-72.094635	-0.093164	-118.692214	-0.298014	-129.223504	-0.284982
3906.250002	-119.605003	-0.370577	-67.685251	0.379233	-121.478626	0.236237	-122.218348	-0.388253
3948.252690	-123.588484	0.442123	-66.341615	0.201038	-130.689075	-0.249177	-123.441634	0.350980
3990.255378	-119.338462	0.142248	-68.069861	0.253178	-119.297681	0.331051	-121.382979	0.281773
4032.258066	-121.803880	-0.210174	-86.014859	0.452456	-118.296707	-0.156646	-116.368566	-0.052727
4074.260755	-128.072200	0.185368	-70.062999	-0.376366	-121.698533	0.278249	-121.681434	-0.167766
4116.263443	-126.423603	-0.209354	-73.344992	-0.432979	-126.631248	-0.361144	-114.138982	-0.099409
4158.266131	-125.014432	0.439120	-69.213531	0.030676	-120.285977	0.261185	-130.127639	0.282503
4200.268819	-125.558232	0.164480	-66.655982	0.137404	-127.179447	-0.356849	-135.184331	0.161428
4242.271507	-142.755569	-0.269229	-64.325411	-0.391021	-118.121807	0.320897	-118.365509	0.342860
4284.274196	-132.529623	0.079551	-71.971353	-0.420743	-130.641067	-0.279846	-120.996147	-0.432964
4326.276884	-123.822786	-0.093657	-79.368551	-0.223648	-123.372372	-0.047105	-123.000441	-0.320525
4368.279572	-121.280151	-0.329215	-86.413210	-0.290809	-122.897972	0.377941	-136.887033	-0.467060
4410.282260	-125.439049	0.005559	-65.307411	-0.328193	-124.868770	0.026784	-124.112956	0.279334
4452.284948	-117.563188	-0.280577	-66.361289	0.146250	-122.427204	0.067949	-116.564273	-0.106434
4494.287637	-124.469032	-0.076356	-72.398345	0.325921	-123.636057	0.364404	-122.373516	0.197556
4536.290325	-116.918588	0.020073	-77.652158	0.031607	-119.310991	-0.247394	-122.152842	0.039677
4578.293013	-122.059732	-0.404356	-69.141993	0.202402	-116.869595	0.484427	-122.968474	-0.320637
4620.295701	-123.041670	-0.041885	-71.420216	-0.424622	-123.019814	0.162521	-132.597699	-0.047439
4662.298389	-124.382015	-0.066394	-74.532388	-0.110975	-116.591519	-0.433990	-124.961491	0.137910
4704.301078	-122.456941	-0.117903	-76.743836	0.291290	-125.749662	-0.409400	-132.136781	-0.269413
4746.303766	-127.571127	0.391741	-69.646584	-0.382260	-119.002080	0.278738	-127.323117	-0.433383
4788.306454	-124.047665	0.381905	-71.386514	-0.040159	-127.720768	0.159108	-132.100221	0.007540
4830.309142	-122.688693	0.078018	-76.269390	0.353683	-120.471425	-0.385072	-118.629599	-0.478902
4872.311830	-120.178959	0.315708	-74.408752	0.294464	-143.921403	-0.330482	-130.785453	0.256110
4914.314518	-119.578576	-0.052693	-63.830191	0.463434	-130.012530	-0.247168	-115.906231	0.102637
4956.317207	-135.981508	-0.142043	-74.974521	-0.320324	-128.671923	-0.196787	-124.863365	0.334854
4998.319895	-124.888566	-0.180861	-82.545070	0.225049	-126.293607	0.229225	-125.765108	-0.159560
5040.322583	-99.440226	-0.366077	-72.812160	0.491399	-121.804588	-0.094322	-126.037251	0.369452
5082.325271	-118.281543	0.081750	-67.218658	0.280221	-120.106971	-0.057048	-122.804568	-0.172542
5124.327959	-136.221277	-0.329525	-71.942848	0.450711	-124.037811	0.489033	-128.733838	-0.236834
5166.330648	-122.820020	0.490258	-67.796194	0.017222	-122.530712	0.416589	-121.393410	0.443371
5208.333336	-123.818200	-0.338466	-74.207700	0.440531	-125.215460	0.354264	-122.994116	-0.365620
5250.336024	-117.819087	0.238420	-78.103004	0.048168	-121.659302	0.193519	-119.551539	-0.247205
5292.338712	-134.888554	-0.136484	-82.529319	-0.257247	-118.797231	0.000285	-126.120190	0.042959
5334.341400	-126.448166	-0.098576	-74.719437	-0.206485	-127.279002	-0.233696	-126.413769	0.280925
5376.344089	-124.853112	0.432880	-70.426645	-0.293781	-118.525128	0.052231	-120.629468	-0.292909
5418.346777	-120.790760	0.326410	-75.331011	0.473785	-130.840627	-0.073544	-122.920665	-0.186272
5460.349465	-123.870415	0.477757	-64.105752	-0.172494	-133.702449	0.415041	-119.689186	0.444768
5502.352153	-125.181872	-0.102202	-71.652140	-0.196607	-129.391535	0.186916	-129.390695	-0.013411
5544.354841	-127.231646	-0.151978	-67.785307	-0.362587	-122.564888	0.100945	-122.451940	-0.248901
5586.357530	-124.886293	0.188276	-81.574762	-0.286754	-122.350984	-0.314728	-145.922591	-0.388989
5628.360218	-121.483331	0.204431	-70.267881	-0.363499	-122.261753	-0.362925	-119.310072	0.436275
5670.362906	-119.696187	-0.454148	-71.733012	0.258734	-129.580702	-0.229244	-119.025277	0.014810
5712.365594	-131.934314	0.092346	-78.967744	0.244269	-126.074602	0.225189	-124.823717	-0.139962
5754.368282	-115.976738	-0.318410	-81.237826	-0.104308	-129.513529	-0.355893	-123.208049	0.231185
5796.370971	-121.385480	0.243711	-72.672238	0.159529	-120.336904	-0.111237	-120.045663	-0.215885
5838.373659	-125.092952	0.136484	-70.167840	-0.108650	-128.528159	0.454639	-124.756432	-0.117536
5880.376347	-125.204699	0.354255	-75.671686	0.475167	-119.744519	-0.181853	-137.238711	0.478310
5922.379035	-120.728748	-0.133546	-71.672798	0.409434	-122.628529	-0.244807	-121.243980	0.499629
5964.381723	-129.403303	0.123644	-70.588399	0.228113	-120.033301	0.096480	-121.428759	-0.230780
6006.384411	-134.819817	-0.193925	-70.015908	-0.270264	-118.705291	-0.243621	-124.177276	0.287243
6048.387100	-117.005306	0.296282	-78.118848	-0.155383	-128.076443	-0.060490	-121.496319	0.050628
6090.389788	-118.330392	0.050723	-66.657853	0.132313	-131.499609	0.082017	-123.711892	0.303553
6132.392476	-130.018853	0.014115	-71.450408	0.225387	-131.281894	-0.060004	-133.391107	-0.317257
6174.395164	-123.762947	-0.188490	-70.304358	-0.427748	-124.377330	-0.138312	-126.760766	-0.039463
6216.397852	-124.248824	-0.122311	-75.722607	0.262505	-125.069966	-0.096849	-139.149472	0.121924
6258.400541	-124.107578	0.443007	-67.398127	0.246674	-124.096723	-0.010394	-126.588587	-0.010212
6300.403229	-101.695168	0.415487	-75.168844	-0.206893	-119.563509	0.368253	-122.078575	-0.410353
6342.405917	-122.433534	-0.171082	-86.711185	-0.019788	-120.632263	-0.304701	-123.922278	-0.370682
6384.408605	-123.217094	0.029389	-67.164686	0.168447	-122.120837	-0.266601	-117.027601	0.100185
6426.411293	-129.309653	0.461070	-73.999988	0.480627	-129.371287	-0.147399	-116.057425	-0.279036
6468.413982	-131.615039	-0.054168	-67.475238	-0.098809	-120.309113	-0.327771	-128.169454	0.176223
6510.416670	-128.107416	0.418764	-72.953249	0.265259	-122.743153	-0.280513	-119.782080	0.475565
6552.419358	-121.397472	-0.475144	-86.431536	-0.347704	-126.409174	-0.006008	-130.277665	-0.094815
6594.422046	-120.453120	0.049074	-71.248645	0.116129	-124.235501	-0.034160	-121.034924	0.305369
6636.424734	-121.083983	-0.002359	-85.258815	-0.426914	-118.961888	0.068481	-128.591846	0.000897
6678.427423	-116.819378	-0.451435	-72.188553	-0.332717	-126.505478	-0.023877	-126.520295	0.421732
6720.430111	-122.825187	0.155933	-77.938453	0.419186	-135.823279	0.096550	-120.656927	0.181218
6762.432799	-117.641085	-0.003050	-69.674848	0.216483	-125.559457	0.193103	-117.807931	-0.117428
6804.435487	-119.879568	0.033587	-78.754358	-0.017752	-130.292356	-0.463061	-121.583003	-0.073278
6846.438175	-125.909287	-0.295356	-71.857167	-0.012927	-122.598089	-0.309490	-121.580997	-0.189914
6888.440864	-125.171613	0.140615	-73.320045	0.275578	-128.087599	-0.427237	-118.645234	0.249420
6930.443552	-137.514062	-0.395147	-66.583131	0.041254	-132.033650	0.238094	-120.284357	0.383132
6972.446240	-125.710775	0.123205	-78.426806	-0.026882	-118.407022	0.117952	-124.701038	-0.000578
7014.448928	-118.075774	0.098798	-74.306641	0.459983	-122.697867	0.213672	-115.929680	0.009017
7056.451616	-123.929775	-0.375058	-76.085232	0.216845	-121.294166	-0.417392	-123.633491	-0.386659
7098.454304	-123.222201	-0.125653	-75.138971	0.282241	-121.027270	0.393676	-123.272930	-0.303746
7140.456993	-122.982956	0.277220	-71.201392	-0.214007	-117.937258	-0.020903	-122.479249	0.287904
7182.459681	-125.325360	0.236651	-72.348249	-0.398535	-130.149534	0.175844	-120.663004	0.112910
7224.462369	-123.449871	0.207660	-74.238991	-0.046865	-120.128714	0.302289	-115.393623	0.209527
7266.465057	-127.395771	0.469861	-74.100768	0.376963	-118.936966	0.396077	-123.364514	0.267172
7308.467745	-119.664628	0.081571	-87.364819	-0.177935	-122.132424	-0.151819	-124.538437	-0.496423
7350.470434	-125.235577	0.241296	-77.130885	0.102154	-131.375572	0.390253	-123.975200	0.477529
7392.473122	-121.557679	0.134199	-78.212192	0.205106	-119.819385	0.384283	-135.008069	-0.149519
7434.475810	-121.348695	-0.105652	-80.895919	-0.181703	-118.519647	0.003189	-124.083246	0.444390
7476.478498	-122.272283	0.291244	-68.288973	0.225865	-124.845540	0.316010	-125.611226	-0.086113
7518.481186	-126.034202	-0.048025	-73.739126	-0.495589	-119.052990	0.091935	-125.471630	0.342655
7560.483875	-107.651569	-0.314051	-85.034012	-0.216819	-118.187748	0.197920	-137.796692	0.444989
7602.486563	-125.839060	-0.322124	-73.415247	-0.013065	-123.806516	-0.118565	-130.902932	-0.384448
7644.489251	-121.193975	0.070907	-72.643321	-0.469432	-133.618251	0.302906	-120.592316	-0.158584
7686.491939	-132.448242	-0.496982	-88.360571	0.341189	-124.437521	-0.019715	-120.080619	0.303928
7728.494627	-121.728893	0.452408	-74.691838	0.202603	-125.416235	0.207412	-124.161681	0.437265
7770.497316	-116.889458	-0.344679	-82.066205	0.157783	-134.343435	-0.209043	-128.384144	0.047641
7812.500004	-126.152290	-0.368862	-79.272916	-0.412619	-125.479503	0.019535	-120.723594	-0.379079
7854.502692	-120.195019	0.283689	-70.111548	0.189203	-124.565658	0.449590	-118.894363	0.466506
7896.505380	-127.451808	0.042179	-70.728890	-0.037075	-122.992301	-0.090791	-121.315847	0.022077
7938.508068	-121.458087	-0.020899	-67.639680	-0.408925	-117.696259	0.040137	-117.438123	0.054912
7980.510757	-120.015270	0.224346	-74.458657	-0.276021	-133.475511	0.369565	-125.353460	0.468773
8022.513445	-122.233903	-0.197469	-88.106467	0.189918	-119.992559	-0.492493	-120.621764	-0.130960
8064.516133	-121.772146	0.388360	-83.959139	0.071445	-144.829099	0.350310	-122.546415	0.098444
8106.518821	-125.770141	0.426512	-72.522673	-0.144227	-132.868645	0.337515	-124.047785	-0.499560
8148.521509	-120.163170	-0.259754	-78.837199	0.324375	-117.834570	-0.188056	-120.698434	0.380134
8190.524197	-124.819885	-0.020474	-78.957281	-0.054557	-117.656090	-0.080950	-135.058972	-0.326570
8232.526886	-125.216425	0.019097	-84.133913	0.452121	-139.017102	-0.197003	-124.629179	0.241283
8274.529574	-121.610392	0.175586	-76.293881	-0.479518	-123.799994	0.363820	-122.482204	-0.358911
8316.532262	-124.106020	0.127088	-79.618433	0.132768	-138.838290	0.102072	-119.149274	-0.110679
8358.534950	-119.416711	-0.084201	-75.430398	0.194902	-127.973714	0.283072	-123.168427	-0.086109
8400.537638	-125.861830	0.170143	-80.808730	0.321161	-117.380912	0.474213	-119.246099	0.315444
8442.540327	-118.308131	-0.218229	-86.982014	0.355077	-119.779068	0.032122	-124.103951	-0.093985
8484.543015	-121.377607	0.193910	-90.963859	0.127713	-123.646528	0.121317	-124.321967	-0.230548
8526.545703	-117.313022	-0.265550	-69.530469	0.328794	-121.862684	-0.338326	-128.842658	-0.106616
8568.548391	-121.508572	0.300409	-74.650245	-0.377357	-123.579907	0.348890	-125.681472	0.410586
8610.551079	-122.566485	-0.311145	-71.044626	-0.132384	-125.928180	0.243365	-128.215542	-0.267670
8652.553768	-121.440363	-0.049021	-77.149852	-0.364242	-121.885914	0.464539	-124.253017	0.036597
8694.556456	-118.953370	-0.484537	-78.755078	-0.243482	-126.476903	-0.406965	-132.936944	-0.312518
8736.559144	-135.147203	-0.009380	-82.349251	0.178614	-121.668721	-0.270626	-117.784200	0.294504
8778.561832	-125.092157	-0.216268	-76.464326	0.371255	-123.847329	-0.197528	-123.793428	0.294437
8820.564520	-124.094039	-0.396016	-74.692227	-0.007945	-119.931484	-0.434329	-127.092251	-0.193777
8862.567209	-128.201195	-0.234391	-69.046589	0.051377	-121.777497	0.181277	-133.522474	0.007032
8904.569897	-119.606914	-0.326284	-73.578842	0.469881	-131.857903	0.236995	-126.203377	0.401223
8946.572585	-128.074929	-0.099151	-75.437203	-0.476582	-122.478356	0.481636	-122.178024	-0.402718
8988.575273	-125.592239	0.348937	-74.875132	0.260970	-120.028524	0.375253	-123.516414	-0.150580
9030.577961	-121.083032	0.341087	-81.645987	-0.490316	-120.849804	0.413502	-124.586615	0.038807
9072.580650	-130.810903	-0.316328	-74.459830	0.286908	-123.667416	0.390672	-137.053899	0.309474
9114.583338	-124.155667	0.232745	-80.236946	-0.360848	-123.105321	0.214245	-118.359822	-0.082739
9156.586026	-124.584332	-0.499003	-85.459941	0.085552	-123.020102	-0.473890	-125.004113	-0.485951
9198.588714	-123.354805	-0.445581	-78.915508	-0.123837	-128.092877	-0.245798	-127.448573	0.307565
9240.591402	-123.314588	0.358919	-85.202027	-0.288794	-122.458601	-0.457082	-123.058493	-0.245233
9282.594090	-125.817290	0.313729	-75.800849	-0.314293	-129.709191	0.311239	-124.836808	-0.065879
9324.596779	-123.888387	-0.478825	-77.148123	-0.491656	-125.006570	0.380695	-126.943248	0.124321
9366.599467	-134.589453	0.296657	-97.380966	-0.245277	-123.966271	0.027549	-118.379689	-0.379863
9408.602155	-126.581173	-0.241306	-72.626974	0.495944	-121.462948	-0.056173	-116.778415	0.461100
9450.604843	-117.546782	0.021075	-73.144655	0.086317	-125.748651	-0.364242	-119.992764	0.039274
9492.607531	-123.443717	0.412999	-71.521001	0.131259	-123.796410	0.266205	-117.879182	0.403319
9534.610220	-121.610486	0.375785	-72.009193	0.242731	-128.963800	-0.102265	-131.230896	0.140064
9576.612908	-121.485912	-0.208455	-77.023422	-0.168332	-119.893225	0.042557	-120.278832	0.446698
9618.615596	-123.417043	-0.319124	-89.965742	0.281459	-123.248052	0.286666	-123.821904	0.360957
9660.618284	-122.343446	0.031248	-80.148804	0.402785	-122.140247	0.351521	-128.953471	0.050759
9702.620972	-120.887029	0.097090	-70.276026	0.183062	-121.171410	-0.099523	-128.694659	-0.029173
9744.623661	-128.740545	0.325898	-77.263081	-0.088072	-129.965702	0.002842	-121.840836	-0.205078
9786.626349	-131.885455	0.320930	-80.306341	-0.334536	-122.944898	0.069837	-116.007215	0.260085
9828.629037	-117.785003	-0.236081	-78.163377	0.168680	-115.903351	-0.217250	-126.125959	-0.484492
9870.631725	-122.600296	-0.474863	-70.600175	-0.308020	-127.679460	-0.141550	-132.067987	-0.340720
9912.634413	-127.614631	0.260394	-88.429318	0.120616	-124.555770	-0.042761	-129.995055	-0.334852
9954.637102	-115.753134	-0.205374	-74.084190	-0.023897	-120.260028	-0.297735	-122.581877	0.479924
9996.639790	-115.832851	0.263861	-81.640749	0.460688	-115.877616	-0.421071	-116.951864	0.456622
10038.642478	-127.854809	-0.478412	-77.107536	-0.416562	-123.458093	-0.444202	-121.189861	-0.395869
10080.645166	-105.475837	-0.226808	-79.934746	-0.003729	-125.679451	0.113343	-122.246580	-0.438231
10122.647854	-122.940453	-0.211033	-80.083581	0.384062	-128.185550	0.235726	-129.946933	0.291343
10164.650543	-119.347371	0.455301	-72.487832	0.116337	-133.061584	0.223839	-122.877212	0.420658
10206.653231	-117.752006	-0.324087	-77.664079	0.112590	-115.771433	-0.165800	-122.711551	-0.395764
10248.655919	-119.446562	-0.202707	-78.379478	-0.030643	-135.178070	0.237296	-119.159078	-0.381717
10290.658607	-129.778238	-0.489225	-78.762644	-0.459324	-121.659376	-0.353939	-124.351376	0.234783
10332.661295	-120.299084	0.349013	-75.535562	-0.156848	-126.534852	-0.363926	-125.370122	0.284890
10374.663983	-128.894039	-0.130033	-73.090586	-0.491893	-131.113535	0.164434	-119.730694	0.407841
10416.666672	-126.208228	-0.340088	-78.986843	-0.428338	-147.165711	-0.063592	-129.991472	0.487663
10458.669360	-122.604202	0.479693	-79.327354	0.286646	-126.359676	0.448902	-126.755172	0.176401
10500.672048	-128.223916	0.325469	-86.506021	-0.435903	-118.199146	-0.240685	-124.354625	-0.139348
10542.674736	-126.286532	-0.094430	-72.570206	-0.372640	-124.061489	-0.366334	-120.484659	0.242781
10584.677424	-122.234068	0.016940	-74.850272	0.383661	-121.742906	-0.013039	-126.484940	-0.128073
10626.680113	-124.016021	0.051195	-94.792897	-0.145016	-127.234623	0.197446	-118.762666	0.078416
10668.682801	-127.798539	-0.103004	-81.738406	0.077320	-117.776069	0.381062	-120.200775	0.289641
10710.685489	-126.516517	0.452575	-71.984518	0.196577	-129.585973	-0.192138	-122.488294	0.495927
10752.688177	-117.974982	0.322432	-75.199044	0.258446	-115.187239	0.192513	-119.075505	0.022586
10794.690865	-123.072795	0.302438	-75.838660	0.453172	-131.198739	-0.102671	-129.124973	0.104072
10836.693554	-120.546380	0.272932	-80.408234	-0.242205	-118.483666	0.111567	-127.543574	0.467498
10878.696242	-131.814920	-0.442126	-74.637590	-0.134996	-121.763749	-0.353774	-120.206821	0.125403
10920.698930	-135.500756	0.128601	-74.658557	-0.269521	-117.622622	0.299778	-123.922907	0.057418
10962.701618	-124.612906	-0.379659	-76.750662	-0.491850	-124.086132	-0.405671	-125.932763	0.475153
11004.704306	-119.591899	-0.455472	-77.947444	0.449129	-144.659594	-0.073801	-128.122193	-0.373795
11046.706995	-125.444890	-0.172989	-78.979343	0.019632	-132.158416	0.132657	-120.770523	0.050350
11088.709683	-121.246092	0.274667	-73.837405	0.109800	-134.074455	0.147309	-117.984530	0.435304
11130.712371	-127.304155	0.446629	-73.097255	-0.010303	-129.864548	0.310097	-122.527926	-0.352058
11172.715059	-123.658973	0.364364	-69.144085	-0.413234	-120.427418	-0.425378	-124.342961	-0.250382
11214.717747	-129.475041	-0.158001	-77.587996	0.319984	-116.146255	0.301154	-117.518028	0.314127
11256.720435	-134.848431	-0.244797	-78.602622	-0.255232	-124.270749	0.247477	-126.628513	0.271495
11298.723124	-132.384665	-0.272491	-83.550660	0.453083	-125.120304	0.116143	-119.932375	-0.404159
11340.725812	-126.438370	-0.029453	-72.187248	-0.134539	-116.735059	-0.164748	-121.882700	-0.124275
11382.728500	-123.909309	0.285033	-79.605147	0.330435	-113.067497	0.492053	-133.517244	0.278667
11424.731188	-130.355193	-0.352020	-73.461086	-0.290047	-118.824479	-0.304899	-122.483577	-0.247984
11466.733876	-128.406732	-0.416726	-75.632981	0.300235	-120.586698	-0.191983	-121.733778	-0.115921
11508.736565	-124.591799	-0.393512	-84.192595	0.162358	-118.414920	-0.326940	-120.346166	-0.171918
11550.739253	-122.602445	0.371925	-75.822722	0.045079	-123.547824	0.184021	-126.904855	-0.481647
11592.741941	-121.512452	-0.444550	-82.964208	0.469461	-120.826234	-0.207622	-120.754705	-0.120492
11634.744629	-125.737110	-0.093738	-81.763424	-0.260315	-120.728892	-0.040308	-124.253419	0.019761
11676.747317	-122.217030	0.018021	-71.158395	-0.218548	-122.895336	0.088276	-129.048429	0.363492
11718.750006	-131.131515	-0.242693	-72.618691	-0.117787	-122.259226	-0.454919	-121.563051	0.367485
11760.752694	-122.201697	0.352808	-77.364594	0.217315	-127.495246	0.419003	-122.733216	-0.258391
11802.755382	-122.578173	0.099897	-71.834497	0.155437	-122.829132	0.387228	-127.943349	0.215231
11844.758070	-140.855526	-0.210255	-72.015453	0.220571	-126.195916	-0.323680	-128.125958	-0.012437
11886.760758	-126.485257	-0.121206	-78.464703	0.016339	-120.895371	0.458508	-117.268944	-0.312526
11928.763447	-138.893563	0.216768	-73.270553	-0.270551	-119.044464	-0.020800	-124.871523	-0.281939
11970.766135	-128.296830	-0.236170	-73.560238	-0.319363	-119.447964	0.403363	-122.936471	0.372218
12012.768823	-123.968397	-0.361359	-91.173895	-0.270427	-116.968037	0.067950	-119.309650	-0.284862
12054.771511	-127.940797	-0.031016	-79.767237	0.050558	-127.253010	-0.188105	-131.304028	0.495591
12096.774199	-139.844247	0.485932	-74.357122	0.278118	-127.446043	-0.470980	-126.701507	0.052466
12138.776888	-144.974562	0.431550	-77.782232	-0.099360	-124.469889	-0.194833	-132.441023	0.483856
12180.779576	-121.079153	0.472109	-77.007061	0.153474	-120.809563	-0.444724	-122.855152	0.447844
12222.782264	-122.314425	0.013764	-84.938418	0.496013	-129.190394	0.016757	-128.929798	-0.216522
12264.784952	-122.681486	-0.141810	-74.647438	0.076224	-126.481673	0.476158	-118.522883	-0.134620
12306.787640	-119.137199	0.388225	-75.650364	-0.130746	-131.558909	-0.014233	-121.701359	0.090745
12348.790328	-120.433049	0.242488	-75.288845	0.125095	-124.318821	-0.023281	-124.809196	-0.427050
12390.793017	-120.872915	0.311555	-77.288713	-0.051191	-123.886940	-0.403196	-122.009964	0.189024
12432.795705	-121.718153	-0.273639	-80.418905	0.150873	-122.860338	-0.314494	-122.907276	-0.498283
12474.798393	-126.743421	-0.280038	-77.931479	-0.131438	-120.444538	0.124948	-125.372965	-0.334898
12516.801081	-121.554868	-0.474146	-97.466481	0.415968	-123.616990	-0.346278	-125.565655	-0.044590
12558.803769	-116.059369	0.002828	-76.337437	-0.095523	-127.480178	0.428882	-124.227247	-0.237858
12600.806458	-107.379419	-0.164549	-86.005027	0.013743	-121.339207	0.248351	-124.665522	0.056261
12642.809146	-128.897700	0.194053	-92.827719	0.061208	-121.110468	0.192771	-127.256889	-0.096489
12684.811834	-146.085896	-0.132461	-92.605001	-0.416897	-132.949946	-0.095250	-125.171187	-0.425317
12726.814522	-130.247470	0.135262	-73.603985	0.255939	-125.148957	0.388858	-131.723630	-0.162308
12768.817210	-127.104486	0.206254	-81.474666	-0.100345	-134.453061	0.276447	-122.808934	0.173227
12810.819899	-127.675988	0.425158	-81.665360	-0.062693	-121.838379	0.216747	-121.803756	0.330802
12852.822587	-120.523255	0.129858	-78.079076	0.368941	-125.082540	0.183020	-125.053048	0.212517
12894.825275	-124.422144	-0.204462	-80.379875	-0.061336	-131.952491	0.204986	-142.917806	-0.128274
12936.827963	-117.556576	0.420179	-82.001408	-0.341399	-120.356912	0.291307	-125.518031	-0.435109
12978.830651	-125.354450	0.300240	-84.227084	0.328968	-125.019875	0.046699	-120.695189	-0.464280
13020.833340	-127.240619	0.118658	-82.378633	-0.399739	-126.340765	0.189315	-121.266187	-0.248098
13062.836028	-127.185174	0.253920	-75.278320	-0.136659	-135.443432	-0.275122	-126.134115	0.108865
13104.838716	-121.847633	-0.339955	-74.680104	0.170927	-121.034917	-0.468283	-119.096871	-0.359607
13146.841404	-124.136975	-0.203208	-71.592701	-0.208124	-126.220295	-0.303228	-122.328664	0.227942
13188.844092	-124.821600	-0.316532	-85.653680	-0.119676	-117.278466	-0.467166	-121.053801	-0.266738
13230.846781	-124.615777	-0.241634	-84.909856	-0.137046	-122.482776	-0.248384	-138.936621	0.114908
13272.849469	-121.496424	0.287124	-74.899062	0.226743	-117.195589	0.386389	-122.199220	-0.016221
13314.852157	-126.607465	0.100853	-78.355159	-0.379477	-129.018242	0.203615	-121.769976	0.061620
13356.854845	-117.743992	-0.225158	-75.776104	0.221650	-123.299485	-0.452861	-130.418426	0.459471
13398.857533	-126.333634	-0.468975	-89.094279	-0.019063	-119.292476	-0.337246	-130.825001	0.424081
13440.860221	-137.655910	-0.332743	-79.402986	-0.188601	-129.235254	-0.214294	-129.844759	0.025314
13482.862910	-125.330551	-0.183297	-73.801579	0.472420	-122.914519	0.392035	-119.388926	0.188733
13524.865598	-129.434548	-0.345971	-75.179493	-0.162709	-123.237878	0.141861	-129.425309	0.409173
13566.868286	-117.859833	-0.471362	-101.762437	0.129238	-133.461383	0.046811	-122.287563	0.069169
13608.870974	-120.365726	0.326307	-83.118952	-0.413170	-122.267260	-0.476985	-131.916770	-0.348671
13650.873662	-130.194067	0.283398	-86.371030	-0.290455	-116.380397	-0.420775	-124.523916	0.442940
13692.876351	-118.441497	0.173823	-81.608394	-0.345664	-115.787994	-0.002904	-136.654196	0.037210
13734.879039	-130.591955	0.401917	-80.155607	0.109888	-115.899778	0.497224	-137.243676	0.008730
13776.881727	-132.620257	0.026837	-82.559723	0.235368	-122.054347	0.386379	-121.246773	0.257646
13818.884415	-119.535013	-0.395926	-77.219102	-0.233363	-119.946248	-0.470475	-123.332144	-0.457060
13860.887103	-117.942499	0.052775	-89.758362	-0.348933	-120.895188	0.226521	-120.982707	0.174269
13902.889792	-120.317041	-0.135438	-76.940147	0.465969	-124.918554	-0.064520	-121.947078	0.032051
13944.892480	-136.835648	-0.471372	-71.818790	-0.079676	-123.885492	0.035521	-121.218655	-0.362495
13986.895168	-122.865775	0.213345	-76.731834	-0.233918	-126.197041	-0.160038	-123.190263	0.206567
14028.897856	-127.521403	0.031167	-81.037519	0.025711	-120.469784	0.066987	-121.572417	-0.198819
14070.900544	-136.692445	0.297001	-95.050690	0.373221	-116.839427	0.429201	-121.542692	0.486102
14112.903233	-122.652392	-0.262332	-79.730405	-0.372502	-117.417251	-0.388472	-120.971916	-0.389508
14154.905921	-134.020101	0.167140	-83.447644	-0.152033	-121.078377	-0.036925	-124.615830	0.314848
14196.908609	-116.601339	0.273161	-84.644950	0.119419	-126.193070	0.083495	-124.095517	0.159569
14238.911297	-137.971973	-0.292582	-74.182882	0.212982	-133.241712	-0.121837	-134.346798	0.303068
14280.913985	-124.407558	0.332783	-83.762304	-0.124708	-125.636276	-0.274604	-123.270400	0.104043
14322.916674	-121.879995	0.319695	-73.368815	0.163905	-121.888838	-0.395331	-128.595541	-0.266361
14364.919362	-120.593014	-0.482223	-76.272971	-0.189994	-126.034829	-0.151815	-126.442492	0.456483
14406.922050	-127.089584	-0.109259	-79.752818	0.134163	-126.172771	0.193570	-125.983372	0.307728
14448.924738	-117.694943	-0.139602	-86.837212	0.368289	-124.714043	-0.179960	-123.406845	0.063045
14490.927426	-121.528621	0.041842	-79.136105	-0.082966	-117.327653	0.014289	-119.533764	0.067191
14532.930114	-123.903036	0.213366	-85.042310	-0.136848	-124.454627	0.000837	-117.395450	0.138427
14574.932803	-140.459919	-0.325077	-79.341932	0.014966	-128.121567	-0.367125	-130.214472	-0.013187
14616.935491	-119.121349	0.171952	-80.338506	-0.402164	-128.603496	0.277906	-116.271870	0.067129
14658.938179	-121.250617	-0.183120	-75.474004	-0.250355	-133.341665	-0.438152	-131.300374	-0.490410
14700.940867	-127.615370	0.336583	-74.986892	-0.234809	-123.168833	-0.489640	-122.432505	0.030088
14742.943555	-119.045903	-0.026617	-87.379926	-0.355602	-134.732379	0.117405	-130.655090	0.310138
14784.946244	-126.895805	0.428470	-74.823999	-0.091949	-124.294547	0.123900	-127.262770	-0.244268
14826.948932	-124.532705	0.382276	-85.450171	-0.337955	-118.756528	0.116216	-122.048477	-0.042688
14868.951620	-138.280395	-0.316721	-78.664188	0.183031	-130.380544	0.279987	-123.173478	0.094355
14910.954308	-122.795895	-0.079064	-76.850300	0.074214	-130.460214	0.084598	-124.555942	-0.133339
14952.956996	-120.682967	-0.483615	-84.099450	0.296174	-119.645393	0.296028	-128.776710	0.279108
14994.959685	-123.630360	0.122237	-95.208879	-0.152632	-120.706034	-0.209578	-127.829433	-0.430052
15036.962373	-127.383302	0.110309	-79.177614	-0.215420	-136.109876	0.346572	-120.986200	0.469258
15078.965061	-123.298139	-0.185114	-83.250407	0.302022	-123.429159	-0.210003	-124.267226	-0.070870
15120.967749	-116.093270	-0.000211	-92.656362	0.220357	-121.348880	-0.017574	-120.914035	-0.035599
15162.970437	-125.151658	-0.308651	-76.314048	-0.037802	-125.559726	0.367557	-123.361297	-0.379857
15204.973126	-120.805050	0.088757	-81.163230	0.329638	-127.618387	0.034070	-119.931788	-0.299149
15246.975814	-117.862467	-0.455560	-84.885282	0.013991	-120.658679	0.434540	-124.383259	-0.387408
15288.978502	-119.481533	0.208575	-76.640677	-0.447256	-118.403102	0.139754	-119.724927	0.118834
15330.981190	-123.077542	0.491017	-76.986393	0.199801	-119.001319	0.285056	-121.526792	0.475614
15372.983878	-127.669319	0.400873	-81.670355	-0.189004	-118.132370	-0.326117	-134.249029	0.017419
15414.986567	-114.994212	0.199996	-80.772017	0.036968	-122.116713	-0.041308	-117.826623	0.074188
15456.989255	-122.480296	0.035935	-77.129105	-0.361289	-128.489816	-0.266380	-120.240274	-0.093115
15498.991943	-117.240218	0.231602	-83.281521	0.305559	-119.964824	0.238706	-127.698183	0.081690
15540.994631	-124.282271	-0.207621	-75.945890	-0.314914	-120.628681	0.387282	-117.242731	0.308924
15582.997319	-129.831652	0.043835	-78.437823	0.374349	-137.267532	0.005279	-126.283685	-0.345341
15625.000007	-119.967030	0.174504	-81.062334	-0.255782	-115.711966	0.399427	-120.248937	0.462842
15667.002696	-126.497399	-0.399983	-84.447813	-0.026282	-129.288623	-0.292682	-120.351155	0.126035
15709.005384	-117.507040	-0.160315	-82.881809	0.325060	-123.363820	-0.273396	-136.240556	-0.211291
15751.008072	-126.702088	-0.459720	-85.688742	0.474978	-132.623139	0.254556	-120.330994	-0.058712
15793.010760	-131.804471	0.406982	-72.255209	0.389268	-122.496634	0.294940	-120.429154	0.396068
15835.013448	-118.816233	0.425363	-86.331634	0.081331	-130.162410	0.431885	-128.331366	0.157833
15877.016137	-127.233224	-0.069662	-83.271057	-0.442020	-121.153223	-0.051397	-131.576003	0.050635
15919.018825	-117.572680	0.122607	-93.023601	-0.084686	-121.805222	-0.208236	-123.715674	-0.116012
15961.021513	-117.418406	-0.447950	-82.403599	0.211250	-125.196449	-0.401359	-124.252992	-0.076415
16003.024201	-127.906994	-0.407309	-90.957831	-0.343145	-128.063420	-0.452011	-129.583388	0.422057
16045.026889	-131.044534	-0.023649	-78.810501	-0.389577	-122.727150	0.447802	-122.734166	0.225137
16087.029578	-126.737637	-0.277465	-75.693886	0.072791	-123.387765	0.204774	-125.187125	0.109662
16129.032266	-127.553899	-0.199228	-80.067021	-0.352519	-121.220801	-0.158980	-119.303384	-0.230188
16171.034954	-123.785550	-0.219256	-84.570983	0.047516	-122.361045	0.044279	-122.818826	0.168268
16213.037642	-124.886908	-0.346894	-90.052645	0.138042	-118.007166	0.358156	-127.744080	-0.029418
16255.040330	-131.097388	-0.142869	-82.237034	-0.252910	-129.999095	-0.246880	-126.569393	0.324556
16297.043019	-124.091236	-0.111646	-73.967545	-0.493012	-134.139506	-0.331389	-122.412568	0.016066
16339.045707	-122.048596	-0.218695	-79.516697	-0.235182	-118.151348	0.107126	-130.668955	-0.167150
16381.048395	-113.569139	0.253427	-77.231069	-0.496905	-121.433819	0.120633	-123.839670	-0.351806
16423.051083	-126.861657	-0.129619	-75.517371	-0.086104	-132.117960	-0.161647	-115.794656	-0.258435
16465.053771	-122.767482	0.129660	-91.667382	0.347038	-125.801892	-0.170595	-119.850117	0.133193
16507.056460	-123.196676	0.485796	-83.316842	0.242638	-127.563169	0.470786	-123.813200	-0.377963
16549.059148	-117.491407	0.368517	-75.778605	-0.010909	-122.624721	-0.281968	-119.980857	-0.448456
16591.061836	-120.231024	-0.031441	-82.219619	-0.400480	-122.973634	0.227028	-130.822495	0.455378
16633.064524	-126.139369	-0.241571	-84.775678	0.329516	-117.507950	0.304638	-119.795983	0.252012
16675.067212	-127.534933	-0.244323	-84.155688	0.379814	-118.279847	0.403508	-132.061874	-0.278810
16717.069900	-119.286017	0.169933	-82.596585	-0.145905	-129.381619	0.420338	-124.227512	0.336955
16759.072589	-122.710422	0.067941	-84.859804	-0.327143	-133.934782	0.089261	-117.881967	-0.086066
16801.075277	-131.875793	-0.152452	-78.378638	-0.463610	-117.964061	0.447806	-119.329669	0.340784
16843.077965	-130.660216	0.260916	-88.839188	-0.284683	-123.844306	0.457439	-130.769670	-0.431003
16885.080653	-141.273019	-0.436089	-83.246980	0.000541	-122.856801	0.165806	-136.245777	-0.300488
16927.083341	-117.326209	0.445706	-81.551568	-0.041667	-122.941712	0.317256	-119.169189	0.122834
16969.086030	-127.348043	0.449090	-85.092859	-0.333357	-120.864909	-0.477292	-125.652744	-0.404903
17011.088718	-120.838049	0.361690	-80.034266	-0.412214	-134.630264	0.036834	-121.512669	0.317928
17053.091406	-127.662254	0.115960	-79.898057	0.286931	-127.903334	0.237954	-122.725397	0.283898
17095.094094	-118.130592	-0.143493	-84.700879	-0.066385	-130.598118	0.122094	-131.426017	-0.134699
17137.096782	-123.213258	0.183419	-91.902847	0.124383	-123.690210	0.372646	-122.409638	0.264179
17179.099471	-121.981101	-0.012159	-78.047750	0.417231	-120.373415	0.339983	-133.648320	-0.244220
17221.102159	-124.874371	0.390981	-86.097057	0.349230	-116.562268	-0.372163	-122.376446	-0.411339
17263.104847	-126.268712	0.031785	-94.386008	0.110426	-115.057113	-0.215913	-119.858025	0.466065
17305.107535	-117.433484	0.436885	-83.291959	-0.115386	-127.917128	-0.130168	-131.241183	-0.499414
17347.110223	-129.775809	-0.148550	-88.503391	0.449897	-128.366396	0.206428	-131.405884	0.492505
17389.112912	-116.693139	-0.437152	-86.424361	-0.401575	-130.678142	-0.321622	-130.601545	-0.324430
17431.115600	-119.629902	-0.176109	-82.116542	-0.125964	-118.637855	-0.266732	-131.769702	0.368242
17473.118288	-126.758403	0.127933	-79.621917	-0.468508	-120.975272	-0.000642	-122.551292	0.157585
17515.120976	-117.721929	-0.089297	-76.326949	-0.302039	-132.256962	-0.206613	-122.568035	0.268619
17557.123664	-127.410285	-0.273882	-86.902827	0.336140	-128.330250	0.384253	-127.253010	-0.480045
17599.126353	-121.410925	-0.122259	-83.709947	-0.453583	-117.518891	-0.390623	-127.841108	0.351217
17641.129041	-111.150511	-0.027779	-80.626211	0.165530	-118.834498	-0.115726	-128.882626	-0.279986
17683.131729	-124.098680	-0.383732	-93.029444	0.046728	-125.113438	-0.194267	-130.226996	0.017567
17725.134417	-120.365421	0.117324	-82.392838	0.410874	-119.926404	0.017663	-120.663751	0.214993
17767.137105	-137.312206	-0.242755	-81.854209	0.075415	-121.806413	0.287568	-122.976079	-0.287519
17809.139793	-117.800861	0.058163	-78.386220	-0.366725	-119.165977	0.155511	-131.351014	0.171351
17851.142482	-132.741003	0.103316	-74.519278	0.325445	-130.447735	0.386314	-126.908070	-0.310216
17893.145170	-123.288267	-0.254563	-77.978657	-0.414106	-130.601758	0.230438	-120.424785	-0.157907
17935.147858	-121.419684	0.414065	-88.074405	0.439909	-121.031910	-0.079423	-122.963755	0.232303
17977.150546	-124.236644	-0.051383	-79.400965	0.448788	-124.317356	-0.486162	-119.876435	0.161817
18019.153234	-126.454103	-0.222789	-79.781475	0.415309	-121.852666	-0.322360	-126.645837	-0.093192
18061.155923	-121.089019	-0.243535	-82.757524	0.421256	-125.121089	0.344294	-118.057072	0.493209
18103.158611	-139.278397	-0.417414	-80.497326	0.205713	-131.938534	-0.213208	-123.186394	0.172915
18145.161299	-119.496262	-0.483644	-79.520187	0.037029	-122.913523	-0.421701	-122.661582	0.047031
18187.163987	-130.904218	0.261579	-75.485043	-0.304930	-121.286910	-0.405034	-122.384024	0.286216
18229.166675	-120.524259	-0.056557	-75.089161	-0.177197	-140.179061	0.197290	-119.700195	0.128191
18271.169364	-124.151392	0.293333	-87.495446	0.321192	-121.821629	0.367865	-123.106904	0.100251
18313.172052	-120.248855	-0.465656	-88.352866	-0.404274	-125.645363	-0.482486	-125.715260	0.499875
18355.174740	-121.229782	-0.011287	-78.979662	0.364481	-122.141303	0.337971	-121.590794	0.318856
18397.177428	-120.993048	0.467418	-91.938706	0.431279	-126.932683	0.195886	-126.902327	0.384897
18439.180116	-124.012498	0.445082	-84.831898	0.227843	-145.292890	-0.278129	-115.633691	0.218246
18481.182805	-126.118490	-0.009403	-90.010123	-0.039219	-125.417820	0.455230	-132.441938	-0.372408
18523.185493	-126.217298	-0.469945	-83.591845	0.328422	-127.400285	0.369452	-123.503157	0.061763
18565.188181	-118.384289	-0.197006	-79.432566	0.464234	-117.847478	0.072094	-130.866142	-0.321110
18607.190869	-145.178376	-0.055091	-90.722661	-0.030480	-131.006229	-0.165402	-119.804394	0.408985
18649.193557	-119.759003	-0.428286	-77.968399	-0.385288	-122.542516	0.437532	-124.034234	0.283751
18691.196246	-123.173384	-0.138610	-80.253788	-0.040381	-120.546546	-0.223393	-130.031694	-0.493062
18733.198934	-131.278839	0.249856	-82.768469	-0.016566	-133.825557	0.022952	-127.360032	-0.119541
18775.201622	-117.657614	-0.091901	-87.332993	0.480064	-129.114967	-0.341270	-121.668061	-0.134322
18817.204310	-122.255626	0.131023	-76.082994	-0.258666	-123.329865	-0.276538	-126.658923	0.051609
18859.206998	-131.567543	-0.126312	-83.714061	0.252627	-123.051724	-0.433180	-120.909752	-0.031735
18901.209686	-107.379164	0.295965	-80.816260	0.101974	-124.933507	0.395725	-128.817873	-0.136042
18943.212375	-123.848942	0.329281	-81.965326	-0.109322	-119.788257	-0.380914	-123.934486	0.032991
18985.215063	-123.005834	-0.459070	-85.148208	-0.293801	-134.966331	-0.417712	-123.300373	-0.297189
19027.217751	-128.755735	-0.419609	-80.087222	-0.364800	-128.070646	-0.153452	-125.259356	-0.443271
19069.220439	-126.271778	0.194866	-78.214146	0.245908	-119.683555	-0.300805	-120.810192	-0.122355
19111.223127	-124.788756	-0.147843	-92.489797	-0.172408	-129.148099	0.111185	-125.535285	-0.170944
19153.225816	-125.430727	0.151021	-75.469521	-0.399469	-125.454459	-0.405878	-126.147271	-0.346743
19195.228504	-130.404450	-0.301967	-86.012541	0.393945	-116.461606	0.227965	-130.275175	-0.089495
19237.231192	-128.777982	-0.259856	-87.107339	-0.049775	-117.730260	-0.235207	-122.615992	-0.087938
19279.233880	-117.143983	-0.496842	-81.245651	0.153467	-125.409752	0.350474	-125.312431	0.098829
19321.236568	-122.804828	0.047123	-84.195674	0.066952	-119.440076	0.346411	-120.365651	-0.485397
19363.239257	-120.152797	-0.291731	-79.203844	-0.200541	-121.853707	0.413029	-124.511754	0.404394
19405.241945	-118.760982	-0.089085	-78.444904	-0.416227	-123.034400	0.327367	-125.473682	0.161674
19447.244633	-140.297659	-0.412020	-80.086486	-6.762255E-5	-127.914930	-0.171489	-120.310486	-0.367672
19489.247321	-120.965630	0.492026	-85.592346	-0.350002	-126.319036	-0.478041	-124.093420	-0.193185
19531.250009	-115.701835	-0.399572	-93.765889	0.359464	-123.460405	-0.089546	-127.966979	0.128125
19573.252698	-117.222133	-0.106065	-84.359857	0.240198	-118.523785	0.048810	-122.494243	0.462192
19615.255386	-119.020773	-0.234891	-82.596449	0.101801	-125.852076	0.177016	-120.884737	0.052252
19657.258074	-123.326027	0.468357	-86.294179	0.207280	-123.049856	0.482618	-126.930939	0.025409
19699.260762	-122.607755	0.134962	-82.253858	-0.406652	-115.587054	0.181590	-120.261994	-0.272804
19741.263450	-125.187811	0.315180	-92.237553	0.095580	-122.263020	-0.142676	-120.614423	0.038625
19783.266139	-117.223052	-0.124775	-76.711679	0.381694	-124.695088	0.195126	-126.434808	0.073711
19825.268827	-125.359626	0.175207	-82.349055	0.360296	-131.480800	-0.350751	-120.448432	0.327043
19867.271515	-132.638518	-0.389862	-87.051968	-0.119432	-121.038512	-0.145575	-117.870720	0.260578
19909.274203	-121.665032	0.271326	-88.662047	-0.433811	-123.262383	-0.490586	-123.595177	0.349381
19951.276891	-123.021526	-0.078689	-80.219338	0.020072	-125.211588	-0.140894	-128.604388	0.287129
19993.279579	-124.639348	0.253533	-84.222444	-0.235251	-129.300413	-0.315291	-119.128508	-0.060560
20035.282268	-124.785724	0.045201	-78.350138	0.155823	-121.684334	0.303203	-126.366309	-0.223080
20077.284956	-117.540569	0.181290	-78.928402	-0.414206	-122.561152	0.211301	-140.515224	0.105978
20119.287644	-128.500226	0.094360	-89.868645	-0.162001	-124.891415	-0.273263	-120.136983	-0.191335
20161.290332	-118.146603	-0.012972	-83.825369	-0.087424	-122.198247	-0.295879	-117.676954	0.435855
20203.293020	-118.986981	-0.354731	-81.762899	-0.478928	-124.032935	-0.021737	-117.047865	-0.128777
20245.295709	-135.035959	0.487542	-83.701638	0.129183	-130.273720	0.470532	-120.737794	0.300689
20287.298397	-127.014177	0.026856	-83.687039	0.055262	-118.746013	-0.334159	-119.626864	-0.497900
20329.301085	-117.829019	-0.042945	-81.720999	-0.213046	-120.776117	-0.391908	-119.835254	-0.464024
20371.303773	-130.928136	-0.449339	-81.342824	-0.388531	-118.322395	-0.409570	-125.966472	0.296587
20413.306461	-132.601459	-0.346359	-78.063994	-0.285082	-119.688385	-0.202532	-119.499858	-0.199886
20455.309150	-135.959543	0.464127	-103.507923	-0.147711	-116.661214	0.453576	-126.658908	0.456958
20497.311838	-120.979986	0.367431	-85.902688	0.337515	-118.515338	-0.455035	-131.392880	-0.410420
20539.314526	-122.754719	-0.113844	-83.387676	0.145539	-127.466475	0.113092	-120.619509	-0.130352
20581.317214	-127.465675	0.477869	-78.301814	-0.408847	-117.043403	-0.095310	-119.167251	0.266163
20623.319902	-136.458681	-0.422282	-85.079123	0.070849	-124.514022	-0.328325	-120.713741	-0.498430
20665.322591	-123.112642	0.171939	-88.344600	0.140115	-124.369247	-0.416452	-122.144659	0.199366
20707.325279	-135.237121	-0.272499	-95.768098	-0.342526	-120.173109	-0.181911	-130.721525	0.109910
20749.327967	-122.178865	-0.166150	-84.987327	0.440267	-125.589741	-0.258846	-135.891943	0.466396
20791.330655	-122.284981	0.201341	-85.270357	0.259118	-124.700528	-0.459177	-126.872754	0.158976
20833.333343	-118.262376	-0.445583	-84.764396	-0.066741	-118.917806	0.421964	-127.896706	0.060745
20875.336032	-122.787457	0.186552	-93.300941	0.123944	-121.841163	0.213137	-122.704050	0.224656
20917.338720	-128.998597	-0.351951	-80.221519	-0.281588	-133.534003	-0.358742	-131.245799	0.331751
20959.341408	-120.928499	0.243936	-81.049505	-0.416725	-140.909518	-0.458878	-122.522915	0.206763
21001.344096	-128.175938	-0.280947	-86.734220	0.400232	-122.333894	-0.262863	-137.710161	0.094375
21043.346784	-120.910846	0.264674	-88.190033	-0.277302	-142.376338	0.007438	-132.200392	-0.258860
21085.349472	-132.128742	-0.386047	-79.272617	-0.064568	-130.867287	0.367475	-119.788360	0.384078
21127.352161	-130.515237	0.114896	-80.984111	0.304792	-121.140965	0.017288	-135.209369	0.057416
21169.354849	-124.462478	0.097659	-82.050440	-0.475726	-122.033153	0.005621	-122.821529	-0.405921
21211.357537	-120.957733	0.125897	-82.115059	-0.411507	-140.383590	-0.405236	-136.820043	-0.367583
21253.360225	-118.958953	-0.418929	-80.635261	-0.135188	-123.129294	-0.490359	-114.027699	0.366998
21295.362913	-123.664288	0.163110	-87.396466	-0.352714	-123.789268	0.255657	-129.978250	0.099212
21337.365602	-133.398846	-0.184095	-80.740977	-0.126614	-120.621008	-0.143235	-123.234180	0.039208
21379.368290	-119.998728	0.271739	-81.852127	0.431110	-132.738459	0.170168	-138.295978	-0.018941
21421.370978	-113.351049	0.328321	-81.923248	-0.136406	-125.536525	-0.167524	-119.989238	-0.338737
21463.373666	-117.948984	0.155810	-91.822263	0.189514	-116.051868	-0.353823	-123.699818	0.473500
21505.376354	-123.212455	0.203767	-98.030829	-0.298396	-120.802831	-0.227761	-122.566416	0.026404
21547.379043	-120.487210	-0.008041	-78.709914	-0.348310	-118.264817	-0.090577	-120.418089	0.139504
21589.381731	-118.547848	-0.125300	-89.010054	-0.188249	-124.456813	0.194528	-119.983477	-0.119357
21631.384419	-124.867144	0.139829	-82.668690	0.019076	-115.046306	0.318008	-126.153690	0.046325
21673.387107	-120.829403	-0.293340	-77.465897	-0.399278	-131.284483	0.115540	-136.385917	0.345260
21715.389795	-132.870331	0.301781	-78.650905	0.380815	-121.742436	0.430783	-127.156218	0.047980
21757.392484	-134.745545	0.119069	-77.951194	0.074757	-120.770184	0.201245	-129.559720	0.430449
21799.395172	-132.654858	-0.269357	-95.654908	0.375808	-129.783783	-0.158101	-124.153082	0.278432
21841.397860	-137.177205	0.276000	-89.935741	-0.326458	-122.077488	0.385176	-133.534472	-0.276667
21883.400548	-127.593061	0.178844	-84.280551	0.270654	-135.200719	-0.469431	-119.543838	-0.423280
21925.403236	-128.116615	0.197868	-95.174251	0.493992	-136.793785	0.138603	-118.187738	-0.049469
21967.405924	-121.102501	-0.283426	-83.931560	-0.461201	-119.690162	0.349775	-134.963363	-0.461387
22009.408613	-124.223646	0.429405	-77.517249	-0.215473	-132.848506	0.462721	-118.282657	-0.388332
22051.411301	-125.072888	-0.422917	-78.035589	-0.221223	-124.265982	0.246393	-129.655874	0.183952
22093.413989	-137.733337	-0.443619	-84.695815	0.052658	-119.782330	0.419837	-125.301016	0.207453
22135.416677	-126.987609	0.093534	-81.257904	0.098466	-120.204569	-0.352554	-126.939391	0.454335
22177.419365	-122.580323	-0.133998	-78.340535	-0.181190	-123.678921	0.336837	-127.698456	-0.311410
22219.422054	-132.163698	0.263290	-87.086169	0.338043	-130.970573	0.086740	-121.994423	-0.028220
22261.424742	-118.321136	-0.254994	-86.073008	0.395109	-121.774546	-0.225352	-120.992871	0.410312
22303.427430	-127.467127	-0.413875	-81.850791	0.380828	-119.921476	0.266340	-126.189613	0.454220
22345.430118	-121.930165	0.403862	-79.678455	-0.213027	-119.385810	0.479772	-121.922582	-0.060309
22387.432806	-121.265495	0.495278	-79.766169	-0.233039	-122.127602	-0.137679	-120.471399	0.176420
22429.435495	-128.326385	-0.244499	-79.306136	0.179763	-118.635176	-0.073290	-130.094204	-0.274672
22471.438183	-117.864739	-0.407663	-80.508382	-0.117484	-119.771782	0.231572	-125.405589	-0.443121
22513.440871	-118.583712	0.163502	-96.080612	0.094548	-128.650628	0.324620	-119.391754	0.069728
22555.443559	-130.292084	-0.321596	-85.101194	0.159184	-120.858946	0.433457	-129.787536	-0.353043
22597.446247	-131.373163	-0.371570	-85.721468	-0.049036	-121.483626	-0.175960	-126.673068	0.379793
22639.448936	-128.336414	0.042006	-89.933819	0.125834	-121.975388	-0.476877	-122.707507	-0.152813
22681.451624	-115.816470	-0.392099	-92.850168	0.489861	-120.317242	0.242929	-123.976506	-0.174663
22723.454312	-121.737064	0.408988	-86.497307	-0.349571	-126.728593	-0.221964	-126.025547	-0.473344
22765.457000	-122.477327	0.265673	-90.131418	0.421540	-126.199569	-0.437620	-122.007331	0.427748
22807.459688	-121.268676	-0.061715	-110.212442	0.490900	-115.651464	-0.225790	-118.049806	-0.227397
22849.462377	-129.889529	-0.376772	-78.964405	0.244571	-125.963454	-0.455309	-126.476336	-0.127337
22891.465065	-124.192306	0.202574	-85.775624	-0.084670	-119.274655	0.383421	-122.668902	0.142741
22933.467753	-120.970526	-0.406853	-78.450564	0.045344	-130.308054	-0.446012	-120.523272	-0.096666
22975.470441	-128.227120	-0.360257	-99.567043	-0.443822	-130.939232	0.403646	-135.478758	-0.294630
23017.473129	-123.849960	0.043671	-88.703665	0.465055	-119.191935	-0.332836	-121.805337	-0.460766
23059.475817	-120.417188	-0.045472	-82.051931	-0.213308	-131.211164	-0.164950	-120.162037	0.008172
23101.478506	-126.039334	-0.116360	-84.193940	-0.192974	-124.022658	0.086343	-124.908669	-0.226368
23143.481194	-129.243863	0.160533	-85.178949	-0.474720	-122.272601	0.348476	-119.312955	0.193865
23185.483882	-122.205898	-0.256190	-84.243710	0.000543	-132.281063	-0.476926	-124.265110	-0.316833
23227.486570	-117.244711	0.401820	-77.263852	0.058814	-118.292928	-0.395220	-121.327334	0.330066
23269.489258	-122.546646	-0.056327	-94.055224	0.489143	-119.694299	-0.174198	-121.616794	0.044516
23311.491947	-123.093455	-0.433400	-88.459599	0.420296	-119.699393	-0.062562	-119.837403	-0.048542
23353.494635	-119.573694	0.494213	-98.931519	-0.159546	-118.459848	-0.429138	-126.848111	0.083300
23395.497323	-121.991359	0.475499	-86.109605	-0.381237	-130.669631	0.007392	-119.513796	-0.236031
23437.500011	-123.105891	-0.027417	-83.776287	-0.186557	-121.390405	0.309169	-120.034051	0.334227
23479.502699	-123.539148	0.177695	-87.905041	-0.087157	-121.198799	-0.024481	-118.991393	-0.093908
23521.505388	-122.198660	-0.439169	-83.064654	0.324838	-131.194483	-0.015240	-121.897075	0.430616
23563.508076	-125.430601	-0.362778	-86.271290	-0.148710	-116.578597	0.368409	-127.855209	-0.078882
23605.510764	-124.658571	0.491826	-84.619975	-0.249634	-118.403062	-0.384309	-125.903657	0.135040
23647.513452	-118.743034	-0.284630	-84.706346	0.178103	-118.342077	-0.239197	-116.261829	-0.205173
23689.516140	-121.938473	-0.077663	-82.548467	0.146659	-129.641373	0.399652	-131.434367	-0.090110
23731.518829	-123.561935	-0.093010	-89.247570	-0.267280	-120.503706	-0.180887	-129.616936	-0.052685
23773.521517	-123.358465	0.087895	-87.512338	0.380365	-122.380902	-0.085312	-124.248547	0.405607
23815.524205	-121.299962	-0.191230	-78.929101	0.176290	-125.759880	-0.193139	-125.455107	0.451999
23857.526893	-123.519993	-0.367626	-81.681201	0.033728	-126.827482	0.126475	-122.309341	-0.054404
23899.529581	-123.996603	0.086647	-86.873250	0.474864	-126.147949	0.448586	-125.333391	-0.453824
23941.532270	-123.928758	-0.179268	-85.152547	-0.263270	-119.727821	0.448348	-121.994463	-0.472522
23983.534958	-126.757924	0.431402	-78.945633	0.151912	-116.332987	0.075035	-121.279846	0.376993
24025.537646	-117.446265	0.005733	-78.107647	-0.230882	-139.267479	-0.255484	-122.489616	0.053374
24067.540334	-130.281871	0.455049	-77.232247	-0.236063	-118.606296	-0.365005	-125.263749	0.217221
24109.543022	-120.211527	0.333527	-79.809397	0.075433	-129.980520	-0.028919	-117.991442	-0.329790
24151.545710	-124.677140	0.086384	-86.723184	-0.480866	-128.066124	0.308708	-129.014400	-0.128832
24193.548399	-125.368690	-0.331876	-89.553224	-0.312182	-118.684637	0.305508	-125.698844	-0.404692
24235.551087	-122.903850	-0.045488	-86.929632	0.036683	-126.778025	0.135745	-120.236436	-0.141641
24277.553775	-119.222966	-0.270544	-81.702478	0.280389	-126.152205	-0.430598	-127.089341	-0.237143
24319.556463	-120.694150	-0.329054	-81.069014	0.391838	-117.080048	-0.406162	-136.781898	0.422506
24361.559151	-125.220890	0.427839	-84.561890	0.347585	-117.315993	0.375387	-121.072886	0.454338
24403.561840	-124.642745	0.172930	-84.994034	0.343437	-119.835176	-0.483198	-129.547416	0.286030
24445.564528	-118.197674	0.235563	-85.978170	0.032577	-129.517954	0.069641	-119.277477	0.185242
24487.567216	-130.672670	-0.166348	-83.526611	0.112083	-119.969480	0.451837	-130.122379	0.461042
24529.569904	-125.189618	-0.388440	-94.730341	-0.319966	-124.227426	0.223289	-122.778368	0.450027
24571.572592	-121.085764	0.048401	-89.040685	-0.206325	-127.735208	-0.046050	-125.238904	0.155552
24613.575281	-121.133576	-0.098544	-88.696103	-0.269836	-116.104181	-0.187914	-129.998561	0.276153
24655.577969	-124.580640	-0.194441	-92.525852	0.023872	-119.201051	-0.308559	-122.773327	-0.112017
24697.580657	-122.206838	0.204183	-78.661563	0.461094	-118.115925	0.067652	-121.803453	0.139886
24739.583345	-124.214122	-0.471331	-82.161315	0.126782	-131.947860	0.399015	-121.755040	-0.485451
24781.586033	-121.507996	-0.199089	-79.635529	0.231736	-124.973471	-0.040675	-136.772259	0.229141
24823.588722	-115.881780	0.464273	-93.811480	-0.431954	-119.051257	-0.318314	-124.416214	0.189293
24865.591410	-127.015287	-0.217662	-85.473929	0.339538	-116.340126	-0.411004	-117.448540	0.406181
24907.594098	-122.207697	0.324936	-88.266627	-0.313196	-119.056213	0.029742	-122.225523	0.401856
24949.596786	-134.609790	-0.165071	-90.554112	0.011491	-120.289217	0.161461	-122.198784	0.350751
24991.599474	-130.008671	0.004552	-80.079561	-0.091972	-117.640530	-0.311440	-122.765711	0.308823
25033.602163	-127.825583	0.071016	-88.319322	-0.224731	-122.023530	0.267264	-129.036893	-0.405717
25075.604851	-124.326845	0.120127	-84.167050	0.027502	-127.516722	0.424535	-123.944374	0.222614
25117.607539	-122.116890	-0.169860	-88.906833	-0.476519	-124.870967	0.052282	-121.210984	-0.302470
25159.610227	-125.136867	-0.431721	-84.933832	0.233596	-122.231194	0.314239	-121.507948	-0.154444
25201.612915	-117.238417	-0.262343	-80.563008	-0.080108	-128.607801	-0.476818	-133.919859	-0.313806
25243.615603	-128.303223	-0.061177	-86.328667	0.489065	-121.861278	-0.101232	-118.733963	-0.466248
25285.618292	-125.427956	-0.349793	-84.574640	-0.125966	-118.547857	0.142037	-121.980543	-0.324544
25327.620980	-118.962057	0.440215	-96.035280	0.476955	-126.635329	-0.333474	-120.882782	0.496766
25369.623668	-123.112947	0.434076	-84.454720	0.445550	-129.980543	-0.328914	-135.903071	0.143957
25411.626356	-127.102307	0.044493	-85.263338	-0.071111	-121.673987	0.194088	-120.406399	-0.145691
25453.629044	-124.847135	0.220801	-98.804432	-0.187840	-127.790878	-0.432525	-124.469542	-0.374503
25495.631733	-121.636740	0.154708	-82.435285	-0.311946	-123.655827	0.269964	-121.297230	0.376423
25537.634421	-127.815692	-0.120175	-81.344708	-0.072173	-119.333579	-0.327705	-123.463091	-0.229225
25579.637109	-118.243742	0.144484	-80.091268	0.103572	-125.484255	-0.122964	-120.313677	0.057081
25621.639797	-125.753854	0.150446	-89.828847	-0.119860	-124.324850	0.359897	-122.694385	0.176671
25663.642485	-123.337735	0.323068	-81.414758	0.038683	-132.608978	-0.261816	-124.163907	0.012629
25705.645174	-134.178752	0.257406	-92.534657	0.368646	-120.920797	-0.468377	-126.704969	0.393560
25747.647862	-123.947654	0.153807	-95.077805	0.088126	-121.604295	0.209939	-128.758954	0.162981
25789.650550	-120.317389	0.142689	-89.658081	-0.304514	-121.957412	0.204531	-125.383913	-0.248238
25831.653238	-135.142983	0.298641	-82.449474	-0.289449	-122.224693	0.131284	-121.808174	0.200572
25873.655926	-122.786316	-0.304654	-94.878400	0.284536	-123.726391	0.313206	-127.864564	-0.160688
25915.658615	-126.688567	-0.462173	-101.272599	-0.308263	-117.101136	-0.444390	-117.699389	0.435787
25957.661303	-116.743436	-0.322730	-86.348882	0.375513	-136.568835	-0.207813	-125.947437	-0.030786
25999.663991	-119.741894	0.211824	-80.317376	-0.223708	-123.422252	0.490404	-128.314232	0.261551
26041.666679	-133.599403	-0.345178	-81.598886	0.477268	-133.761261	-0.083258	-124.530001	-0.156615
26083.669367	-123.858074	-0.316890	-92.427913	0.188559	-124.901177	0.078783	-121.970168	-0.456597
26125.672056	-119.440607	-0.369264	-84.747901	-0.242609	-125.634340	0.351729	-128.940754	0.477532
26167.674744	-120.880770	-0.327598	-95.810866	0.395191	-124.052991	-0.443511	-118.128237	-0.235810
26209.677432	-127.126724	0.004992	-81.163061	0.310123	-121.252728	0.482483	-119.244139	0.489666
26251.680120	-123.201485	0.052199	-90.082256	0.242048	-126.861718	0.132454	-141.700946	-0.425834
26293.682808	-120.596478	0.405545	-89.898656	-0.192193	-124.867009	0.315447	-129.780266	0.331896
26335.685496	-119.953838	-0.130522	-94.635304	0.393238	-128.218500	-0.164266	-120.924144	-0.038288
26377.688185	-120.050479	0.264139	-81.337072	-0.008320	-123.939065	0.292840	-134.678760	-0.401582
26419.690873	-120.863396	0.171848	-86.009225	-0.124447	-127.795274	0.115029	-130.887967	-0.292947
26461.693561	-129.546268	0.400497	-81.618864	-0.274224	-135.555059	-0.118927	-128.422909	-0.078594
26503.696249	-133.512256	0.095411	-80.017027	0.145681	-131.090493	-0.314374	-119.782729	0.334353
26545.698937	-122.790611	0.465801	-81.726649	0.046751	-124.260503	0.284639	-126.808976	-0.178051
26587.701626	-126.011858	-0.323965	-79.538285	0.145016	-120.752296	-0.025469	-123.337255	0.082670
26629.704314	-124.750927	0.419911	-91.215002	-0.101984	-122.661544	0.353658	-118.550658	0.333193
26671.707002	-130.649251	-0.213019	-84.364686	-0.164271	-124.195604	0.269596	-120.861429	0.209213
26713.709690	-125.669692	0.409077	-80.698348	-0.218917	-130.357455	-0.102514	-125.627065	0.339388
26755.712378	-122.801232	-0.266856	-87.801192	0.213315	-132.793701	0.158690	-123.363798	0.486709
26797.715067	-124.751645	-0.031838	-81.090269	0.142734	-121.442486	-0.268613	-128.780999	0.006757
26839.717755	-118.520520	-0.032240	-82.857068	0.435416	-124.898878	-0.461383	-123.779459	0.088660
26881.720443	-136.697738	0.028930	-91.295157	-0.474862	-128.393486	0.407282	-127.444411	-0.183413
26923.723131	-130.166052	-0.153853	-84.814485	-0.080020	-136.963031	-0.116271	-120.946248	0.464098
26965.725819	-119.256904	0.241460	-81.950851	-0.478190	-125.365500	-0.473847	-122.858397	-0.222528
27007.728508	-133.132915	-0.010116	-87.107208	-0.491814	-124.284120	0.196425	-121.499651	0.130452
27049.731196	-140.454328	0.205900	-90.935996	-0.170760	-132.949962	-0.221988	-119.585741	0.135291
27091.733884	-123.237174	-0.233479	-93.457052	0.212453	-117.366155	-0.243372	-128.239081	-0.422567
27133.736572	-119.778176	-0.355450	-83.464712	-0.158918	-118.246039	-0.308505	-122.292007	-0.452902
27175.739260	-126.396228	0.245360	-80.892949	-0.224339	-124.014985	0.225997	-124.463900	0.215425
27217.741949	-125.763610	0.213245	-80.210008	-0.134417	-119.995004	0.391585	-127.126678	0.099797
27259.744637	-119.768489	-0.296454	-92.356244	-0.048469	-118.745367	-0.496638	-132.264005	-0.134478
27301.747325	-117.249872	0.484596	-86.327054	-0.055541	-131.063510	0.488363	-123.478961	-0.159736
27343.750013	-117.975274	-0.246301	-82.154536	0.104004	-116.168642	-0.215853	-124.718007	-0.470121
27385.752701	-115.715046	-0.094501	-82.767711	0.307863	-129.193793	-0.140955	-122.927633	0.127229
27427.755389	-121.905616	0.023465	-93.533292	0.130701	-119.182342	0.123525	-120.419508	-0.369614
27469.758078	-118.908972	0.190580	-92.417235	-0.120847	-119.957003	0.137643	-122.442936	0.125430
27511.760766	-130.647800	0.218986	-87.349897	0.134824	-123.434372	0.191605	-151.647408	0.380534
27553.763454	-127.810313	-0.104380	-94.486010	0.167654	-123.785837	0.279315	-126.270882	0.228675
27595.766142	-118.528399	0.066595	-78.464448	-0.197233	-138.633083	-0.227481	-130.399488	-0.027185
27637.768830	-119.367551	-0.129561	-84.947747	-0.466476	-124.928112	-0.154973	-119.723786	-0.111584
27679.771519	-122.766930	0.050220	-92.541548	-0.016284	-129.993989	0.371309	-123.534619	-0.087793
27721.774207	-117.581859	-0.201678	-80.984483	-0.471905	-121.941516	0.044901	-125.313999	0.008376
27763.776895	-129.655041	-0.087610	-81.757969	-0.265090	-121.822014	0.264550	-131.173950	0.191818
27805.779583	-122.176717	0.321161	-88.864995	-0.208731	-119.529038	-0.106760	-121.343506	-0.039974
27847.782271	-122.431552	-0.325474	-95.176450	-0.164014	-143.630725	0.165120	-133.971037	0.234480
27889.784960	-120.415462	-0.220193	-82.980588	0.225557	-118.239892	-0.010445	-125.220376	-0.132443
27931.787648	-129.601555	0.050841	-84.556612	-0.116418	-123.495226	-0.075260	-120.756624	0.164915
27973.790336	-128.306693	-0.260970	-87.238033	0.320059	-123.436660	-0.036039	-118.382767	0.086932
28015.793024	-128.664209	-0.099159	-85.524236	-0.212096	-128.793877	0.384804	-122.449786	0.480505
28057.795712	-122.184378	0.025795	-85.262515	-0.431555	-120.674294	-0.490000	-124.446202	-0.335930
28099.798401	-121.996624	0.181291	-88.553648	0.092930	-121.131785	0.192676	-120.462983	0.368197
28141.801089	-124.666235	0.027003	-84.256401	-0.162201	-119.137540	-0.333427	-127.605927	-0.291176
28183.803777	-118.908530	0.063793	-81.836851	0.155019	-124.142256	-0.030334	-128.010699	-0.253199
28225.806465	-130.588929	0.174879	-91.498186	-0.314888	-122.561402	0.379202	-124.572931	-0.202894
28267.809153	-123.578214	0.071912	-80.050168	-0.105347	-127.303811	-0.282077	-121.530797	0.317148
28309.811842	-136.292377	0.389314	-85.052383	-0.219441	-129.468143	-0.378963	-122.663859	0.247781
28351.814530	-118.555108	-0.204156	-78.022009	0.007648	-128.288105	-0.434365	-127.373324	-0.201824
28393.817218	-123.084207	0.367196	-87.594860	-0.363045	-119.451271	0.371571	-141.420265	0.344463
28435.819906	-125.787123	-0.281697	-90.662336	0.074190	-130.925410	0.069297	-121.199294	0.005612
28477.822594	-124.762192	0.049838	-86.964753	-3.055660E-5	-131.502499	0.236115	-126.301847	0.479207
28519.825282	-118.111640	-0.154626	-94.858688	0.462013	-122.803256	0.014592	-129.063203	0.135615
28561.827971	-122.887542	0.260632	-84.429239	0.326717	-131.168712	-0.255381	-122.319186	-0.266598
28603.830659	-122.256916	0.083751	-97.229664	0.158687	-123.780857	-0.305319	-129.088471	0.407040
28645.833347	-118.769319	-0.473979	-89.172968	0.032306	-124.419693	0.496337	-125.323220	0.119688
28687.836035	-121.101547	0.190664	-93.179078	-0.346889	-117.521174	0.145919	-133.469892	0.373367
28729.838723	-132.594148	-0.379732	-87.556099	0.429306	-117.406930	0.491999	-121.302899	0.230951
28771.841412	-117.186226	0.393237	-86.190275	-0.284094	-127.885940	0.393900	-119.263036	-0.267755
28813.844100	-127.153119	-0.278753	-89.611012	0.210673	-129.678701	-0.423059	-119.937968	-0.074057
28855.846788	-144.671380	-0.151293	-92.051728	0.072120	-122.128739	-0.219771	-123.880605	0.057283
28897.849476	-131.736965	0.090365	-83.598830	-0.401210	-117.560107	-0.101824	-128.223630	-0.378558
28939.852164	-121.944623	-0.289538	-94.566616	-0.277479	-121.018583	-0.458207	-120.792371	0.271817
28981.854853	-127.745261	-0.122077	-85.899153	0.257021	-125.805800	-0.085006	-119.921304	0.018657
29023.857541	-129.684642	-0.256003	-80.857600	0.340953	-123.575899	-0.216916	-128.551655	-0.176548
29065.860229	-122.069659	0.437114	-91.912388	-0.164139	-118.781270	0.440726	-131.523421	-0.187900
29107.862917	-126.573791	-0.163526	-94.153796	0.430863	-128.369156	0.242652	-119.973750	-0.350433
29149.865605	-120.904187	0.487615	-96.830532	0.314346	-123.247099	-0.268047	-123.027734	-0.467534
29191.868294	-140.283865	-0.053170	-86.785353	-0.346319	-124.232616	0.092116	-123.161787	-0.267310
29233.870982	-124.081300	0.230129	-80.518031	0.420165	-140.025749	0.376915	-119.558543	0.429506
29275.873670	-127.147460	0.280345	-91.040115	0.315603	-124.537684	-0.363093	-120.562389	0.391467
29317.876358	-151.530728	0.164975	-81.532826	0.392185	-118.572044	-0.388796	-125.614284	-0.491189
29359.879046	-141.048269	-0.159679	-86.475224	-0.455832	-122.382337	0.310875	-122.497079	-0.169336
29401.881735	-134.508346	-0.271697	-86.405374	-0.362627	-126.174687	0.022452	-127.217121	-0.333227
29443.884423	-129.663222	-0.403095	-86.147316	0.395907	-123.811865	-0.243116	-125.219406	-0.231082
29485.887111	-135.328834	0.144055	-90.803024	0.225995	-124.274103	0.013755	-131.542530	0.445925
29527.889799	-117.046741	0.179106	-85.835994	-0.350127	-126.998939	0.463897	-124.308660	0.067040
29569.892487	-120.967967	0.020322	-79.814642	0.001655	-128.646799	-0.300197	-116.947786	0.281276
29611.895175	-120.484623	-0.356206	-91.184657	-0.380298	-121.108152	-0.372633	-122.477217	-0.069567
29653.897864	-126.859856	0.481764	-81.339302	-0.229805	-118.761256	-0.419098	-124.282179	0.224390
29695.900552	-126.274573	0.242145	-86.213326	-0.200655	-131.573836	0.011536	-118.394659	0.343462
29737.903240	-127.846117	-0.387468	-91.343245	0.049378	-124.445926	0.136969	-123.788595	-0.478962
29779.905928	-136.167736	0.363028	-82.276872	-0.460282	-118.262253	0.270777	-128.131759	0.458024
29821.908616	-121.030702	-0.266941	-81.848810	-0.086153	-122.826390	0.218493	-114.177629	0.242938
29863.911305	-122.464884	-0.439870	-86.386716	0.330866	-121.957043	-0.064212	-117.464434	-0.274754
29905.913993	-118.151539	0.299349	-79.166205	0.499594	-115.171863	-0.052707	-124.089249	-0.009945
29947.916681	-128.787036	-0.013765	-91.800489	0.147861	-121.624147	0.137070	-125.420721	0.049826
29989.919369	-125.040486	0.319000	-92.928899	-0.198775	-122.498428	-0.073287	-115.637712	0.030689
30031.922057	-124.403929	-0.217433	-79.402448	-0.438680	-120.915119	-0.481188	-121.388740	-0.426587
30073.924746	-123.978138	-0.370423	-86.840535	-0.217435	-128.581053	0.411114	-118.851431	-0.019808
30115.927434	-130.150422	0.486575	-80.704386	-0.304538	-123.173075	-0.141025	-137.583824	0.411790
30157.930122	-122.284132	-0.081993	-88.278520	0.391614	-123.736118	0.282741	-130.912497	0.273027
30199.932810	-129.217362	0.215091	-88.410389	-0.429811	-126.018259	-0.492644	-120.003961	0.419965
30241.935498	-110.124198	-0.141309	-91.135982	-0.086498	-126.707585	-0.288231	-130.515903	0.460315
30283.938187	-119.965298	0.359874	-87.387895	0.029397	-122.657010	-0.142205	-124.905385	0.220105
30325.940875	-124.376888	-0.406802	-90.854699	-0.068322	-131.791504	0.092997	-118.722521	-0.277321
30367.943563	-119.143379	-0.115615	-83.928645	-0.106711	-116.944290	-0.143910	-121.066841	-0.217355
30409.946251	-122.337933	0.217119	-86.535217	-0.025982	-119.678029	-0.173742	-121.453897	0.125706
30451.948939	-131.171893	0.107851	-86.814803	0.118420	-123.595498	-0.116040	-128.587637	0.097938
30493.951628	-123.301725	0.109292	-82.626434	0.064136	-123.628323	0.137952	-119.255958	-0.030080
30535.954316	-127.139046	-0.445941	-92.481653	0.109649	-115.663958	-0.306563	-131.630867	-0.139064
30577.957004	-135.259945	-0.410235	-90.892739	-0.173233	-128.624588	0.371232	-125.861301	0.380130
30619.959692	-131.359882	0.178555	-95.699605	0.443010	-125.745243	-0.401791	-138.574618	-0.225301
30661.962380	-122.669461	0.465370	-78.221158	0.301468	-122.366792	0.138133	-124.735527	-0.340934
30703.965068	-132.093283	0.190093	-82.053571	-0.035871	-119.456842	-0.315987	-120.127786	-0.260648
30745.967757	-118.111150	-0.222702	-88.923852	0.351239	-134.641757	-0.094411	-117.862782	-0.273043
30787.970445	-130.285048	0.374256	-91.059220	-0.409165	-129.005953	-0.109540	-118.723604	-0.219399
30829.973133	-115.320530	0.093846	-86.812132	0.451176	-121.550528	-0.075819	-125.391477	0.013653
30871.975821	-132.853585	0.267440	-86.149875	-0.477266	-128.800131	0.096251	-119.982549	-0.265876
30913.978509	-125.118490	-0.327207	-87.212122	-0.487837	-121.927935	-0.449960	-120.827458	-0.494805
30955.981198	-121.324488	-0.132624	-91.614775	-0.049402	-119.262393	0.153962	-121.714168	-0.181704
30997.983886	-120.335938	0.145507	-80.803524	-0.091595	-121.603383	-0.391953	-120.847243	-0.134322
31039.986574	-133.726552	0.455149	-88.705649	0.193923	-126.459875	0.002528	-125.309280	0.169828
31081.989262	-123.580169	0.070224	-95.123161	-0.072711	-128.049450	0.229372	-118.328861	-0.351037
31123.991950	-124.596622	0.253532	-88.063095	-0.401675	-123.245022	0.326954	-122.319700	0.325586
31165.994639	-129.600205	0.133939	-83.055255	0.481918	-145.721903	-0.191087	-124.637019	-0.247213
31207.997327	-126.949794	-0.295147	-92.132399	0.167301	-122.659180	0.278293	-125.459181	0.232334
31250.000015	-128.231061	-0.127933	-90.952527	0.317418	-132.414179	0.209716	-124.856494	0.036417
31292.002703	-121.558212	-0.027707	-80.419694	-0.283616	-117.890275	-0.039928	-123.223393	-0.230658
31334.005391	-120.323088	-0.341060	-89.734126	0.414982	-119.734204	0.194633	-135.613522	0.258109
31376.008080	-127.899006	0.402852	-78.437906	-0.489379	-122.088727	0.281150	-123.706070	-0.228841
31418.010768	-118.766552	0.485595	-87.583278	-0.012795	-121.348570	-0.395679	-122.738740	-0.301788
31460.013456	-126.668622	0.177462	-86.899063	0.215522	-132.831248	-0.112778	-125.409212	0.107689
31502.016144	-117.516234	0.276430	-87.529061	0.256641	-128.303532	0.406215	-131.221482	0.186893
31544.018832	-126.721183	0.499402	-92.673211	0.243081	-139.885733	0.372902	-133.833934	-0.491234
31586.021521	-129.190148	0.191611	-83.695885	-0.389166	-131.161477	-0.177586	-128.102087	-0.233705
31628.024209	-127.738796	0.051700	-94.347990	0.028677	-120.720916	0.284502	-127.818941	-0.177912
31670.026897	-126.477919	0.369515	-82.511401	-0.310184	-132.140881	0.345907	-123.339870	0.476758
31712.029585	-125.618613	0.419272	-81.721083	0.033694	-123.310825	-0.114377	-125.571200	0.496592
31754.032273	-118.111157	0.014464	-87.080636	-0.183929	-120.271878	-0.357359	-119.673033	-0.059918
31796.034961	-123.397359	0.404416	-79.937081	-0.422694	-121.716296	-0.047885	-127.171531	0.286311
31838.037650	-133.418676	0.129678	-91.946860	-0.152344	-121.431401	-0.259646	-119.959068	0.176741
31880.040338	-125.000572	0.054967	-91.829688	0.193163	-119.795808	0.296117	-120.253367	-0.354886
31922.043026	-125.236524	0.460971	-85.038654	-0.056730	-125.253823	-0.293537	-123.154492	0.240750
31964.045714	-118.805206	-0.305209	-91.623174	-0.449447	-126.692977	0.211445	-121.901322	0.265234
32006.048402	-130.215846	-0.038109	-88.663967	-0.215271	-125.127238	-0.321781	-122.331304	-0.435638
32048.051091	-118.516644	0.140306	-87.724235	-0.481992	-119.793955	0.151820	-125.282643	0.108166
32090.053779	-128.681882	-0.479840	-82.423203	0.397164	-126.457967	0.406174	-126.652293	-0.277942
32132.056467	-118.148825	0.347729	-88.865860	0.252929	-123.627608	0.368983	-117.013975	0.117993
32174.059155	-122.139301	0.380992	-83.496197	-0.032579	-117.447233	0.259435	-125.225333	0.426671
32216.061843	-119.279602	0.416036	-84.738774	-0.472289	-126.291096	-0.491308	-121.055883	0.261049
32258.064532	-121.308648	0.086104	-87.855777	-0.375760	-124.041010	-0.183385	-125.383154	-0.325524
32300.067220	-125.147506	0.275846	-93.453384	0.168126	-119.505872	-0.231961	-122.410120	-0.359487
32342.069908	-116.624671	0.437230	-84.035851	-0.072006	-132.110429	0.395989	-126.430778	0.277275
32384.072596	-125.321554	0.309182	-98.959808	0.025943	-114.369912	-0.006768	-122.296096	0.353586
32426.075284	-129.356315	-0.437487	-90.762501	0.440306	-125.237174	-0.300961	-123.889057	-0.052335
32468.077973	-123.611595	-0.116940	-108.078399	0.006959	-125.614804	0.055113	-121.025796	-0.005899
32510.080661	-126.744061	0.257612	-80.416805	0.294051	-134.966156	0.340273	-120.331472	-0.463158
32552.083349	-124.171655	-0.398962	-86.934792	-0.397029	-120.843473	0.081245	-121.117729	0.392104
32594.086037	-122.320617	0.289728	-90.317459	0.386025	-121.537617	0.498865	-133.051151	0.043288
32636.088725	-134.640002	-0.493529	-84.390932	-0.209588	-117.587994	0.204947	-115.734840	0.053566
32678.091413	-123.990744	-0.308058	-84.774998	0.158099	-122.748394	-0.439714	-122.315129	0.086412
32720.094102	-125.284021	0.097848	-90.245662	0.233712	-122.384780	0.267670	-130.954337	-0.333147
32762.096790	-115.904044	-0.115565	-92.012083	-0.402698	-129.241538	-0.468471	-120.053665	0.418859
32804.099478	-137.092197	0.132431	-106.764605	-0.262181	-132.776244	-0.194826	-127.074404	-0.095480
32846.102166	-119.356199	0.005971	-99.439454	0.091709	-129.139482	-0.265704	-135.680153	0.416939
32888.104854	-119.685034	-0.475686	-94.087567	-0.337042	-120.198495	0.034326	-120.738500	0.054990
32930.107543	-122.342217	-0.336561	-84.238162	-0.306492	-128.524343	0.419659	-131.374757	0.451455
32972.110231	-122.858769	-0.334825	-86.203134	0.271806	-121.560481	0.323732	-124.663328	-0.455546
33014.112919	-128.643440	-0.329703	-92.987490	0.413773	-125.687472	-0.211610	-124.664397	-0.332515
33056.115607	-126.769198	0.413855	-83.143269	0.238697	-119.766340	-0.467225	-125.658357	-0.300331
33098.118295	-122.232780	-0.318545	-83.749394	-0.376834	-124.117508	0.133497	-134.172637	0.354493
33140.120984	-117.718717	0.293117	-83.294240	-0.078360	-116.238655	0.116999	-145.558106	0.121240
33182.123672	-117.337316	0.408796	-93.014876	0.176339	-120.756529	0.295628	-126.212221	0.425887
33224.126360	-122.187937	-0.262780	-100.538055	-0.150425	-125.981588	-0.310072	-135.050886	-0.464636
33266.129048	-123.262997	-0.142247	-88.589939	0.019142	-132.977863	0.244157	-118.668723	-0.451781
33308.131736	-121.488195	-0.396906	-83.899683	-0.190855	-128.339496	-0.307492	-116.981712	0.435792
33350.134425	-124.017559	0.280656	-82.951355	-0.023564	-124.122646	-0.445908	-120.620495	-0.331177
33392.137113	-120.672719	0.159391	-92.178673	0.463589	-119.463897	0.012503	-118.326051	0.423587
33434.139801	-122.097425	0.493430	-88.338570	0.435677	-132.894077	-0.150723	-122.911493	-0.171842
33476.142489	-123.712432	-0.266343	-89.623856	-0.248172	-130.865188	-0.259876	-118.136729	-0.197323
33518.145177	-133.374454	-0.242002	-89.305111	0.129257	-121.812303	0.332049	-135.722439	-0.015327
33560.147866	-134.344670	-0.092001	-90.503933	-0.117631	-124.867758	-0.472236	-119.932210	0.345469
33602.150554	-126.832385	0.374881	-93.885193	0.362440	-115.527609	0.075203	-123.403765	-0.451876
33644.153242	-130.289417	-0.261102	-86.422707	-0.181707	-118.199036	-0.365311	-119.160757	-0.485789
33686.155930	-120.151570	0.002188	-96.447165	-0.183013	-117.809317	-0.100587	-122.622023	0.457241
33728.158618	-120.583156	0.276151	-91.152091	0.040578	-126.133855	0.400219	-125.752334	-0.011633
33770.161306	-125.436649	0.263804	-90.287967	0.205281	-120.772442	0.425580	-128.033852	0.249201
33812.163995	-121.448252	-0.125770	-91.373527	0.176242	-124.339219	-0.116882	-130.189499	0.299940
33854.166683	-114.765116	-0.272003	-90.702827	-0.013458	-122.764634	0.429850	-128.647728	0.111762
33896.169371	-122.898952	0.005731	-92.535575	0.153237	-121.640501	0.152755	-120.438975	-0.211574
33938.172059	-122.575433	0.498025	-94.219358	-0.175058	-127.590168	-0.364644	-122.771378	-0.469350
33980.174747	-125.924222	0.243248	-88.895155	0.303418	-132.259549	-0.002488	-120.503853	0.324121
34022.177436	-119.633327	-0.404202	-85.149610	-0.423882	-130.670977	0.193856	-126.402660	0.272442
34064.180124	-116.179117	-0.463888	-86.447826	0.119926	-120.164001	0.099833	-124.841869	-0.125258
34106.182812	-135.120969	-0.459536	-85.889135	0.073788	-124.358874	0.034853	-120.142512	-0.072635
34148.185500	-121.748734	-0.422254	-88.624989	0.392518	-118.183897	0.188750	-124.302984	0.390920
34190.188188	-122.593951	0.369709	-90.424464	0.168910	-131.840024	0.352700	-124.915595	0.021039
34232.190877	-123.135885	0.283063	-89.698769	-0.382111	-121.722747	0.296062	-138.744351	0.278675
34274.193565	-119.756993	0.245565	-84.109616	0.183381	-133.715046	-0.174797	-123.857318	0.141951
34316.196253	-125.575016	-0.239588	-101.177141	0.198159	-122.180580	0.008369	-118.051063	-0.010283
34358.198941	-119.799001	0.197944	-93.197506	-0.350227	-139.042381	0.220308	-129.344290	-0.214572
34400.201629	-124.221129	-0.099982	-88.652033	0.285433	-125.770267	0.372325	-116.457745	-0.405860
34442.204318	-121.960940	-0.026540	-84.898065	-0.169207	-122.962984	-0.360727	-124.255376	-0.314195
34484.207006	-117.943854	-0.326223	-88.783322	-0.490754	-125.987932	-0.364051	-124.724292	-0.031496
34526.209694	-121.067480	0.349324	-82.447520	-0.183655	-122.293660	-0.388800	-117.118845	0.295135
34568.212382	-123.752330	0.160899	-91.256633	0.017694	-122.041901	0.481648	-126.163317	0.492844
34610.215070	-130.891865	-0.192944	-89.741677	-0.201030	-122.859783	-0.088376	-119.137028	-0.040721
34652.217759	-123.103552	-0.249202	-93.360645	0.202474	-121.388150	-0.489207	-128.099629	-0.126029
34694.220447	-118.422366	0.022856	-92.500282	-0.103696	-126.378026	0.232169	-129.521021	-0.339844
34736.223135	-123.182743	0.032394	-93.622407	0.209915	-119.997593	-0.447776	-124.575448	-0.252273
34778.225823	-120.982965	-0.462259	-82.123795	0.011473	-114.624774	-0.179329	-126.423780	-0.197278
34820.228511	-116.573784	0.321266	-96.330470	0.195178	-123.490782	-0.122825	-126.410442	0.260878
34862.231199	-126.791672	-0.473685	-81.705234	0.241752	-132.173587	-0.455468	-137.859534	-0.480341
34904.233888	-120.659634	0.085794	-83.626691	0.069666	-128.040948	0.412792	-124.531866	-0.477212
34946.236576	-122.833580	0.389046	-88.007970	0.418347	-124.996656	0.369376	-125.513507	0.229190
34988.239264	-118.367449	0.459160	-91.347179	0.345026	-119.083906	0.491414	-125.688797	-0.199757
35030.241952	-121.005838	0.201708	-87.071817	0.232181	-125.905703	0.305420	-120.073467	0.462287
35072.244640	-120.898240	-0.436879	-91.266248	-0.109904	-127.488494	0.117986	-122.387419	-0.456998
35114.247329	-114.960194	0.342763	-87.910438	-0.150335	-118.927812	0.354707	-123.150499	0.324816
35156.250017	-131.233842	0.174259	-86.619020	-0.222219	-122.038400	-0.116193	-121.072858	-0.192289
35198.252705	-125.337788	-0.268254	-96.811716	-0.379594	-122.697844	0.290703	-126.281847	-0.152153
35240.255393	-122.189352	-0.055415	-89.465392	0.039339	-119.776225	0.221028	-122.019621	-0.269173
35282.258081	-119.432426	-0.145424	-92.035491	-0.328872	-130.821501	0.366538	-120.480364	-0.310218
35324.260770	-129.200134	0.334481	-83.003621	-0.258508	-122.048441	0.208618	-126.630924	0.465007
35366.263458	-120.395870	-0.137242	-85.962967	-0.125887	-122.885174	0.472579	-123.746768	0.400319
35408.266146	-123.128274	0.320961	-112.550719	0.328869	-132.691364	-0.455814	-122.865639	0.190001
35450.268834	-122.207316	-0.019896	-108.498513	0.281034	-122.965155	0.269752	-115.416244	0.360186
35492.271522	-125.893268	0.107686	-92.872816	0.164558	-121.068049	-0.170935	-124.603184	0.013080
35534.274211	-117.989970	0.027747	-85.800038	-0.097375	-121.225391	-0.096336	-128.989268	0.488465
35576.276899	-119.349864	0.004742	-86.306453	0.280313	-140.826520	0.242338	-125.423955	-0.343124
35618.279587	-128.987973	-0.127964	-81.828312	0.094517	-126.590939	-0.073508	-126.016302	0.179927
35660.282275	-122.397546	-0.104188	-84.454039	0.126388	-125.621885	0.101571	-126.098710	-0.380049
35702.284963	-118.729156	0.326664	-88.948609	0.383274	-129.249714	0.165727	-135.747468	-0.423967
35744.287652	-124.185047	0.244623	-85.705307	-0.385335	-121.280064	-0.373170	-131.211813	-0.210898
35786.290340	-126.791283	0.004580	-98.557735	-0.234254	-128.964624	-0.031142	-143.115115	-0.486061
35828.293028	-119.721962	-0.492324	-89.861461	-0.446271	-122.747281	-0.459655	-124.599198	0.346626
35870.295716	-126.099192	0.170098	-88.737114	0.185341	-118.066173	0.446608	-118.772383	-0.225862
35912.298404	-121.341144	0.136512	-83.878946	0.396516	-128.734764	-0.075307	-114.996772	-0.373595
35954.301092	-125.492033	0.307313	-84.462059	-0.080951	-120.609972	-0.171943	-132.241094	-0.238794
35996.303781	-136.299387	-0.169061	-101.673292	0.110422	-120.465347	-0.312753	-135.399847	0.177786
36038.306469	-129.456675	-0.093481	-91.071061	0.478942	-120.466401	-0.081773	-125.423253	0.159756
36080.309157	-119.521197	0.465459	-85.544151	-0.220162	-125.201612	0.487082	-130.697217	-0.134528
36122.311845	-120.188363	0.480479	-86.725774	-0.228608	-125.959986	0.115050	-146.209343	0.083962
36164.314533	-127.878918	0.224494	-86.697042	0.245115	-128.803077	-0.483467	-122.017679	0.468342
36206.317222	-134.940416	0.243385	-87.051566	-0.017100	-121.752433	0.157543	-122.904313	0.131378
36248.319910	-119.490649	0.060657	-89.898064	-0.199688	-115.604418	0.067275	-119.764233	0.084207
36290.322598	-124.227599	-0.340859	-87.966514	-0.450012	-127.558766	-0.484078	-122.291815	-0.385374
36332.325286	-126.665977	-0.169912	-84.033422	-0.362100	-134.807559	-0.127963	-130.428491	-0.115122
36374.327974	-129.044199	-0.107859	-106.165778	0.065578	-119.088389	-0.448714	-120.002342	-0.458315
36416.330663	-120.937024	-0.199383	-88.051068	0.212590	-125.768903	0.126927	-122.697101	0.309506
36458.333351	-121.141646	-0.084604	-90.576869	0.426829	-119.862603	0.255081	-121.136728	0.031381
36500.336039	-125.892366	0.181243	-83.654853	-0.232868	-117.984904	-0.154799	-126.663453	-0.003766
36542.338727	-120.243939	-0.031367	-89.318470	-0.375248	-132.680061	-0.000729	-130.560955	-0.455826
36584.341415	-131.993817	-0.467468	-86.918853	-0.224614	-125.530894	0.374931	-124.014954	-0.271905
36626.344104	-117.662247	0.450005	-86.505981	0.323002	-120.863155	-0.257963	-122.107474	-0.370724
36668.346792	-129.366286	0.112168	-89.252348	0.034018	-125.247042	0.445217	-126.323132	-0.471601
36710.349480	-124.491455	0.416306	-86.778774	-0.304778	-120.494778	0.088256	-129.716426	0.292112
36752.352168	-125.504781	0.370112	-96.872847	0.299191	-132.765315	0.095517	-121.145134	0.010823
36794.354856	-121.069475	-0.088499	-95.109487	-0.289100	-125.857953	-0.098104	-123.636629	0.217873
36836.357545	-123.521883	-0.092974	-84.790159	0.424430	-129.631757	-0.170181	-131.232989	-0.361575
36878.360233	-129.318851	0.120284	-90.101437	0.490857	-128.093216	-0.277683	-128.270968	-0.263592
36920.362921	-130.786078	-0.476065	-89.319908	0.118279	-118.347165	0.389944	-139.274485	-0.428845
36962.365609	-126.713429	0.370223	-87.699825	0.249529	-125.783676	0.197697	-121.448921	0.135884
37004.368297	-125.245846	-0.479686	-91.393910	-0.362212	-115.996980	-0.386004	-124.647964	0.285866
37046.370985	-129.772174	-0.016681	-82.067994	-0.361985	-126.414569	0.289453	-122.512272	-0.369437
37088.373674	-136.185497	0.184887	-84.395001	-0.166384	-130.446545	-0.003317	-127.832242	-0.198352
37130.376362	-126.101508	0.360749	-85.299812	0.288512	-120.241549	-0.073635	-139.179245	-0.202678
37172.379050	-128.359408	-0.052213	-104.266324	0.387874	-119.447148	0.070380	-127.402970	0.372082
37214.381738	-125.717245	-0.083395	-105.532672	0.428709	-125.104638	0.261021	-117.766484	-0.291731
37256.384426	-122.345992	-0.058957	-87.185232	0.293311	-129.872240	-0.089031	-119.425506	-0.097197
37298.387115	-122.427564	0.227938	-87.619970	0.246106	-121.611691	0.448625	-119.864150	-0.064731
37340.389803	-115.284669	0.019766	-91.206128	-0.242549	-121.234978	0.152043	-116.510162	0.170572
37382.392491	-139.205154	-0.302147	-88.683905	-0.397966	-123.625137	0.037904	-124.152761	-0.031245
37424.395179	-124.088383	-0.052624	-97.125143	0.197341	-126.337233	0.127040	-122.715598	0.341492
37466.397867	-131.547582	-0.166068	-99.750283	0.109551	-122.813192	-0.214160	-120.617649	0.362382
37508.400556	-140.893596	0.012728	-88.187475	0.075331	-120.982911	0.482591	-130.589644	-0.118443
37550.403244	-124.394678	0.333699	-80.173888	-0.155579	-119.506956	-0.015983	-128.941280	-0.021254
37592.405932	-122.209159	0.219008	-82.276960	0.128834	-122.182048	-0.492461	-136.204507	0.438982
37634.408620	-127.991416	0.261250	-102.599902	-0.065428	-129.678931	-0.408035	-118.863408	0.082169
37676.411308	-124.869675	-0.192266	-91.975314	0.207056	-125.640465	-0.142774	-124.910780	-0.125039
37718.413997	-127.750876	-0.022553	-99.065703	0.341056	-127.362654	-0.359617	-130.301192	0.083570
37760.416685	-124.616244	-0.309145	-90.700925	0.107750	-122.010623	0.056254	-121.425945	0.354374
37802.419373	-120.290991	0.052305	-107.690738	0.453037	-123.292205	0.193687	-122.472953	-0.434825
37844.422061	-122.446459	-0.438222	-94.066695	-0.389128	-125.785174	-0.074804	-125.307023	0.403697
37886.424749	-128.910911	-0.018225	-86.057193	-0.398380	-144.524186	-0.478695	-116.916587	0.138877
37928.427438	-119.860681	-0.311364	-98.555730	0.009252	-124.156989	-0.051779	-122.021570	0.191364
37970.430126	-122.489908	0.122738	-93.253672	0.334450	-120.121284	-0.235346	-132.947032	0.413645
38012.432814	-124.645822	0.267242	-101.658695	0.347961	-123.534185	-0.153466	-132.201707	0.165891
38054.435502	-127.859912	0.234056	-94.586925	-0.007001	-125.607495	0.280079	-133.735945	-0.445376
38096.438190	-125.047877	-0.137650	-102.207584	0.371691	-124.051811	-0.026521	-126.518426	0.445697
38138.440878	-129.840803	0.409923	-93.643985	-0.199838	-121.517265	0.141108	-127.141152	0.422644
38180.443567	-131.495017	-0.078964	-89.275568	-0.307235	-118.422264	0.179037	-132.861529	-0.359639
38222.446255	-118.240555	0.307434	-99.618383	-0.264654	-120.809897	0.104159	-122.359498	0.302706
38264.448943	-120.288357	0.156922	-89.253177	-0.275922	-129.321979	0.208925	-125.506251	0.101318
38306.451631	-120.661231	0.160513	-87.702502	0.479696	-116.690540	0.434516	-130.609787	-0.488159
38348.454319	-124.687157	0.341152	-84.537909	-0.012495	-131.757936	-0.451461	-129.821547	0.255596
38390.457008	-115.990057	0.144318	-88.328023	0.386641	-118.953788	0.278389	-127.288816	0.139925
38432.459696	-123.635963	-0.499090	-94.278908	0.337395	-129.389701	0.074946	-127.614570	-0.003245
38474.462384	-135.926675	0.223209	-86.925479	-0.167066	-125.684047	-0.481482	-125.435941	0.152659
38516.465072	-125.864414	-0.287072	-83.726436	0.464233	-122.143931	-0.016704	-123.632029	-0.217552
38558.467760	-127.381091	0.339941	-99.477032	0.395672	-134.574859	0.045010	-118.410282	-0.445228
38600.470449	-129.094282	-0.101726	-89.343905	0.110626	-133.852461	0.424053	-131.430912	-0.229739
38642.473137	-124.388689	0.408699	-90.772551	-0.265317	-132.331648	0.076075	-133.751808	0.195959
38684.475825	-124.011161	-0.439417	-86.227031	0.495142	-124.664884	0.460499	-128.558482	-0.324465
38726.478513	-120.294090	0.142457	-103.474737	0.185833	-125.090010	-0.188092	-138.169123	0.025434
38768.481201	-122.519844	-0.329313	-87.557950	-0.034678	-124.395516	-0.308766	-120.751250	0.329178
38810.483890	-128.680736	0.067421	-83.023674	-0.369874	-132.510509	-0.392727	-119.103940	0.014726
38852.486578	-126.556276	-0.483325	-90.477840	0.039063	-128.533892	-0.053046	-118.056814	-0.117401
38894.489266	-116.112217	0.099529	-90.417320	0.175975	-125.435505	0.010315	-125.713391	0.435167
38936.491954	-125.226340	0.073800	-88.990592	0.321992	-117.473074	0.051625	-124.647343	0.145622
38978.494642	-131.736013	-0.121992	-95.401326	-0.407557	-133.526742	0.080467	-125.440141	0.134128
39020.497331	-132.310079	-0.366316	-87.237661	-0.178902	-134.454471	-0.475739	-129.163275	0.058674
39062.500019	-116.056012	0.317033	-90.601019	0.428187	-122.708063	-0.010531	-117.747241	0.434039
39104.502707	-120.918041	-0.133645	-97.309366	0.362508	-125.853758	0.400189	-136.603025	-0.455103
39146.505395	-128.511902	0.165844	-86.127198	0.249511	-119.447908	0.351811	-124.882247	-0.195622
39188.508083	-121.302800	-0.394811	-90.515063	0.183053	-126.172994	0.045683	-124.604383	-0.486700
39230.510771	-132.375846	0.381338	-91.832797	0.214434	-127.244783	0.224279	-121.978076	-0.048766
39272.513460	-116.493018	0.010021	-103.834284	0.086945	-126.458500	-0.268100	-124.244960	-0.167343
39314.516148	-117.672651	-0.316649	-97.826552	0.099661	-124.773012	0.470391	-134.112659	-0.249177
39356.518836	-126.306470	-0.113474	-99.482699	-0.372276	-125.676375	0.313838	-120.820544	-0.089079
39398.521524	-122.298282	-0.081599	-91.817975	0.419082	-132.295865	0.096534	-122.550637	0.269241
39440.524212	-117.630851	0.240290	-87.086802	-0.488484	-137.469887	-0.144992	-130.290239	0.093567
39482.526901	-127.337968	0.322166	-91.289113	0.442296	-114.943812	0.097346	-120.580808	0.475500
39524.529589	-124.224153	-0.211112	-88.843939	0.362263	-130.860629	0.419230	-132.257817	-0.418817
39566.532277	-123.492620	0.385838	-85.727355	0.435798	-127.717468	-0.488380	-129.163868	-0.156555
39608.534965	-132.900600	0.346264	-87.349899	0.345680	-136.532071	0.216261	-122.323864	0.074719
39650.537653	-120.018825	-0.027569	-96.074427	-0.089016	-124.523629	-0.011379	-130.278381	-0.467619
39692.540342	-121.996513	0.189964	-90.939055	-0.273406	-124.479703	0.276078	-132.844873	-0.086304
39734.543030	-128.137134	-0.303079	-87.222505	-0.374272	-134.153026	0.101155	-136.051382	-0.176900
39776.545718	-125.833464	0.342407	-101.290710	0.150078	-131.132748	0.451444	-122.507434	0.447789
39818.548406	-118.793380	-0.104895	-95.863575	-0.314227	-128.052751	0.084448	-119.381127	-0.029711
39860.551094	-125.527056	0.198459	-104.283375	-0.158106	-117.488799	-0.107874	-121.643449	0.011802
39902.553783	-125.555225	0.290121	-91.025761	-0.452098	-122.007004	-0.489737	-116.033068	-0.318578
39944.556471	-128.127609	-0.404450	-90.856887	0.100898	-123.990812	0.198206	-130.502940	-0.320887
39986.559159	-119.516237	-0.167735	-94.540867	-0.278956	-124.018664	-0.178899	-118.683337	-0.419759
