% f441.txt
% Date Thu, Jul 15, 2021 4:43 PM
% Sine seq
% Response spectrum
% Stim level (V pk) 0.100, 0 dB filter gain, 120.0 dB attenuation
% Stim RMS (V) 0.000
% Freq [Hz]	Ch0 Mag [dB]	Ch0 Phase [cyc]	Ch1 Mag [dB]	Ch1 Phase [cyc]	Ch2 Mag [dB]	Ch2 Phase [cyc]	Ch3 Mag [dB]	Ch3 Phase [cyc]
%%end
42.002688	-114.461326	0.158261	-54.484935	-0.163553	-100.962327	-0.194970	-115.318471	0.380927
84.005376	-122.875228	0.174119	-56.146895	0.011903	-103.545016	0.037621	-124.661881	-0.078815
126.008065	-118.161825	-0.226214	-55.740544	-0.368290	-105.452518	-0.459481	-120.092136	0.412391
168.010753	-118.118800	0.191340	-53.568359	-0.075729	-104.869141	-0.046976	-113.873163	0.140097
210.013441	-112.553801	-0.024542	-53.838293	0.345188	-110.851182	-0.073203	-118.480400	0.173348
252.016129	-122.041844	-0.465211	-55.701428	-0.159183	-104.655363	0.015139	-114.848163	-0.195105
294.018817	-121.465322	0.169478	-54.729197	-0.339032	-104.326596	-0.219581	-116.613595	0.283759
336.021506	-122.868564	-0.048311	-54.176567	-0.074212	-141.088528	-0.024371	-130.801431	-0.448479
378.024194	-119.023184	-0.312271	-67.950259	-0.299187	-119.604636	0.005604	-127.919114	0.074985
420.026882	-108.886830	0.055570	-50.993626	-0.103587	-106.758204	-0.309295	-122.200053	-0.392312
462.029570	-126.299411	0.078289	-55.426141	-0.223937	-116.006771	0.142790	-115.495824	0.452155
504.032258	-125.890562	0.113249	-51.725229	-0.363203	-115.300798	0.430083	-130.384917	-0.466257
546.034946	-124.458356	0.197066	-61.449987	0.346958	-109.993654	0.381129	-120.030670	0.205590
588.037635	-123.355642	0.212333	-51.748282	-0.222817	-110.534859	-0.499262	-117.165593	-0.216026
630.040323	-119.106485	-0.242271	-53.459836	0.499178	-114.035809	-0.351831	-119.181973	-0.282037
672.043011	-125.693657	0.017877	-56.277883	0.464322	-119.743131	0.070069	-123.846535	-0.374419
714.045699	-131.450198	-0.427114	-61.878506	-0.381705	-117.110328	0.080950	-129.288902	-0.336286
756.048387	-120.287480	-0.078228	-58.586713	-0.089986	-109.461879	-0.164653	-114.687130	-0.045499
798.051076	-117.137467	-0.105314	-71.925475	5.017128E-5	-120.753775	-0.177261	-127.495747	0.453646
840.053764	-123.942047	0.064650	-56.321174	-0.136977	-121.234051	0.488815	-117.141638	-0.232160
882.056452	-117.567377	0.139353	-59.989109	0.491307	-127.230498	-0.056914	-123.748641	0.353264
924.059140	-125.966044	0.268612	-57.445875	0.105389	-129.813617	0.179631	-127.703553	0.141230
966.061828	-121.178762	0.389978	-56.346079	-0.216267	-118.276098	0.197891	-116.906542	-0.377067
1008.064517	-119.585982	0.193183	-63.244396	-0.140489	-117.556511	0.084961	-124.330945	0.120316
1050.067205	-124.240798	0.261692	-74.878677	-0.403746	-123.023907	-0.242959	-133.412413	0.415311
1092.069893	-134.827528	0.349884	-60.408818	-0.162859	-112.743411	-0.317125	-115.398985	0.212018
1134.072581	-118.931362	-0.283044	-53.697699	0.462931	-115.692006	0.496667	-131.161108	-0.427988
1176.075269	-125.490540	-0.294862	-63.686830	0.277838	-114.547076	0.029242	-117.380953	-0.012733
1218.077958	-126.487166	-0.032093	-68.838916	0.488668	-121.454727	0.414597	-117.967653	-0.430985
1260.080646	-124.144744	-0.110485	-69.936332	-0.459096	-118.325316	0.157738	-124.506126	-0.401595
1302.083334	-121.981020	-0.470366	-67.692860	0.007082	-113.373767	-0.368562	-122.877274	-0.014048
1344.086022	-129.888818	0.462027	-70.536508	-0.464672	-130.178235	-0.436407	-127.550044	0.049234
1386.088710	-115.903428	0.077908	-74.488738	0.152002	-115.914809	0.358824	-115.021492	0.194834
1428.091399	-124.595928	-0.488643	-62.220450	-0.291406	-123.081104	0.470014	-143.464314	-0.190247
1470.094087	-128.730901	-0.144084	-66.638865	0.233923	-118.329548	0.037285	-145.548385	-0.195654
1512.096775	-122.345443	-0.371932	-61.932718	0.443399	-119.334795	-0.405969	-115.691930	0.470119
1554.099463	-37.883822	-0.211912	-23.065165	0.417361	-113.792104	0.478304	-130.412722	-0.280024
1596.102151	-121.518210	-0.076063	-63.327459	0.248072	-119.500245	0.380992	-118.169731	-0.424049
1638.104839	-129.280119	-0.251459	-64.897731	0.415128	-133.603405	0.376729	-126.134965	0.403788
1680.107528	-125.681109	-0.452862	-76.595461	0.098969	-114.184813	-0.477416	-127.184212	-0.366015
1722.110216	-131.168808	0.457767	-61.922272	-0.381319	-119.861681	0.172790	-144.388629	-0.403734
1764.112904	-122.879139	-0.271270	-62.560961	0.145936	-118.775280	0.456328	-122.827582	-0.280127
1806.115592	-130.760613	0.299511	-63.478727	0.174113	-130.328127	0.191541	-117.134032	0.498607
1848.118280	-117.701601	0.338897	-71.819558	-0.075705	-123.334728	0.480700	-125.226682	0.009494
1890.120969	-118.916252	0.419010	-69.098647	-0.047186	-121.826751	-0.063160	-119.682915	-0.478147
1932.123657	-122.005211	-0.355772	-68.786308	-0.290873	-127.679520	0.275093	-124.658210	0.118128
1974.126345	-122.837855	0.201874	-70.619440	0.329249	-133.072645	-0.393010	-122.116043	-0.306537
2016.129033	-125.437572	0.109894	-63.303273	-0.181386	-117.587378	0.448953	-119.850646	0.400839
2058.131721	-131.607536	0.185818	-68.876547	-0.333519	-128.162544	0.019569	-120.204665	0.317441
2100.134410	-116.901760	-0.397446	-71.259651	0.319370	-116.222643	0.414491	-119.960924	0.355540
2142.137098	-119.209520	0.012805	-63.173617	-0.235877	-131.751256	-0.245904	-128.772482	-0.449902
2184.139786	-124.837434	0.377942	-68.875269	0.405058	-124.591726	0.118389	-121.864829	-0.138090
2226.142474	-119.119361	-0.414595	-71.818583	0.123276	-127.667661	-0.491791	-119.763433	-0.340384
2268.145162	-127.003794	-0.114050	-69.590780	0.144281	-118.753865	0.466884	-123.518033	-0.295806
2310.147851	-124.646233	0.482670	-68.595108	-0.241589	-128.245781	-0.019604	-120.951464	-0.139538
2352.150539	-121.590379	-0.318315	-78.394317	0.412417	-123.961836	-0.366825	-114.208406	-0.055561
2394.153227	-123.482222	-0.394679	-66.042678	0.134741	-115.577966	0.175285	-121.007540	-0.097978
2436.155915	-124.397428	-0.123458	-67.981161	-0.226025	-117.061510	0.145564	-121.895021	-0.388015
2478.158603	-123.325270	-0.301182	-68.487398	-0.364597	-120.132482	0.458714	-121.281852	-0.293657
2520.161292	-125.662762	-0.063292	-72.895815	-0.293310	-140.521236	-0.069112	-120.116168	-0.158735
2562.163980	-126.010362	-0.351239	-69.882916	-0.248021	-118.961495	0.316875	-117.276917	0.392831
2604.166668	-123.227941	0.043867	-62.808230	-0.039659	-124.959059	0.155945	-121.214807	0.122410
2646.169356	-125.898202	-0.288766	-61.842034	-0.295125	-121.587979	-0.481976	-122.670961	-0.371297
2688.172044	-130.993669	0.196643	-67.148284	-0.182436	-125.586743	-0.114748	-127.148676	0.266167
2730.174732	-132.291203	-0.283641	-69.685417	0.377462	-120.179955	0.107405	-126.595269	0.210738
2772.177421	-118.911896	0.329797	-73.437135	0.052738	-121.183917	0.282943	-117.540426	0.198441
2814.180109	-123.678432	-0.147621	-69.732788	0.094066	-125.983482	0.105651	-124.272932	-0.167124
2856.182797	-123.547461	-0.368347	-64.654619	-0.351479	-117.367599	-0.104726	-124.308850	-0.128131
2898.185485	-118.382411	-0.272482	-77.131412	0.209848	-118.111191	0.063886	-123.766830	-0.220359
2940.188173	-122.651106	0.313817	-69.835858	-0.373372	-133.560214	0.005050	-129.720680	-0.313256
2982.190862	-121.239208	-0.233140	-69.689063	0.095000	-118.235803	-0.298332	-119.011817	0.416739
3024.193550	-120.214871	-0.048496	-72.186738	-0.426643	-113.995592	-0.056972	-130.792672	0.278659
3066.196238	-128.574062	0.269137	-66.917855	0.365287	-126.073309	-0.272023	-126.408345	-0.129051
3108.198926	-114.868769	-0.466440	-67.332516	0.402113	-121.692844	-0.358772	-122.950384	-0.173637
3150.201614	-123.868677	-0.227084	-74.671658	-0.340798	-128.303241	0.103344	-124.517731	0.181891
3192.204303	-127.634722	0.132208	-68.982584	-0.082455	-127.271442	-0.291155	-123.894050	-0.340341
3234.206991	-116.539553	-0.182170	-67.823771	0.411233	-120.340263	0.217632	-123.489438	0.440225
3276.209679	-121.151901	0.367373	-63.045688	0.400366	-116.074527	0.439738	-119.392386	0.388485
3318.212367	-130.667447	-0.155653	-77.126097	-0.369256	-122.343743	0.091875	-128.770330	0.314665
3360.215055	-120.700235	-0.157519	-71.645718	0.390906	-124.855183	0.266588	-121.707232	-0.218064
3402.217744	-128.212470	-0.063724	-65.614583	0.305032	-125.488415	-0.205718	-131.510535	0.110048
3444.220432	-123.986544	-0.467951	-67.477687	0.175411	-120.014208	0.060952	-125.361184	-0.340475
3486.223120	-128.063771	0.484930	-67.438844	-0.289303	-119.034970	0.445450	-130.958309	-0.376027
3528.225808	-121.150877	0.497131	-82.224793	0.362686	-120.543914	0.052395	-119.572547	0.369862
3570.228496	-123.403035	-0.310294	-72.393329	-0.366024	-129.881711	-0.419059	-127.522962	-0.241023
3612.231185	-124.945462	-0.346287	-68.435440	0.121866	-119.522699	0.138164	-130.016532	-0.347763
3654.233873	-119.234995	-0.064995	-63.855213	-0.255093	-127.151366	0.114897	-122.036526	-0.118017
3696.236561	-128.438037	-0.212937	-71.167511	-0.286034	-120.071203	-0.476449	-124.545978	0.246634
3738.239249	-114.259550	-0.094149	-70.758351	-0.073802	-121.659001	0.188454	-121.868544	-0.196758
3780.241937	-121.117883	-0.068245	-67.653895	0.467941	-126.267761	-0.079400	-129.046878	-0.312722
3822.244625	-122.572537	-0.451363	-63.495288	0.319319	-121.526050	0.497384	-124.120503	-0.416045
3864.247314	-116.602285	0.127063	-62.778081	0.210583	-116.034739	0.070039	-125.312013	0.078209
3906.250002	-146.613602	0.304189	-86.741948	0.036999	-124.251819	0.152522	-120.923658	-0.205664
3948.252690	-118.553419	-0.327736	-72.907188	0.367036	-113.704501	-0.420214	-114.400503	0.497644
3990.255378	-118.111426	-0.004794	-73.653276	0.354053	-116.133741	-0.332636	-119.964934	0.362731
4032.258066	-116.283787	-0.424190	-70.265704	0.431271	-119.020237	0.490114	-124.222858	-0.416688
4074.260755	-122.170319	0.440224	-78.858441	0.160442	-125.097475	0.041806	-122.478863	-0.210759
4116.263443	-118.523243	-0.061116	-69.461951	-0.247183	-129.163941	0.419700	-124.504455	-0.323396
4158.266131	-125.500954	-0.187698	-72.422629	0.078684	-124.080624	0.204588	-122.865047	0.289895
4200.268819	-127.034682	0.340243	-69.865580	-0.326762	-117.203809	0.228698	-122.824222	-0.411925
4242.271507	-116.774278	-0.448192	-71.786391	0.082426	-118.474155	0.209482	-122.120779	0.306433
4284.274196	-122.292651	0.351777	-76.394815	-0.005165	-127.732131	-0.005066	-131.345922	0.134343
4326.276884	-120.323183	-0.447733	-72.383560	-0.220033	-132.637362	-0.028592	-120.742944	0.112983
4368.279572	-122.833772	0.244011	-71.929221	0.258399	-120.161984	0.450673	-117.777111	0.392967
4410.282260	-126.513498	0.195009	-75.746377	0.250693	-129.564868	0.368107	-117.832351	0.197018
4452.284948	-129.197723	-0.048218	-77.896668	-0.309003	-121.461991	-0.065168	-130.794512	-0.308435
4494.287637	-131.301274	0.271925	-77.901749	0.462912	-124.570298	-0.415113	-121.012436	0.499597
4536.290325	-126.870099	-0.379727	-74.472949	-0.276256	-126.376775	-0.398167	-118.729316	-0.299596
4578.293013	-117.192632	0.119182	-77.948711	-0.447154	-124.144431	0.025632	-127.891350	-0.065486
4620.295701	-123.058807	0.032299	-72.638041	0.418169	-123.924240	-0.035915	-125.412254	-0.076777
4662.298389	-100.641718	0.405530	-71.460859	0.250198	-122.819719	0.365296	-126.474091	0.156980
4704.301078	-122.858421	-0.487762	-68.803127	0.495351	-122.131575	-0.422871	-125.136184	0.393984
4746.303766	-126.865744	0.425654	-68.322296	0.468260	-119.461950	0.078659	-125.695449	0.119342
4788.306454	-121.915303	-0.308201	-69.013679	0.416380	-140.039989	-0.219882	-129.132904	0.404009
4830.309142	-117.392521	-0.495411	-69.710729	-0.456268	-124.051412	0.173533	-140.258409	-0.172122
4872.311830	-119.269943	0.152618	-74.774419	-0.111715	-127.115234	-0.228568	-133.092727	0.071718
4914.314518	-123.061058	0.161509	-67.850227	0.176937	-117.074432	0.095054	-119.396969	-0.435091
4956.317207	-122.592760	-0.342152	-79.242745	-0.303848	-124.634707	-0.491228	-122.116274	-0.380196
4998.319895	-128.760503	0.386995	-65.833038	0.154306	-124.188132	0.132723	-123.110721	0.169030
5040.322583	-127.107172	0.461106	-66.569491	-0.031808	-130.657145	-0.432240	-129.857858	0.496411
5082.325271	-132.160400	0.038165	-78.425117	-0.484913	-123.551219	0.225791	-117.964158	0.105955
5124.327959	-121.903293	-0.120461	-67.226145	-0.269719	-118.861197	0.074883	-130.323500	-0.413122
5166.330648	-115.408130	-0.174390	-65.429872	-0.038963	-123.245877	0.424767	-128.239555	-0.156297
5208.333336	-127.526368	-0.331180	-74.013229	0.322878	-125.133488	0.022065	-130.739854	-0.187712
5250.336024	-120.197421	-0.401358	-78.774958	0.383836	-119.052715	0.350438	-122.601777	0.323946
5292.338712	-128.409564	-0.153649	-69.896006	-0.300969	-118.486673	-0.431151	-124.210658	-0.402768
5334.341400	-124.551654	0.260031	-69.957817	-0.250102	-120.426103	0.319399	-128.115068	0.324583
5376.344089	-128.019073	0.301607	-78.901154	-0.060377	-117.611153	-0.468293	-119.731938	0.376267
5418.346777	-127.691001	0.027885	-64.970260	0.095857	-118.548987	0.023877	-116.603034	0.228294
5460.349465	-128.580235	0.300317	-83.123442	-0.123422	-124.673164	0.155398	-127.930869	-0.043109
5502.352153	-123.884425	0.057009	-68.500933	0.494325	-117.275780	-0.321937	-136.241278	-0.089395
5544.354841	-120.010387	0.103593	-75.514002	-0.117598	-127.215784	-0.141367	-123.759428	0.356508
5586.357530	-125.504167	-0.114149	-64.837249	0.102920	-122.455586	-0.484114	-117.113090	0.341139
5628.360218	-122.840724	0.392560	-65.936621	-0.487487	-120.948627	-0.325974	-127.279695	-0.297598
5670.362906	-122.132322	-0.388374	-80.872365	0.274992	-131.899193	-0.011948	-121.953975	0.316602
5712.365594	-135.578377	-0.252882	-73.923073	0.207931	-121.874908	0.016041	-130.015566	-0.426479
5754.368282	-125.054918	0.184418	-74.693501	-0.140092	-118.881942	0.439190	-121.153290	0.260370
5796.370971	-132.791907	-0.273713	-71.120437	-0.018743	-127.702218	-0.308298	-127.897654	0.380194
5838.373659	-125.767307	-0.496726	-75.964631	0.112424	-138.127936	-0.012306	-128.590057	-0.056025
5880.376347	-120.294990	0.287758	-68.968906	0.353660	-125.130464	0.102849	-120.493087	-0.162035
5922.379035	-115.311738	0.207437	-70.927536	0.445952	-123.663571	0.090552	-124.855350	0.479019
5964.381723	-123.874884	-0.075053	-70.168868	0.373596	-119.207654	-0.355717	-129.685047	-0.326779
6006.384411	-122.056603	-0.483297	-66.162691	-0.284480	-125.541265	-0.457649	-122.206278	0.125631
6048.387100	-125.149393	-0.476978	-71.324194	-0.142540	-125.021724	-0.220695	-124.796821	-0.288942
6090.389788	-127.036055	-0.270006	-72.630135	0.059710	-123.422691	-0.179071	-118.678524	-0.067272
6132.392476	-125.853331	0.337577	-68.201327	0.403468	-128.552655	0.094100	-122.266400	-0.202599
6174.395164	-122.441266	0.011578	-71.958959	0.083272	-127.362759	0.229596	-123.331500	-0.346985
6216.397852	-99.072544	-0.365449	-73.689847	-0.000219	-120.981663	0.226166	-122.744661	0.276607
6258.400541	-121.383381	0.380265	-69.955733	0.280281	-138.948824	0.392959	-120.630934	0.381650
6300.403229	-118.786447	0.150282	-70.982816	-0.045160	-124.725210	0.148521	-128.348177	-0.059935
6342.405917	-122.524828	-0.463223	-83.267328	0.473567	-117.707527	0.472577	-120.026697	-0.373621
6384.408605	-120.101992	0.263361	-67.555132	0.255189	-125.634357	0.186166	-125.072654	0.491770
6426.411293	-127.500398	0.466197	-75.836155	0.428331	-132.446248	0.320250	-120.994349	-0.376959
6468.413982	-119.933288	-0.072911	-72.789825	-0.132664	-123.892475	0.076875	-119.037177	0.373092
6510.416670	-124.388472	0.275001	-71.084768	-0.139658	-117.461425	-0.129474	-121.645206	-0.358771
6552.419358	-124.367453	0.301129	-66.288673	-0.126313	-125.211495	0.241133	-126.656508	-0.329275
6594.422046	-118.404286	0.008986	-69.362963	0.223397	-125.716349	0.049417	-124.312024	-0.051582
6636.424734	-128.877682	0.245488	-70.274341	-0.493454	-132.049033	0.265312	-123.422970	-0.215977
6678.427423	-126.736065	0.323983	-75.924011	-0.134022	-120.706094	-0.329640	-124.119786	0.482930
6720.430111	-117.820705	0.015225	-80.615534	-0.103652	-125.463351	-0.063918	-123.331593	-0.018900
6762.432799	-118.778973	0.479781	-71.889789	-0.130663	-121.034572	0.112045	-126.850502	0.304555
6804.435487	-124.272515	-0.305842	-75.386379	0.378876	-120.511868	-0.492233	-124.253141	0.405607
6846.438175	-126.741878	-0.392441	-75.647156	0.086827	-120.227835	-0.270280	-128.266685	-0.484562
6888.440864	-129.023350	-0.337063	-75.147320	-0.220371	-117.389665	-0.086650	-123.483066	-0.278087
6930.443552	-128.679019	-0.159156	-68.111900	-0.462515	-130.540274	-0.441289	-129.669327	-0.207710
6972.446240	-128.039770	0.058331	-73.639460	-0.013061	-117.909750	0.052355	-120.963379	-0.327149
7014.448928	-120.880134	0.121307	-84.441347	-0.113746	-125.999792	-0.147386	-123.874770	-0.436192
7056.451616	-118.721292	-0.083129	-70.217148	-0.134330	-118.473779	-0.192436	-124.583791	-0.119838
7098.454304	-127.359146	-0.049952	-68.891920	0.447944	-129.602423	0.008905	-130.372049	0.338337
7140.456993	-130.805107	0.229079	-82.826454	0.311765	-127.035719	-0.429272	-118.826105	0.307732
7182.459681	-119.755428	0.133291	-81.219067	0.095798	-122.115682	0.191395	-125.680138	0.452812
7224.462369	-122.418695	-0.371189	-66.079425	0.354636	-122.173811	-0.120394	-115.912551	-0.309720
7266.465057	-122.157680	-0.225105	-81.281641	0.073602	-129.660870	0.099639	-137.942196	-0.008077
7308.467745	-138.936287	-0.201058	-73.429149	0.439498	-126.562465	-0.439419	-129.769206	-0.409075
7350.470434	-119.871743	-0.146360	-75.983980	0.419927	-125.205169	-0.291570	-129.365280	0.044503
7392.473122	-120.320407	0.135406	-72.120039	-0.335608	-123.414452	0.332700	-125.956763	0.073457
7434.475810	-117.735719	0.009968	-93.376250	-0.311304	-125.752186	0.064023	-126.271507	0.447342
7476.478498	-143.056122	0.018306	-84.276446	-0.319203	-116.669888	0.173593	-128.471305	-0.392010
7518.481186	-124.025172	0.353301	-72.188314	0.291754	-118.292731	-0.009553	-119.741867	0.122006
7560.483875	-119.105731	-0.065302	-77.274751	-0.121703	-126.986561	-0.217099	-128.100150	0.251128
7602.486563	-119.296552	0.010874	-76.174701	-0.429518	-122.576569	-0.466408	-121.542404	0.014188
7644.489251	-128.950691	0.118988	-80.019477	-0.108201	-131.934021	0.467199	-122.599747	-0.484776
7686.491939	-125.814777	-0.484381	-76.591104	0.047640	-121.074153	-0.378588	-119.399280	-0.397155
7728.494627	-115.549667	0.355684	-76.323937	0.077554	-121.009595	0.386743	-121.524651	-0.447837
7770.497316	-102.681461	0.435737	-76.628122	0.489030	-121.272901	-0.266207	-119.600488	-0.032826
7812.500004	-121.086403	0.328479	-70.306444	0.114169	-123.501413	0.444029	-133.379432	-0.453507
7854.502692	-121.848362	-0.219976	-77.328360	-0.357890	-127.254450	-0.370775	-131.827814	-0.222673
7896.505380	-123.735092	0.496646	-75.151982	-0.239496	-124.308646	0.013173	-125.761234	0.023172
7938.508068	-127.948294	0.489140	-68.217661	0.399090	-140.646171	0.180137	-122.753042	-0.157212
7980.510757	-120.748733	-0.048252	-75.223212	0.354753	-132.049334	0.402746	-125.067102	-0.057336
8022.513445	-119.631411	-0.183153	-71.464041	-0.347840	-135.919530	-0.105482	-128.106428	-0.487111
8064.516133	-117.980806	0.364170	-76.235681	-0.446975	-118.799908	0.086852	-122.001164	0.224386
8106.518821	-129.315815	-0.300897	-83.548281	0.257734	-135.509690	-0.401154	-122.853318	-0.315744
8148.521509	-121.489610	-0.010619	-70.649676	0.423285	-125.270316	0.378166	-122.310230	0.267101
8190.524197	-126.187106	0.339644	-82.792032	-0.065091	-121.121717	-0.293216	-119.675900	-0.408226
8232.526886	-131.427590	-0.075839	-79.677268	-0.052389	-124.252909	-0.196834	-133.830570	-0.337117
8274.529574	-122.287129	0.119103	-82.415817	0.319403	-132.874216	0.203010	-125.590684	-0.019327
8316.532262	-132.639295	-0.280979	-72.743191	-0.158947	-125.510987	0.422383	-125.041311	-0.233321
8358.534950	-121.857213	0.370779	-71.766727	0.016683	-126.001808	-0.116233	-125.614267	0.337708
8400.537638	-120.052390	-0.292459	-76.107061	0.035290	-127.985342	-0.021450	-130.012470	0.020100
8442.540327	-119.760008	-0.420451	-79.760149	0.370280	-130.301601	-0.153182	-127.366898	-0.136999
8484.543015	-139.133318	0.187066	-71.792548	0.180553	-125.445658	-0.036146	-117.609957	-0.262039
8526.545703	-127.008625	0.221417	-70.400205	-0.085850	-117.213519	0.000645	-116.868623	-0.091882
8568.548391	-127.006224	-0.422313	-81.356310	-0.087002	-129.626224	0.162732	-123.451468	-0.451167
8610.551079	-132.397680	-0.012019	-81.156513	-0.100568	-122.658469	-0.280655	-144.365901	0.182055
8652.553768	-122.247905	0.447664	-74.151402	0.063463	-128.604802	-0.393462	-131.214295	0.368596
8694.556456	-121.003303	-0.067709	-73.606899	0.328867	-130.921317	-0.438978	-122.375989	0.223116
8736.559144	-122.001325	0.364546	-79.245269	-0.196383	-122.460915	0.448669	-121.025626	-0.372013
8778.561832	-122.149550	0.150011	-75.983132	-0.130665	-129.959963	0.496371	-115.104875	0.222539
8820.564520	-121.221816	0.062505	-76.793792	0.425398	-129.429584	0.257260	-126.715199	0.460651
8862.567209	-130.810911	0.217149	-74.521991	-0.171162	-129.955585	-0.469467	-130.806477	0.031490
8904.569897	-121.870555	0.314952	-80.329084	0.236448	-134.977426	-0.002581	-119.533990	0.471338
8946.572585	-119.900907	0.057319	-86.287218	0.062176	-127.136655	-0.121164	-123.715985	0.148032
8988.575273	-125.522354	0.295459	-71.836694	-0.243359	-123.187813	0.361529	-127.188756	0.320389
9030.577961	-127.199809	0.374177	-76.502295	0.433205	-120.115442	0.276725	-129.473679	0.487502
9072.580650	-131.295422	-0.001009	-78.963685	-0.259518	-129.348032	-0.193109	-124.286450	-0.229395
9114.583338	-122.176036	0.161844	-75.787044	-0.187807	-128.557377	-0.181850	-121.824146	-0.165770
9156.586026	-120.822497	-0.281083	-73.411722	-0.491338	-130.742124	0.247589	-127.689711	0.192332
9198.588714	-129.815943	0.383716	-67.494991	0.058261	-125.585692	0.460636	-135.491188	-0.038388
9240.591402	-121.810376	-0.324203	-69.535205	0.005281	-121.311738	-0.332564	-132.380768	-0.035885
9282.594090	-128.602063	-0.189447	-72.018749	0.137965	-136.677501	0.295692	-121.184734	0.418407
9324.596779	-107.271897	-0.283378	-77.693336	0.189493	-127.360858	0.159095	-121.556044	0.118312
9366.599467	-120.313520	0.499129	-92.021554	0.132500	-123.102333	0.213054	-130.568326	-0.170722
9408.602155	-126.757882	0.020169	-79.855366	0.107991	-126.521488	-0.043625	-120.422048	0.008991
9450.604843	-116.035873	-0.486438	-76.866809	-0.486074	-133.461365	-0.023123	-126.149474	0.252742
9492.607531	-117.949700	0.001769	-68.718202	0.283483	-124.966348	-0.121607	-122.804674	0.176280
9534.610220	-127.385312	0.487264	-74.239480	0.372286	-122.009145	0.014294	-123.490715	-0.289348
9576.612908	-124.479667	0.409209	-68.890290	-0.157641	-131.842443	0.275108	-122.931984	-0.362192
9618.615596	-126.848355	0.269591	-66.985176	0.004842	-147.225685	0.476006	-126.328248	0.324105
9660.618284	-120.944319	-0.386271	-79.213479	-0.389782	-129.927576	0.298389	-119.605309	-0.146947
9702.620972	-121.827990	0.447197	-79.283487	0.459187	-126.724160	-0.422638	-125.301738	0.277133
9744.623661	-120.269467	0.308259	-75.173098	-0.254628	-136.218261	0.106999	-125.225552	-0.294565
9786.626349	-118.546795	0.211190	-84.765223	-0.063870	-126.007533	0.053339	-123.218949	0.217207
9828.629037	-127.801360	-0.403197	-72.245203	-0.237299	-120.884614	-0.470450	-121.786387	-0.422634
9870.631725	-119.519437	0.334376	-81.107447	0.344419	-119.736805	-0.034892	-126.593952	0.103431
9912.634413	-125.413627	0.333226	-76.698638	0.053991	-135.341116	0.279159	-121.005866	-0.029258
9954.637102	-115.981396	-0.270756	-73.852459	-0.083543	-123.419211	0.328233	-123.850813	0.300651
9996.639790	-120.084017	-0.369927	-82.059903	-0.428353	-119.563248	0.369706	-118.372231	-0.418678
10038.642478	-120.887246	-0.444675	-74.626615	-0.338138	-123.677350	0.405779	-120.515290	-0.339924
10080.645166	-125.761606	-0.322405	-77.210873	0.133249	-128.809515	0.479503	-121.446461	0.072503
10122.647854	-118.464138	0.478440	-70.297649	0.047976	-128.376193	0.285656	-140.066241	-0.309403
10164.650543	-127.642006	0.380788	-70.184272	-0.477610	-118.567491	0.068111	-121.420394	-0.256579
10206.653231	-120.155226	0.088028	-86.776749	0.430525	-128.438271	0.035213	-128.776490	0.225955
10248.655919	-126.832167	-0.371367	-73.670529	-0.467323	-125.346035	-0.333777	-127.450837	0.459174
10290.658607	-125.116828	0.124230	-76.994238	-0.070753	-122.733646	0.204896	-126.016033	-0.456044
10332.661295	-128.113877	0.255939	-73.813188	-0.402525	-122.921087	0.316122	-119.881520	-0.399878
10374.663983	-127.049228	-0.448246	-82.751570	-0.320875	-120.225500	-0.418612	-124.255946	-0.061767
10416.666672	-134.706259	0.467984	-82.319924	0.415534	-124.576629	0.168328	-121.640342	0.087773
10458.669360	-126.820838	-0.451137	-73.047058	0.445444	-126.918296	-0.351103	-128.691811	0.068453
10500.672048	-121.500247	0.082203	-72.960141	0.320778	-123.883463	-0.226094	-121.450120	0.332088
10542.674736	-129.771290	0.439234	-72.686685	-0.370070	-121.810318	-0.129839	-123.196455	-0.454201
10584.677424	-120.848404	0.164145	-76.965123	-0.340961	-131.312899	-0.485459	-120.205458	0.237550
10626.680113	-123.189673	0.259766	-75.341896	-0.422885	-122.270581	0.144256	-119.446201	0.394984
10668.682801	-122.782366	-0.392815	-76.170434	-0.026497	-116.626627	-0.223513	-118.810257	-0.150228
10710.685489	-118.568284	0.347061	-77.330569	0.406073	-124.160197	0.491293	-118.651640	0.397722
10752.688177	-119.389784	0.456892	-73.947441	-0.266063	-118.990392	-0.371669	-122.066154	-0.134072
10794.690865	-119.223830	0.347920	-72.776793	0.499137	-130.752035	0.177692	-119.604456	0.300240
10836.693554	-128.577935	-0.020225	-72.723499	0.138112	-127.530108	0.336348	-125.976887	-0.057755
10878.696242	-108.768682	-0.469921	-87.171526	-0.465308	-114.912422	-0.494780	-122.399237	0.450901
10920.698930	-118.615827	0.138479	-77.199848	0.043093	-121.990978	-0.330480	-121.044990	-0.384149
10962.701618	-124.528917	0.231465	-80.079513	-0.111493	-122.308092	-0.499382	-116.538662	-0.420140
11004.704306	-121.694491	-0.398554	-75.341194	0.156662	-116.035767	-0.347484	-125.698562	0.457366
11046.706995	-129.784442	0.361071	-74.104019	0.470741	-116.234052	0.046661	-120.570061	0.065287
11088.709683	-119.501985	0.384437	-75.789293	-0.309049	-122.514272	-0.286051	-123.014026	0.361372
11130.712371	-133.896185	-0.246424	-91.630078	-0.279484	-118.484824	-0.156790	-124.853512	-0.326072
11172.715059	-128.610297	0.028102	-93.025314	0.253449	-123.539735	0.154528	-120.184116	0.431478
11214.717747	-120.890758	0.112167	-75.467442	0.135606	-118.130151	0.084223	-125.776810	-0.483039
11256.720435	-127.488419	0.102675	-82.690015	-0.089124	-115.267334	-0.078170	-139.215041	0.375869
11298.723124	-116.761978	0.336421	-70.607319	0.122430	-127.066972	0.398070	-140.558953	0.009299
11340.725812	-121.305610	0.413937	-75.531542	-0.480752	-122.262058	-0.430740	-119.909340	-0.451649
11382.728500	-142.211834	-0.197012	-70.448094	0.023731	-126.386102	0.279669	-118.422879	0.178875
11424.731188	-131.702218	-0.091240	-73.282007	0.170811	-118.579854	-0.045583	-125.258072	-0.009752
11466.733876	-117.321181	0.280873	-90.437210	-0.169323	-118.187640	0.075197	-119.966565	0.477404
11508.736565	-119.154831	-0.207033	-73.057732	0.495646	-120.474000	0.017017	-125.385194	-0.373448
11550.739253	-122.757779	0.058247	-83.726972	-0.438525	-120.286512	0.090852	-131.103264	0.308311
11592.741941	-122.517857	0.328548	-89.026426	0.340533	-130.052958	-0.423927	-125.282624	-0.436732
11634.744629	-126.750919	0.261551	-84.709620	-0.486422	-118.597262	-0.052906	-121.932200	0.075255
11676.747317	-124.397468	-0.088931	-78.155466	0.084904	-133.140912	-0.487885	-120.113898	0.014189
11718.750006	-123.114505	-0.399489	-82.035894	-0.398043	-119.044233	-0.233756	-119.945560	-9.686542E-5
11760.752694	-128.475032	0.201500	-78.516945	0.436140	-117.563021	0.295150	-115.175925	-0.428570
11802.755382	-119.563027	0.119354	-74.501278	-0.061845	-125.482036	0.454246	-125.381486	0.442191
11844.758070	-124.823681	0.121822	-85.316702	0.061126	-123.163688	-0.069402	-130.300410	0.071855
11886.760758	-124.679388	-0.470106	-94.791229	0.319157	-121.584392	0.318575	-125.660633	-0.499724
11928.763447	-122.409417	-0.429041	-78.650971	-0.053386	-126.769288	-0.488526	-129.635691	0.045546
11970.766135	-131.762130	-0.199283	-83.821584	-0.374065	-127.190739	-0.055032	-123.375966	0.426324
12012.768823	-120.282545	-0.443681	-76.369314	0.470070	-120.138580	0.424664	-121.538598	-0.439736
12054.771511	-116.914220	-0.070109	-84.185126	0.030291	-122.549683	0.009727	-121.935454	-0.428868
12096.774199	-117.560428	-0.449440	-82.507863	0.225927	-121.323274	0.494835	-130.849220	-0.454102
12138.776888	-127.161894	-0.181403	-80.007165	-0.134404	-127.049059	-0.364331	-123.143302	-0.147832
12180.779576	-117.417271	-0.463629	-80.520986	0.010532	-117.793484	-0.467509	-131.907459	0.480117
12222.782264	-125.609347	0.139733	-84.163286	0.472626	-124.640245	-0.293707	-124.787438	0.261587
12264.784952	-129.232156	0.052882	-79.867742	-0.070263	-119.145601	0.162755	-123.121902	0.413979
12306.787640	-129.131887	-0.398912	-77.001879	-0.334382	-125.159534	-0.309099	-127.693390	0.117294
12348.790328	-121.349957	-0.253168	-74.935486	-0.098215	-118.565158	-0.274114	-121.870249	-0.068029
12390.793017	-115.761090	-0.287344	-83.130133	0.418914	-132.779745	-0.283449	-131.933131	0.110661
12432.795705	-105.602257	-0.173814	-82.782005	-0.270672	-122.260336	0.235528	-131.920953	0.289089
12474.798393	-118.751584	0.083653	-83.924460	-0.078905	-126.477670	-0.155514	-119.438459	-0.478594
12516.801081	-124.924866	0.273665	-74.155381	0.288423	-121.557939	-0.090963	-124.630570	-0.293034
12558.803769	-126.947844	0.190880	-78.407775	0.204156	-126.034055	0.068631	-125.449625	0.350441
12600.806458	-125.285911	0.115621	-75.379241	-0.486720	-144.383260	-0.160210	-122.495103	0.383928
12642.809146	-126.168029	0.469976	-79.962463	-0.302891	-141.055840	-0.144074	-121.588177	0.299747
12684.811834	-119.921075	-0.432977	-75.886638	-0.048840	-123.792870	-0.377640	-122.081909	-0.287932
12726.814522	-133.341761	-0.364070	-77.901475	0.028607	-120.612767	0.267539	-120.845104	0.057556
12768.817210	-124.377441	0.272469	-78.411278	-0.261526	-126.417323	-0.076681	-125.868405	-0.208860
12810.819899	-122.214049	0.020868	-71.335427	-0.364667	-124.601454	0.248655	-129.999640	-0.498603
12852.822587	-129.223649	0.052428	-76.116489	-0.031708	-119.634347	0.283855	-123.793341	-0.130440
12894.825275	-116.357647	0.250083	-79.060165	0.038322	-139.411789	-0.491385	-124.887974	0.298168
12936.827963	-124.437891	-0.358177	-73.573349	0.497070	-134.764060	0.238277	-124.347610	0.191811
12978.830651	-124.401302	-0.465064	-72.075733	0.133435	-121.887815	0.287268	-124.850422	0.341478
13020.833340	-115.812300	-0.076410	-78.028780	0.388906	-116.817874	0.131895	-129.758442	-0.195298
13062.836028	-120.819951	-0.471231	-82.389830	-0.165482	-116.843157	-0.441074	-124.271477	-0.448352
13104.838716	-121.243428	-0.304023	-77.550199	0.240640	-125.573706	-0.078409	-115.177416	-0.061117
13146.841404	-117.067353	-0.110526	-87.532280	-0.087000	-117.317921	-0.015853	-122.294179	-0.269265
13188.844092	-132.631362	-0.382424	-74.873875	-0.073426	-128.597200	-0.139369	-122.653350	0.058221
13230.846781	-122.178942	0.031942	-87.974363	0.168069	-115.633605	0.370897	-120.676899	0.441990
13272.849469	-120.295349	0.218165	-89.542157	0.258741	-120.636868	0.379809	-126.593667	0.345831
13314.852157	-125.749989	-0.286148	-81.352631	0.056845	-137.555955	0.355989	-123.876266	-0.428981
13356.854845	-119.818535	0.410467	-78.232381	-0.064494	-121.725589	0.399452	-124.140155	-0.454248
13398.857533	-126.793154	-0.453139	-89.322374	-0.004658	-132.998178	-0.192572	-120.114618	0.392095
13440.860221	-127.916269	-0.487226	-85.102452	-0.101027	-124.499424	-0.069480	-125.179971	-0.339808
13482.862910	-126.515922	-0.152740	-71.968285	-0.204887	-125.893240	0.482088	-141.361288	0.039606
13524.865598	-117.821305	-0.360873	-90.411113	-0.194206	-117.526564	-0.334580	-125.379387	-0.411811
13566.868286	-120.299333	0.105216	-82.876017	-0.077393	-127.177506	0.006565	-134.644739	0.404638
13608.870974	-123.829227	-0.031456	-75.463383	0.290138	-122.345657	-0.019774	-118.796154	0.028967
13650.873662	-116.620547	0.441824	-73.231891	0.407859	-124.787564	0.303434	-119.475007	0.439709
13692.876351	-116.772948	0.053707	-86.437305	0.115672	-124.455328	-0.036623	-125.863946	0.316980
13734.879039	-119.668943	0.306927	-72.420346	-0.174727	-125.095034	0.290084	-123.636098	0.066507
13776.881727	-133.836931	0.413304	-73.634095	-0.210898	-126.977542	0.197039	-137.107690	-0.123207
13818.884415	-117.948783	-0.493865	-84.025652	-0.085402	-123.603282	0.032626	-126.909229	0.078494
13860.887103	-123.115589	0.416358	-74.770866	-0.188105	-122.322524	-0.088187	-130.423777	-0.414134
13902.889792	-117.423214	0.265897	-87.141814	0.454821	-127.060567	-0.384280	-126.943156	0.078746
13944.892480	-118.641795	-0.407641	-86.475210	-0.116092	-121.394375	-0.220203	-133.628450	0.127369
13986.895168	-114.424201	0.079036	-78.578159	-0.167971	-125.482727	0.251209	-127.170881	-0.280336
14028.897856	-125.041146	0.278550	-74.741802	-0.157302	-127.372584	-0.301535	-133.854912	-0.229617
14070.900544	-129.546354	-0.343804	-76.396554	0.297072	-117.964203	0.287284	-123.777280	0.354119
14112.903233	-120.737406	-0.247800	-75.625617	0.323988	-122.398081	-0.486313	-125.273078	0.364634
14154.905921	-122.708795	-0.124326	-79.501560	0.411176	-119.581021	-0.452602	-116.794926	-0.115299
14196.908609	-127.481901	-0.081887	-81.388661	0.472156	-121.948913	-0.231759	-125.515202	0.436396
14238.911297	-123.934751	-0.363878	-80.101227	0.123542	-118.580346	-0.155362	-134.676276	-0.081972
14280.913985	-133.924458	0.230316	-77.218859	-0.453311	-122.273379	-0.315904	-125.579080	0.274409
14322.916674	-120.782887	0.214631	-78.296397	-0.015092	-128.332550	-0.012590	-122.225497	0.444648
14364.919362	-121.768164	-0.060649	-80.913232	-0.241647	-120.590827	-0.278080	-119.117643	0.252024
14406.922050	-121.326440	-0.341550	-77.052917	0.332438	-125.088787	0.287293	-129.242522	0.414580
14448.924738	-122.977896	-0.073977	-77.084781	-0.404653	-129.170871	-0.108448	-120.907955	-0.257079
14490.927426	-115.799378	0.476746	-80.094493	-0.438115	-124.813404	0.289578	-121.152671	-0.498240
14532.930114	-129.570238	0.263433	-87.666514	0.381850	-115.874676	0.009867	-121.105200	0.248219
14574.932803	-132.807856	0.469471	-79.333932	0.048887	-117.837250	-0.212027	-129.578947	-0.327655
14616.935491	-118.490676	0.477850	-84.810314	0.329233	-125.877459	0.197711	-126.888897	-0.352467
14658.938179	-126.754259	-0.097068	-84.248377	0.125827	-123.989752	0.136953	-123.424820	-0.334185
14700.940867	-119.817885	0.355770	-82.281887	-0.071797	-120.375698	-0.422069	-142.617642	0.279128
14742.943555	-123.230402	-0.195886	-76.543752	0.179886	-129.653339	-0.361938	-127.875823	-0.486589
14784.946244	-118.861615	-0.458088	-87.938408	0.301178	-128.767920	-0.464829	-123.909747	0.384088
14826.948932	-124.163265	0.457017	-82.221248	0.492241	-120.783870	-0.267932	-118.592743	0.365559
14868.951620	-119.768094	0.105882	-80.499851	-0.391940	-122.054288	0.410045	-138.166595	0.261584
14910.954308	-118.394795	-0.169029	-86.353105	0.164973	-124.705990	-0.190669	-128.410939	-0.144153
14952.956996	-122.653013	-0.397779	-77.240179	-0.090677	-126.067346	0.182351	-119.251698	0.405873
14994.959685	-118.395184	0.096640	-83.227901	-0.279128	-121.156118	0.210733	-121.314362	0.281331
15036.962373	-128.536229	0.470020	-78.904903	0.236520	-134.806221	-0.201495	-130.151337	0.164522
15078.965061	-119.324499	-0.223354	-91.420492	0.104826	-126.576660	-0.251479	-129.022905	-0.261638
15120.967749	-117.179272	0.277033	-80.278780	-0.026218	-142.929379	-0.235558	-122.455634	0.487574
15162.970437	-119.739685	0.130683	-77.499824	-0.233122	-121.000731	0.245071	-117.739439	0.136610
15204.973126	-121.738459	-0.210412	-80.832952	-0.373662	-121.836612	-0.291243	-119.855953	-0.388220
15246.975814	-125.715398	0.169029	-88.717735	-0.255617	-124.476134	-0.020417	-125.105351	0.438245
15288.978502	-140.186963	-0.470276	-76.347616	0.260345	-130.176488	-0.152126	-120.705809	-0.023845
15330.981190	-124.729923	-0.025304	-80.990002	0.493549	-121.512264	0.318674	-120.590261	0.061670
15372.983878	-121.446070	-0.438024	-80.717380	-0.440814	-128.775428	0.374752	-128.496239	-0.420403
15414.986567	-138.603657	-0.330115	-77.837065	-0.229380	-122.790237	0.303702	-129.001787	0.460068
15456.989255	-120.849428	-0.193812	-75.965314	-0.104254	-123.220129	-0.137838	-131.475160	-0.227728
15498.991943	-140.493692	-0.300251	-78.756399	0.013908	-124.790619	-0.015000	-122.063925	-0.365401
15540.994631	-107.421835	-0.093506	-88.072564	-0.105779	-117.137469	-0.106176	-125.760145	-0.464035
15582.997319	-118.500222	0.162859	-77.558757	-0.228257	-120.373645	0.279371	-123.802546	-0.169743
15625.000007	-126.295340	0.355124	-75.454012	-0.181052	-115.827064	-0.223352	-139.337263	0.264765
15667.002696	-116.227512	0.498029	-91.248500	-0.266820	-119.632309	-0.237147	-125.644527	-0.419172
15709.005384	-129.885253	0.083296	-82.928759	0.447984	-128.755476	0.436542	-119.868263	0.089948
15751.008072	-126.435372	0.202260	-84.306559	-0.491545	-121.545881	0.058309	-122.924473	0.112889
15793.010760	-123.682910	0.106291	-78.144642	-0.432557	-123.886242	0.145831	-117.517434	0.086939
15835.013448	-131.352961	0.108991	-77.091113	-0.380032	-127.547463	0.463659	-119.183045	0.290099
15877.016137	-125.509082	-0.176070	-80.473832	-0.123122	-119.442178	0.293317	-130.436990	0.059390
15919.018825	-120.199923	0.155956	-78.073297	-0.405597	-118.580432	-0.317481	-124.173575	0.417850
15961.021513	-122.050155	0.309520	-80.957404	0.247581	-125.214999	-0.372329	-122.713382	0.068803
16003.024201	-121.037108	0.054761	-73.251644	-0.485445	-124.092246	0.046807	-126.629266	-0.046925
16045.026889	-118.101533	0.400429	-88.040284	0.370925	-123.121526	0.196659	-127.720756	0.493963
16087.029578	-120.351358	-0.209050	-80.124072	0.065743	-131.332129	0.128357	-126.526304	-0.268880
16129.032266	-130.180380	0.304508	-78.666452	-0.273946	-127.209581	0.388928	-125.896723	0.133876
16171.034954	-139.379874	-0.007091	-84.076587	-0.285890	-125.103759	-0.480851	-152.827048	0.032599
16213.037642	-118.810437	0.131293	-94.850358	0.138233	-123.684487	-0.262103	-120.653248	0.193890
16255.040330	-126.119859	0.099714	-76.145442	0.407518	-128.586525	0.262427	-122.655287	0.208292
16297.043019	-121.195381	-0.050782	-80.717764	-0.260861	-119.839827	0.266004	-119.524123	-0.021542
16339.045707	-118.715725	-0.339464	-90.268506	-0.095834	-120.922418	0.096006	-121.668280	-0.445830
16381.048395	-119.832605	-0.076786	-81.565403	0.282314	-127.308834	0.118651	-118.659712	-0.164815
16423.051083	-121.898956	-0.477252	-91.164276	-0.336912	-117.721290	-0.396741	-126.573666	-0.072729
16465.053771	-122.876874	-0.078776	-78.710293	-0.183790	-128.026529	-0.435677	-122.705197	0.056252
16507.056460	-130.249998	-0.413120	-81.688957	0.360406	-124.635826	-0.425600	-122.146681	-0.442208
16549.059148	-118.284432	0.192321	-71.816695	0.219825	-118.601097	-0.101114	-126.471414	0.449839
16591.061836	-121.780828	-0.312549	-80.688327	0.328252	-125.534393	-0.310673	-125.176641	0.463290
16633.064524	-115.545201	0.125181	-78.583524	0.002556	-140.839801	-0.050394	-137.858405	0.421271
16675.067212	-122.098794	-0.164816	-83.584961	0.316583	-126.763932	-0.393131	-121.885884	0.191420
16717.069900	-118.716031	-0.065966	-85.024420	0.273694	-133.673639	0.094699	-115.235211	-0.062386
16759.072589	-128.722772	-0.233845	-91.884394	-0.187508	-124.154274	0.269198	-119.904598	0.015230
16801.075277	-123.222233	-0.356379	-85.662402	-0.254970	-121.188862	0.243201	-122.094106	-0.428232
16843.077965	-131.857604	-0.008990	-82.102893	0.427724	-121.460327	-0.152478	-118.345698	0.278720
16885.080653	-120.458671	0.059311	-78.280144	0.052395	-121.826922	0.199161	-124.848679	0.014569
16927.083341	-127.031333	-0.433707	-85.681550	-0.006606	-134.355260	0.387605	-131.224335	0.012852
16969.086030	-118.025743	0.416534	-85.462397	0.429206	-131.701978	-0.416574	-124.666403	-0.091964
17011.088718	-122.406945	0.435563	-84.670193	-0.110744	-129.933319	0.123066	-125.389663	-0.300928
17053.091406	-122.061231	0.474467	-76.623387	0.119690	-118.727280	0.186492	-127.902118	0.488054
17095.094094	-131.901785	0.042043	-83.066916	0.173312	-122.907696	-0.154196	-135.107834	0.361775
17137.096782	-121.648161	-0.090549	-84.759944	0.257867	-122.447122	-0.238104	-119.834099	0.450801
17179.099471	-126.674009	-0.235611	-75.558709	0.433549	-128.935542	0.293824	-117.671696	-0.434206
17221.102159	-120.737639	0.278431	-77.382862	-0.230027	-122.281599	0.484956	-120.582433	-0.430712
17263.104847	-125.370514	-0.159773	-84.109458	0.200190	-141.342454	0.247256	-124.676221	0.162942
17305.107535	-128.493215	0.456273	-80.116790	0.116407	-118.417984	-0.417577	-121.913245	0.136325
17347.110223	-123.274380	0.288291	-84.867057	-0.078580	-124.104407	-0.041684	-121.343092	0.004168
17389.112912	-122.295940	-0.487412	-74.086850	-0.429038	-127.897908	-0.089618	-123.439953	-0.136244
17431.115600	-139.947511	0.399727	-77.850314	0.364652	-123.063689	-0.381642	-127.860526	0.271017
17473.118288	-125.964026	0.147759	-75.708159	0.022588	-122.117003	0.497216	-125.332108	-0.158034
17515.120976	-129.442804	0.275806	-95.216360	0.381766	-126.499313	0.056938	-131.544048	-0.391679
17557.123664	-135.589070	0.123946	-80.649685	0.364924	-120.808046	0.237982	-126.268999	-0.434768
17599.126353	-126.589842	-0.243413	-88.573333	0.231542	-130.397447	-0.464541	-121.016469	-0.407771
17641.129041	-119.095837	-0.400762	-94.428455	-0.295692	-133.243798	0.263535	-128.203579	0.130144
17683.131729	-119.789136	0.332091	-84.610513	-0.458510	-128.512892	-0.017278	-122.139249	-0.301568
17725.134417	-118.714271	-0.024009	-83.314076	0.311909	-128.344990	0.354127	-133.999765	-0.237922
17767.137105	-121.943549	-0.062016	-74.937019	-0.225662	-124.576518	0.325537	-123.465495	-0.496965
17809.139793	-120.821242	0.262859	-89.183252	-0.320350	-122.646760	-0.253449	-132.809429	-0.486120
17851.142482	-126.063913	-0.199982	-80.454031	0.426938	-125.379612	0.291890	-120.901652	-0.067857
17893.145170	-125.558606	0.236416	-76.570590	-0.134490	-122.753752	0.379544	-124.673076	-0.407247
17935.147858	-132.152479	0.030912	-90.039184	0.440304	-124.405423	0.044724	-137.928750	-0.410081
17977.150546	-126.994276	0.272571	-87.845300	0.490064	-122.378100	0.177479	-117.179506	-0.086391
18019.153234	-125.869063	-0.182715	-78.837396	-0.077541	-123.145850	-0.204426	-132.858273	0.149457
18061.155923	-115.521521	-0.067734	-86.048051	-0.474480	-130.164127	-0.426252	-123.188986	-0.287371
18103.158611	-120.164114	-0.443076	-80.742090	0.206839	-127.707257	-0.421994	-124.245780	-0.397882
18145.161299	-116.761524	0.410954	-76.853873	0.275692	-125.587544	0.466499	-122.765930	-0.065641
18187.163987	-122.528543	0.162390	-84.786023	-0.109465	-128.965981	-0.195024	-121.553850	0.025724
18229.166675	-115.685413	-0.344002	-97.951507	0.182078	-118.225260	-0.349205	-129.261735	0.450952
18271.169364	-121.237016	-0.165830	-80.629627	0.101341	-123.486557	0.129515	-123.295306	-0.068641
18313.172052	-123.520989	0.109780	-76.123657	-0.344035	-127.316927	-0.187428	-126.411457	-0.060810
18355.174740	-137.304689	-0.164035	-73.876631	0.162840	-132.553323	0.102494	-126.627770	-0.312167
18397.177428	-120.322311	0.073887	-91.092752	0.379906	-124.359344	0.329264	-120.708114	0.369681
18439.180116	-127.737687	-0.450069	-85.199561	0.486915	-126.867747	-0.082223	-130.104395	-0.445259
18481.182805	-129.922621	-0.474043	-83.725187	-0.032497	-123.649266	0.457997	-119.509357	0.369907
18523.185493	-130.136391	-0.271336	-78.125664	-0.485396	-118.506538	0.092347	-133.650100	0.214356
18565.188181	-134.495394	-0.125575	-88.024892	0.182144	-122.529372	0.046105	-121.014489	0.206843
18607.190869	-122.647912	0.017511	-80.440073	0.496640	-134.072694	-0.294822	-130.268325	-0.287880
18649.193557	-111.962644	-0.110142	-76.995622	0.393415	-129.350402	-0.187133	-122.924379	0.376304
18691.196246	-125.390467	-0.165528	-86.072726	-0.204824	-130.196755	-0.152242	-125.681096	0.432726
18733.198934	-121.532607	0.352348	-80.347484	-0.177206	-122.078415	-0.299511	-126.123900	0.064376
18775.201622	-119.992999	-0.454178	-79.066684	0.420846	-131.885896	-0.251360	-117.616587	0.430588
18817.204310	-121.187360	-0.238696	-86.488855	-0.317166	-127.285677	-0.007172	-123.995474	0.133440
18859.206998	-129.254915	-0.177845	-77.962880	-0.456248	-124.328946	0.436397	-120.337411	-0.090561
18901.209686	-125.598905	-0.024197	-85.402053	-0.128654	-125.758515	0.167707	-124.959930	0.014937
18943.212375	-125.816669	0.158383	-90.148527	-0.414754	-119.389515	0.227650	-118.707584	0.068221
18985.215063	-121.051385	0.183995	-80.421379	-0.021086	-119.693906	-0.455487	-120.411406	0.035632
19027.217751	-121.357350	-0.428682	-83.142801	0.424024	-118.584008	-0.302716	-121.223257	0.233478
19069.220439	-120.030295	-0.370828	-92.901733	0.371048	-127.101339	-0.002629	-120.819122	-0.351198
19111.223127	-116.918416	0.196257	-76.973704	-0.384578	-126.103035	-0.331674	-130.483895	-0.478559
19153.225816	-119.663364	0.269943	-90.783742	-0.317808	-127.042552	0.348465	-135.216865	0.212773
19195.228504	-117.722245	-0.140113	-85.596229	0.194379	-124.333107	-0.256950	-125.023518	-0.151929
19237.231192	-122.874124	-0.332845	-78.931396	-0.077688	-127.818894	0.301226	-122.638057	-0.392525
19279.233880	-122.452822	-0.499664	-85.505853	0.442991	-129.742764	0.366449	-126.520694	0.237101
19321.236568	-127.375577	0.435246	-96.271502	-0.019500	-130.517373	0.190832	-128.960073	0.309514
19363.239257	-125.152631	-0.346923	-85.086797	-0.023809	-118.347866	-0.241312	-128.071428	-0.109893
19405.241945	-122.587261	0.277657	-77.377528	-0.013766	-126.294205	-0.045458	-126.868275	0.264879
19447.244633	-122.918858	0.057887	-82.103073	-0.108964	-120.699254	0.178266	-124.262341	0.124778
19489.247321	-119.566693	-0.039211	-78.343497	0.180162	-124.434918	0.288716	-121.376806	0.219146
19531.250009	-130.439988	0.365923	-82.708402	-0.175734	-125.497177	-0.435822	-120.150299	0.056248
19573.252698	-127.948664	0.174940	-83.408472	0.081735	-122.238644	0.250197	-126.667341	0.302852
19615.255386	-116.931382	-0.424411	-80.153156	0.489419	-119.638635	-0.319223	-133.462337	-0.223302
19657.258074	-120.690327	-0.304048	-74.496815	-0.486162	-123.108422	0.411654	-125.332138	0.386167
19699.260762	-126.114947	-0.292316	-78.558815	-0.332312	-133.094744	0.197546	-128.648017	0.282950
19741.263450	-132.497709	0.171494	-79.868020	0.234784	-117.469998	-0.435502	-123.776080	-0.132083
19783.266139	-121.510513	-0.370649	-81.833176	-0.155284	-127.192364	-0.040183	-124.109886	0.236602
19825.268827	-120.530323	0.447226	-78.059432	-0.244600	-125.406308	0.479267	-121.314770	-0.489160
19867.271515	-119.490284	0.180483	-84.723686	-0.491934	-127.851201	0.038081	-126.415018	-0.291313
19909.274203	-134.777785	-0.099157	-80.550985	0.410149	-125.581545	0.060538	-145.839773	0.373410
19951.276891	-128.878726	-0.201882	-80.483657	-0.016605	-119.305140	-0.070571	-118.946998	-0.029427
19993.279579	-123.728750	0.034067	-80.284334	-0.141164	-123.805010	0.062885	-126.854012	0.362817
20035.282268	-120.565374	0.491978	-82.842133	-0.101692	-126.504322	0.340036	-125.234579	0.437561
20077.284956	-130.082244	-0.011822	-93.713650	-0.430397	-117.699062	-0.489009	-122.060664	-0.008560
20119.287644	-124.328833	0.179757	-79.119215	-0.238797	-128.127914	0.279077	-123.687770	0.311026
20161.290332	-121.508273	-0.435434	-91.178663	-0.338350	-121.243803	0.259726	-121.243956	-0.281853
20203.293020	-110.191188	0.240151	-82.041623	-0.006789	-125.427153	-0.372929	-119.591842	0.430762
20245.295709	-124.441589	-0.474513	-86.660128	0.385268	-115.726106	-0.287062	-122.066363	0.312146
20287.298397	-119.606576	-0.377847	-80.877000	-0.112695	-123.957425	0.201495	-122.386385	-0.093504
20329.301085	-123.295926	0.008839	-86.775449	-0.206246	-129.885338	-0.450573	-121.507701	-0.154432
20371.303773	-127.283379	0.238110	-83.598769	-0.455527	-127.702421	0.046205	-126.381307	0.116552
20413.306461	-121.123549	-0.015221	-81.267354	-0.203333	-119.753649	0.142553	-126.746520	-0.294878
20455.309150	-129.511855	0.291294	-76.772293	-0.306498	-120.601777	-0.034939	-123.642124	-0.394169
20497.311838	-120.477538	0.093130	-92.165744	-0.010128	-123.881751	0.305136	-124.086264	0.473651
20539.314526	-118.820218	0.234532	-97.305849	0.415079	-133.024967	0.237407	-119.986328	0.223878
20581.317214	-128.100475	0.377074	-81.554778	0.153423	-122.743843	0.496675	-122.175974	0.216590
20623.319902	-121.572183	0.450277	-80.644355	0.268878	-124.758566	0.098797	-119.605291	0.271260
20665.322591	-127.871158	-0.334080	-82.333232	-0.425136	-122.295265	-0.350556	-121.472366	-0.371809
20707.325279	-130.738820	0.209946	-75.690983	0.120378	-134.713872	0.078762	-137.000930	-0.025872
20749.327967	-121.341099	-0.485484	-84.726318	0.147122	-117.444203	0.303219	-123.174382	-0.459691
20791.330655	-126.274448	-0.448590	-81.342036	0.423395	-131.536390	0.124679	-128.378680	-0.060509
20833.333343	-121.363678	0.106753	-87.260564	0.034735	-124.824571	-0.121463	-126.077479	-0.311325
20875.336032	-136.649732	0.319697	-81.329380	0.492333	-126.150333	0.001711	-122.744965	0.091118
20917.338720	-119.681837	-0.236192	-94.941941	0.276047	-120.479527	-0.321245	-120.822017	0.266827
20959.341408	-123.722353	-0.490505	-77.242334	-0.221915	-129.706408	0.163615	-122.705619	0.386466
21001.344096	-121.592872	-0.070002	-81.618098	-0.368886	-127.426816	-0.259641	-117.220045	-0.327250
21043.346784	-127.162946	-0.294018	-84.970121	-0.491440	-118.660711	-0.292355	-128.352541	-0.266682
21085.349472	-128.604875	0.171589	-91.260894	-0.264922	-117.767942	-0.149211	-120.707382	0.429220
21127.352161	-122.532218	0.439962	-85.019179	-0.032758	-126.369840	-0.316224	-117.135080	0.135873
21169.354849	-126.490774	0.032932	-83.363485	0.036286	-119.966304	-0.074880	-126.578439	0.137182
21211.357537	-126.678881	-0.052155	-84.241691	-0.224596	-123.519671	0.314949	-133.665150	0.153915
21253.360225	-125.739683	0.052555	-83.907097	0.000997	-132.334078	0.399969	-123.633079	-0.355134
21295.362913	-139.129138	-0.109971	-81.414019	-0.389709	-125.290598	0.306931	-135.851243	0.179302
21337.365602	-125.458963	0.173646	-88.178049	0.349270	-118.040361	0.377197	-120.253594	-0.443433
21379.368290	-120.974716	-0.450979	-79.149722	-0.032566	-121.489432	0.324809	-127.511119	-0.415347
21421.370978	-122.179918	-0.386003	-83.421108	-0.099919	-116.556480	-0.434908	-132.497771	0.112832
21463.373666	-124.973187	0.442694	-82.632899	-0.160268	-119.107676	-0.386745	-129.986711	-0.201187
21505.376354	-135.096394	-0.133520	-81.962114	0.026656	-123.033851	0.329935	-128.356099	-0.238582
21547.379043	-123.741121	0.019468	-80.103910	-0.480737	-132.109531	0.216260	-126.049559	-0.169519
21589.381731	-127.240143	-0.334079	-87.130857	-0.478224	-125.479662	-0.167992	-124.684212	-0.488293
21631.384419	-123.883241	0.293957	-87.091549	0.309975	-127.862841	-0.266199	-117.971140	0.127395
21673.387107	-126.799921	-0.030178	-84.895126	0.371985	-121.694113	0.472043	-122.452773	0.185269
21715.389795	-122.016682	-0.378954	-87.520289	0.201715	-124.506766	-0.426687	-125.917623	-0.249970
21757.392484	-113.203078	0.090714	-87.877277	-0.167679	-126.297906	-0.205397	-122.054932	-0.287313
21799.395172	-124.393729	-0.039765	-80.162487	-0.009387	-118.786677	0.191704	-121.684448	-0.221963
21841.397860	-120.029492	-0.132651	-82.078886	0.235576	-123.594798	0.307521	-134.659551	0.079489
21883.400548	-120.825156	-0.370104	-78.838898	-0.425349	-136.960598	-0.358270	-123.913339	0.149453
21925.403236	-123.082091	0.270988	-81.243572	0.002740	-123.341699	0.316733	-123.266219	-0.445282
21967.405924	-118.217496	0.163289	-88.964437	0.116361	-122.056667	-0.174530	-127.981305	0.312698
22009.408613	-117.882338	-0.183986	-90.039736	-0.375015	-116.226912	-0.322101	-125.910728	0.254657
22051.411301	-120.259542	0.404604	-82.178478	-0.350767	-120.575068	0.361983	-127.702880	-0.032271
22093.413989	-121.007910	-0.129060	-77.377356	-0.485837	-121.370543	-0.314705	-127.371526	0.164032
22135.416677	-117.902156	0.316815	-91.644557	0.430393	-131.926840	0.094015	-128.161712	0.038436
22177.419365	-122.204023	-0.290431	-80.276309	-0.483124	-126.013376	-0.411553	-143.340138	-0.481419
22219.422054	-122.822524	0.109276	-80.117842	0.133119	-126.694529	-0.124802	-133.638258	0.497574
22261.424742	-125.157522	-0.427565	-79.227851	0.383676	-130.430604	-0.258389	-126.845197	-0.299624
22303.427430	-122.781606	-0.343246	-85.834207	-0.354022	-119.787840	0.264732	-120.596919	-0.050749
22345.430118	-128.677763	0.145667	-92.235227	-0.154378	-127.550596	-0.447967	-119.930034	-0.330206
22387.432806	-121.825874	-0.068131	-81.118408	-0.129176	-137.429043	0.430273	-120.791982	-0.349901
22429.435495	-116.588994	0.475810	-85.290373	-0.268509	-124.020016	-0.403612	-125.836485	-0.223316
22471.438183	-115.526247	-0.101646	-89.197589	0.250868	-124.733935	-0.155117	-126.246518	-0.101642
22513.440871	-122.813233	0.231346	-78.997464	0.391237	-131.442226	0.331735	-127.991631	0.113104
22555.443559	-121.820950	-0.250851	-100.585475	0.187097	-127.500606	-0.216617	-118.589879	-0.393893
22597.446247	-125.519604	-0.000242	-81.164454	-0.175045	-126.699692	-0.147049	-117.686144	0.311611
22639.448936	-117.428668	0.316562	-75.921633	-0.135076	-120.050541	-0.456132	-121.000642	-0.220000
22681.451624	-120.826202	0.452834	-82.685309	0.243754	-128.303213	-0.137782	-117.443128	-0.480733
22723.454312	-126.674764	0.347422	-82.843482	0.227888	-129.921465	0.277057	-120.786952	-0.231601
22765.457000	-123.554429	0.090514	-83.762325	-0.272720	-122.320142	0.176551	-125.066738	0.112447
22807.459688	-116.701106	-0.141721	-80.008401	-0.113911	-143.927357	0.259555	-117.908802	0.478728
22849.462377	-129.105976	-0.264202	-81.000025	0.333658	-126.529413	-0.438083	-129.037018	-0.032906
22891.465065	-125.793281	0.096899	-74.125832	-0.078256	-123.438173	-0.116838	-125.576488	0.065174
22933.467753	-133.543328	0.345017	-83.384331	0.335728	-119.061419	-0.482588	-127.831514	-0.040192
22975.470441	-130.072942	0.222758	-80.151344	-0.416326	-116.335652	0.147324	-119.546275	0.474436
23017.473129	-121.125568	0.097132	-77.165251	-0.243330	-123.449058	0.071716	-121.871306	0.099095
23059.475817	-120.427708	-0.222693	-82.162488	0.488305	-118.243476	-0.313341	-129.107434	0.019516
23101.478506	-128.186388	0.402946	-87.082824	0.043286	-116.511727	0.004338	-119.287342	-0.079372
23143.481194	-125.688454	-0.218841	-82.469107	-0.024405	-128.445503	-0.002913	-125.844021	0.156267
23185.483882	-129.759314	0.107106	-86.127576	0.341876	-132.644705	0.392241	-125.470780	-0.098075
23227.486570	-124.582089	-0.291583	-78.438683	-0.081369	-116.355151	0.031821	-118.103580	0.132889
23269.489258	-122.645329	0.397218	-88.298549	0.304344	-127.735618	-0.049953	-121.722143	0.136214
23311.491947	-116.990637	0.378993	-86.640118	-0.112056	-131.832607	0.329201	-122.901678	-0.247060
23353.494635	-126.790196	0.120504	-80.248321	-0.450566	-125.368254	-0.030721	-119.280786	0.446102
23395.497323	-123.280904	0.093337	-80.389857	0.168713	-131.288387	-0.194820	-126.856840	-0.301642
23437.500011	-130.593052	-0.349660	-90.016372	0.192622	-121.636116	-0.317618	-123.199080	0.159902
23479.502699	-117.355288	-0.482779	-87.236507	-0.470220	-124.155851	-0.089906	-122.164045	-0.428014
23521.505388	-130.500172	0.444401	-91.163912	-0.253633	-127.151470	0.343920	-124.768585	0.325231
23563.508076	-124.318125	0.070019	-84.176907	-0.160276	-121.470438	0.019859	-129.156414	-0.004480
23605.510764	-118.894263	-0.477240	-84.693337	0.442078	-118.514765	-0.234763	-118.138538	-0.287592
23647.513452	-120.891737	-0.015071	-87.591559	0.162482	-131.779253	0.056896	-122.137674	-0.331663
23689.516140	-115.641064	-0.028169	-76.057141	-0.399923	-121.679665	0.198015	-118.995771	-0.231151
23731.518829	-119.884685	0.145264	-80.702857	0.469616	-125.715642	-0.373617	-120.226816	0.144973
23773.521517	-125.474814	-0.358559	-87.747561	-0.426624	-131.759986	0.181379	-121.079889	-0.496940
23815.524205	-125.214728	-0.050856	-83.378182	-0.406815	-123.654528	-0.004403	-127.982847	-0.361428
23857.526893	-119.601748	0.082157	-89.568750	0.149523	-137.582217	0.226810	-123.237931	-0.255132
23899.529581	-129.170898	-0.229304	-81.830955	0.450085	-126.732742	0.465337	-123.299273	-0.123748
23941.532270	-125.126220	-0.384730	-81.166668	-0.365918	-128.254851	0.195734	-127.207003	0.206096
23983.534958	-124.444406	-0.106125	-88.903912	0.210002	-118.041601	-0.307472	-128.373350	0.183501
24025.537646	-120.789737	0.328395	-85.162775	0.219245	-124.617770	0.282055	-118.961456	0.396182
24067.540334	-127.118708	0.334623	-83.386059	0.401989	-124.263033	-0.179736	-123.713874	-0.150628
24109.543022	-126.029995	0.344982	-93.312856	0.008989	-121.142312	0.132075	-116.961734	-0.463556
24151.545710	-120.076810	-0.358721	-86.144646	0.090021	-120.732159	0.140582	-129.193145	0.498327
24193.548399	-124.201052	0.449988	-78.214640	0.049224	-123.659007	-0.468029	-119.521594	-0.012862
24235.551087	-122.775537	-0.381249	-86.400947	0.190200	-119.257567	-0.324193	-118.705531	0.478501
24277.553775	-122.011943	-0.198588	-81.601065	0.184484	-143.775020	0.385849	-143.417173	0.132733
24319.556463	-123.148486	-0.490242	-81.097692	0.298106	-130.844286	-0.010397	-127.556405	-0.014530
24361.559151	-120.495583	0.162261	-77.681568	0.102935	-124.176001	-0.093151	-119.400947	0.487943
24403.561840	-146.092411	-0.286642	-89.030275	0.040844	-123.141354	-0.028499	-119.929693	-0.168484
24445.564528	-122.535736	0.118732	-88.773266	0.245854	-120.991564	-0.270954	-122.811733	0.185147
24487.567216	-122.185054	-0.186085	-91.480917	-0.406286	-128.013790	-0.085527	-126.268244	-0.216694
24529.569904	-124.364965	-0.206222	-92.995201	-0.286634	-131.445607	-0.140934	-120.321658	0.293613
24571.572592	-120.412237	0.354879	-94.701559	0.221283	-121.648010	-0.453393	-123.135879	-0.268368
24613.575281	-129.709054	-0.468597	-75.793104	0.335297	-119.090378	-0.472705	-123.675410	-0.023653
24655.577969	-125.795526	-0.469954	-90.484102	0.087918	-119.110659	0.241432	-126.854708	0.320554
24697.580657	-117.886624	0.234652	-97.098099	-0.249473	-119.277320	0.440543	-131.729421	-0.480991
24739.583345	-125.023408	0.357925	-94.748834	-0.226900	-125.887923	-0.055241	-131.213883	-0.333692
24781.586033	-118.922976	0.355489	-85.495885	-0.311844	-121.176138	0.167023	-127.680630	0.416528
24823.588722	-120.598918	-0.262256	-89.398423	-0.384185	-120.782864	-0.302936	-122.530983	-0.274577
24865.591410	-114.280176	0.094509	-92.458381	0.335512	-115.511583	0.313334	-129.238752	-0.145561
24907.594098	-125.712322	0.343767	-89.642060	0.267874	-127.778084	-0.329379	-116.764032	0.271845
24949.596786	-127.003462	-0.118403	-91.357819	-0.144714	-122.365008	0.318722	-117.793226	0.341839
24991.599474	-136.814295	0.130832	-95.063456	-0.057494	-125.230726	-0.236424	-122.588656	-0.407041
25033.602163	-128.313880	-0.416508	-96.680868	0.101908	-120.073944	0.159287	-133.227521	-0.035974
25075.604851	-123.627261	-0.188442	-82.863822	-0.275842	-126.460601	0.136936	-121.229200	-0.434864
25117.607539	-119.770457	0.147306	-79.132386	-0.367155	-130.744290	0.053448	-131.024565	0.347073
25159.610227	-119.394041	-0.229763	-79.827402	-0.001333	-126.440568	-0.222323	-121.976881	-0.025678
25201.612915	-120.800841	-0.313438	-83.152014	0.357013	-121.818752	-0.232393	-124.868511	-0.267316
25243.615603	-127.839707	0.255997	-81.216279	0.361408	-130.139786	0.116685	-121.956401	0.499266
25285.618292	-126.589700	0.040817	-85.964379	0.454924	-120.729716	0.301075	-122.688505	-0.142133
25327.620980	-123.200412	-0.070589	-88.650004	-0.042826	-126.672639	0.246254	-118.961120	-0.195125
25369.623668	-115.697682	0.239708	-85.670583	-0.258116	-123.778757	-0.431436	-122.640285	0.052206
25411.626356	-118.026733	-0.012807	-84.711585	0.401521	-126.614989	-0.087621	-118.259026	0.410563
25453.629044	-134.084685	0.155646	-105.513347	-0.152479	-134.443490	-0.478033	-124.194233	-0.403835
25495.631733	-127.366735	-0.331278	-98.266635	-0.235564	-130.267379	-0.499933	-118.504014	-0.476191
25537.634421	-115.111779	-0.078809	-78.812701	-0.411184	-118.413044	0.338588	-118.269043	-0.252257
25579.637109	-117.189868	0.062576	-89.006688	-0.383346	-122.521696	-0.173133	-125.434645	-0.454867
25621.639797	-119.914306	-0.179755	-79.707804	-0.460685	-128.010270	-0.269979	-124.542919	0.458006
25663.642485	-127.473220	-0.098462	-82.694126	0.384474	-126.935738	0.018910	-128.678514	-0.345338
25705.645174	-125.750076	-0.289356	-83.658242	0.363854	-127.564473	0.284093	-133.639591	0.059273
25747.647862	-124.103284	-0.428507	-87.614863	-0.282933	-119.336220	0.037666	-123.749230	0.259020
25789.650550	-125.553853	-0.005241	-91.841628	-0.233137	-118.714342	0.491128	-148.272349	0.078769
25831.653238	-125.442476	0.024039	-88.524821	0.460402	-130.763004	0.331441	-125.365270	0.267883
25873.655926	-122.525033	-0.027825	-81.837256	0.221910	-131.252242	-0.037897	-121.792064	-0.024056
25915.658615	-126.701377	-0.356474	-83.165537	-0.034189	-146.629283	-0.368167	-123.180503	-0.422377
25957.661303	-124.172172	0.033808	-85.064558	-0.131087	-125.977086	-0.230349	-126.553586	-0.049166
25999.663991	-122.917383	0.065901	-87.653681	-0.495803	-120.071059	0.238702	-127.579277	-0.070435
26041.666679	-121.693365	0.148127	-84.717385	-0.180846	-144.965180	0.141699	-123.600269	0.172882
26083.669367	-128.996830	-0.316569	-76.986437	0.225489	-127.097191	0.394972	-118.516604	0.255127
26125.672056	-118.400617	0.404833	-81.434636	0.051499	-133.392940	0.275556	-120.650752	0.461263
26167.674744	-119.348498	0.232888	-80.122675	0.144263	-119.456618	0.279594	-120.165381	0.335356
26209.677432	-127.126460	-0.285256	-83.520920	0.056772	-126.275289	-0.406221	-121.348995	0.101822
26251.680120	-127.774358	-0.040690	-82.613859	-0.335260	-117.206016	-0.468632	-127.077338	0.442752
26293.682808	-128.350628	-0.419839	-93.701249	-0.228409	-118.884190	0.089929	-121.127875	0.085245
26335.685496	-119.241422	-0.477476	-85.699122	-0.335178	-130.919837	-0.485582	-121.492090	0.089475
26377.688185	-118.685406	-0.126053	-87.179306	-0.425725	-120.296106	-0.466479	-120.837584	-0.308533
26419.690873	-112.302729	0.378649	-84.919765	-0.039843	-122.530210	0.384441	-123.817909	0.264037
26461.693561	-125.112066	-0.107779	-90.232545	0.383803	-116.697715	-0.323465	-124.250189	0.089182
26503.696249	-125.172005	-0.288171	-76.965124	-0.378551	-122.488339	-0.211289	-120.737334	0.341149
26545.698937	-127.113745	0.254228	-89.045528	0.187154	-119.727798	0.371212	-127.623587	-0.246884
26587.701626	-127.777006	-0.347512	-88.276433	-0.350949	-116.523163	0.218448	-120.697803	0.157528
26629.704314	-122.231438	-0.472238	-83.994413	0.497590	-123.629312	0.128482	-122.529648	-0.487342
26671.707002	-115.993619	-0.293332	-91.832072	0.494790	-122.293892	-0.231623	-122.138790	-0.101534
26713.709690	-134.321173	-0.023564	-91.745411	0.349002	-126.682608	0.243980	-129.905135	-0.243573
26755.712378	-121.163822	0.291811	-83.005749	-0.402692	-122.035425	-0.342718	-119.688607	0.462971
26797.715067	-127.261785	0.085684	-99.227587	0.166719	-126.577217	0.414397	-131.061384	0.429511
26839.717755	-122.627679	-0.111623	-87.324674	0.173552	-134.806695	-0.183391	-130.520944	-0.104629
26881.720443	-122.245025	0.453683	-82.529687	-0.005989	-121.344534	-0.419755	-117.685424	-0.236288
26923.723131	-128.058213	-0.487991	-82.442877	-0.337510	-121.700972	0.213606	-128.552434	0.445243
26965.725819	-126.543217	0.460542	-87.664499	-0.400432	-123.431559	0.374400	-119.391778	0.268109
27007.728508	-128.581023	0.269857	-80.126832	-0.421417	-135.647699	-0.018691	-120.597274	-0.157841
27049.731196	-122.883753	-0.153047	-83.733390	-0.038666	-134.546976	0.399424	-127.197234	0.101451
27091.733884	-131.391607	-0.418851	-84.121113	0.336011	-133.141220	-0.482524	-116.083048	0.417298
27133.736572	-131.870479	0.284382	-95.109698	-0.094866	-131.385580	-0.120998	-123.091651	0.297031
27175.739260	-126.285483	-0.427273	-83.304471	0.011419	-129.548654	-0.336331	-126.456606	-0.072770
27217.741949	-130.063257	0.419651	-80.857049	0.400500	-121.724771	-0.407048	-120.824367	-0.304845
27259.744637	-136.595635	0.366131	-95.946023	-0.163169	-119.283738	0.216615	-121.795596	0.155971
27301.747325	-129.185114	-0.448489	-93.404806	0.395132	-118.637435	0.429658	-121.743779	-0.425790
27343.750013	-125.309330	0.258623	-82.654620	0.084031	-125.224305	-0.002218	-124.928519	-0.011831
27385.752701	-121.613206	-0.426216	-86.288658	0.204834	-130.641362	-0.360035	-126.003762	-0.285486
27427.755389	-126.831306	-0.344741	-91.624823	0.304486	-129.267154	0.380262	-134.688184	-0.448631
27469.758078	-123.325435	0.088928	-86.380810	0.130358	-131.716922	-0.121041	-126.196585	0.483511
27511.760766	-118.994669	0.074821	-85.864513	-0.054050	-119.880732	0.455882	-125.878290	0.021387
27553.763454	-122.517656	-0.070687	-82.831556	-0.455392	-120.362609	-0.259757	-127.553528	-0.026950
27595.766142	-142.499204	-0.109169	-83.312984	-0.225659	-123.115293	0.360968	-125.581081	0.267123
27637.768830	-118.970491	-0.220554	-81.633469	0.198741	-126.212922	0.127436	-117.354756	0.200724
27679.771519	-126.164393	0.035887	-89.173640	0.167528	-118.097071	0.077249	-119.360510	0.004650
27721.774207	-126.098300	-0.366149	-80.626374	0.037033	-126.493360	-0.447189	-122.947544	-0.349146
27763.776895	-122.681742	0.286135	-81.170409	-0.120574	-126.312548	-0.061123	-126.098140	-0.406517
27805.779583	-115.256927	0.119669	-83.828660	-0.451526	-124.238096	0.105449	-126.054629	0.315217
27847.782271	-134.265900	0.360230	-87.959949	0.165714	-129.113961	0.229519	-124.990051	0.230360
27889.784960	-125.406610	-0.231740	-78.716656	0.077978	-132.011478	0.132017	-124.781132	0.232314
27931.787648	-123.203113	0.306930	-83.017581	-0.095817	-123.592734	-0.306060	-126.558130	-0.469830
27973.790336	-118.293857	-0.180965	-91.629475	-0.428796	-125.303265	-0.213442	-122.405221	-0.301990
28015.793024	-125.444997	-0.476525	-79.980999	0.031665	-118.725422	-0.423578	-134.385389	-0.181342
28057.795712	-124.922487	-0.270019	-85.356928	0.249133	-123.601076	-0.378468	-120.571365	-0.054589
28099.798401	-127.753755	0.323590	-87.234482	-0.460011	-126.872867	0.129936	-126.335326	-0.229692
28141.801089	-128.575379	-0.249696	-80.811338	-0.471766	-122.731760	0.140254	-132.569384	-0.377953
28183.803777	-129.479894	0.043129	-94.074295	-0.303640	-123.669078	-0.085429	-120.115619	-0.019477
28225.806465	-116.579404	-0.420084	-83.022036	0.032763	-126.194245	-0.363217	-132.180738	-0.482513
28267.809153	-122.809203	-0.433156	-82.702807	-0.451546	-124.238817	0.336793	-120.414141	0.345317
28309.811842	-119.343547	-0.425677	-81.907122	-0.329926	-117.741210	0.328812	-122.938072	0.286396
28351.814530	-125.497335	0.462232	-85.124295	0.375011	-131.632282	-0.348044	-122.195204	0.289216
28393.817218	-123.046627	0.047586	-93.456857	-0.068967	-129.483417	0.298683	-117.977413	0.176670
28435.819906	-121.703578	-0.053081	-81.146146	0.474996	-115.351912	-0.425243	-129.585159	-0.015923
28477.822594	-119.233290	-0.320855	-93.943165	0.093048	-116.752199	0.498901	-125.195242	-0.102999
28519.825282	-124.958283	-0.197435	-84.458951	0.405151	-123.873117	-0.175729	-123.614911	-0.237672
28561.827971	-122.765789	-0.437591	-85.810829	0.203853	-125.513969	0.497029	-125.353224	0.408249
28603.830659	-123.010470	-0.250967	-84.283851	0.347686	-125.019368	-0.307661	-116.089272	-0.422371
28645.833347	-123.439311	0.328412	-94.066719	-0.124724	-118.102851	0.376202	-118.478354	0.270475
28687.836035	-119.409442	-0.225925	-88.692932	-0.017891	-116.148981	-0.336070	-125.769590	-0.191303
28729.838723	-127.724252	-0.070427	-86.521714	-0.179354	-127.288014	0.378521	-118.201752	0.163639
28771.841412	-131.909918	-0.228985	-85.444036	0.438081	-136.587157	0.279463	-135.583819	0.284470
28813.844100	-122.860116	-0.071529	-85.752359	-0.247932	-125.233152	-0.213140	-116.632239	0.216580
28855.846788	-117.960134	-0.465725	-85.011699	-0.385621	-135.300058	-0.185144	-127.365280	0.110918
28897.849476	-124.627285	0.184178	-80.268552	0.207309	-130.780524	0.147320	-122.559475	0.237049
28939.852164	-128.474255	0.240722	-80.539369	0.172912	-123.466752	-0.412313	-125.884321	0.205416
28981.854853	-130.935325	-0.186328	-94.190904	0.455059	-118.383565	-0.483757	-132.837970	-0.170938
29023.857541	-139.370893	-0.488594	-120.330287	-0.369139	-120.447689	0.026145	-124.850913	-0.313224
29065.860229	-122.004794	-0.205364	-85.814046	-0.475004	-121.468259	-0.340145	-120.668677	-0.082925
29107.862917	-123.445921	-0.331514	-81.937580	0.086983	-121.407656	0.184914	-122.881196	0.251640
29149.865605	-118.595452	-0.198436	-85.759580	0.087470	-123.775408	-0.293886	-120.805961	-0.155645
29191.868294	-120.676255	0.352221	-92.946661	0.493972	-126.345835	0.480573	-121.899226	0.305526
29233.870982	-119.164256	0.326024	-85.989150	-0.015295	-120.136789	0.473974	-118.880724	-0.120986
29275.873670	-120.743461	-0.198597	-89.023813	0.444841	-121.179136	-0.238776	-124.346267	-0.211409
29317.876358	-131.170271	0.068266	-88.936989	0.360486	-122.085295	0.060768	-121.530367	-0.457248
29359.879046	-118.905791	0.367763	-84.580142	-0.320545	-119.682269	0.185571	-122.292469	0.172764
29401.881735	-126.849075	-0.333642	-88.548724	-0.288491	-126.783443	-0.192843	-126.977575	-0.155699
29443.884423	-119.351901	-0.312009	-81.341691	-0.379890	-127.503938	0.414378	-124.838984	-0.218160
29485.887111	-125.606737	0.080258	-94.292608	0.383041	-124.477425	-0.055931	-120.409887	-0.007744
29527.889799	-120.339122	0.474905	-82.286236	0.474404	-124.279346	-0.236091	-135.128559	-0.452307
29569.892487	-143.129015	-0.309526	-87.441135	-0.071376	-117.786906	-0.489632	-119.159095	0.080217
29611.895175	-135.609331	-0.480642	-79.965811	0.152651	-123.074510	-0.437806	-127.364484	0.326585
29653.897864	-116.225229	-0.497159	-81.847741	0.362715	-129.006485	0.399758	-124.691882	0.463280
29695.900552	-121.349956	0.274884	-83.962163	0.194537	-121.512304	-0.285940	-137.939795	0.318270
29737.903240	-121.137659	-0.008377	-97.855254	-0.380558	-122.290667	0.103931	-122.641352	0.415968
29779.905928	-119.299195	-0.171652	-89.344875	0.315794	-124.408079	-0.010154	-121.227042	-0.176716
29821.908616	-118.601883	0.106909	-88.336437	0.062957	-122.585390	-0.022117	-129.627146	0.448542
29863.911305	-123.377919	-0.271598	-89.059182	-0.009677	-129.331259	0.143038	-115.948767	0.322206
29905.913993	-121.168193	-0.419224	-92.016727	0.430714	-114.931351	0.124704	-121.572744	-0.069854
29947.916681	-119.664008	-0.253216	-83.124020	-0.450086	-133.014831	-0.062565	-121.445350	0.034292
29989.919369	-122.561376	0.359713	-87.908905	0.424127	-130.455452	0.280161	-136.729814	0.256365
30031.922057	-119.048470	-0.279160	-88.368928	-0.311369	-124.651375	0.350865	-119.897380	-0.227625
30073.924746	-119.011846	0.355822	-86.568352	-0.011141	-127.974973	-0.133912	-116.919494	0.102188
30115.927434	-133.155725	-0.315848	-83.767156	-0.381705	-118.846580	-0.267058	-119.672667	0.368515
30157.930122	-133.855482	-0.152052	-83.646998	0.060786	-134.729134	-0.285740	-123.050564	-0.376668
30199.932810	-127.509675	-0.060182	-82.057927	-0.066638	-125.160911	0.033822	-119.430115	0.016069
30241.935498	-128.188677	0.219588	-81.284615	0.315483	-129.524304	-0.286164	-124.313501	0.365127
30283.938187	-127.161905	0.048875	-86.669462	0.146951	-117.547793	0.346935	-120.503904	-0.357085
30325.940875	-123.325755	0.115738	-79.479935	-0.327495	-123.172210	0.044332	-125.507212	-0.349732
30367.943563	-117.199597	0.451117	-82.614843	-0.492932	-117.258611	0.329282	-132.736463	0.027922
30409.946251	-127.467082	-0.410689	-91.178395	0.127892	-133.136716	-0.199349	-122.446866	-0.372978
30451.948939	-128.999093	-0.276094	-91.007323	0.068324	-124.916577	0.305177	-120.401805	-0.136387
30493.951628	-119.573346	0.317960	-84.358096	0.104381	-125.664427	0.133850	-129.810979	0.405452
30535.954316	-125.674037	0.056285	-80.977674	-0.342894	-124.770172	0.115614	-129.303510	-0.054169
30577.957004	-124.878598	0.111401	-100.585139	0.091380	-131.831110	-0.125363	-130.846826	-0.083029
30619.959692	-121.811387	0.458679	-86.926470	-0.127956	-126.664741	-0.048143	-118.841178	-0.454550
30661.962380	-120.947415	-0.394528	-89.204805	0.155848	-128.737509	0.368155	-139.762697	-0.032530
30703.965068	-117.939143	-0.095286	-92.836621	0.320004	-123.413196	-0.066760	-145.893827	-0.414093
30745.967757	-119.864328	0.183248	-99.743567	0.347819	-134.912347	-0.047783	-133.886305	0.076928
30787.970445	-115.474443	-0.089653	-94.988461	-0.187054	-120.749723	0.277608	-130.316412	-0.237656
30829.973133	-121.999130	0.265131	-81.649825	0.436018	-116.751899	0.203078	-118.484179	0.445042
30871.975821	-123.967535	-0.315372	-82.989060	0.110905	-127.138023	-0.046411	-121.087176	0.269686
30913.978509	-118.087942	0.326364	-89.744070	-0.278488	-128.496789	0.234013	-120.976801	0.156323
30955.981198	-127.924079	0.391411	-94.930240	0.403866	-122.422633	0.073030	-134.567137	-0.114367
30997.983886	-124.244318	0.262556	-98.425717	-0.416747	-130.901601	-0.448664	-138.474504	-0.468826
31039.986574	-122.878217	0.234163	-99.107670	0.465675	-120.523744	0.318488	-131.267339	-0.027627
31081.989262	-110.777948	-0.220304	-88.019104	0.486336	-142.190260	0.471390	-117.022159	-0.179869
31123.991950	-126.181494	0.140140	-96.396639	0.068667	-142.061909	0.431031	-135.970073	-0.039915
31165.994639	-122.534220	-0.017941	-85.281476	-0.370691	-119.532559	0.421220	-122.451662	-0.340074
31207.997327	-125.272621	-0.181393	-92.059871	0.423914	-129.416836	-0.400915	-122.282486	0.343762
31250.000015	-125.274555	-0.107058	-83.441529	-0.459768	-128.531609	-0.200266	-131.344186	0.099541
31292.002703	-121.386982	0.045555	-101.756320	0.345202	-120.983908	-0.280273	-124.676361	0.071438
31334.005391	-124.737330	-0.183248	-86.308685	0.081889	-138.846819	0.471682	-121.773497	0.061053
31376.008080	-131.223931	-0.268140	-95.027610	0.245343	-125.887640	0.129716	-134.730973	0.270120
31418.010768	-123.189201	-0.103409	-83.640664	0.398378	-133.351263	-0.246035	-126.970217	-0.173257
31460.013456	-135.913859	-0.098479	-82.982815	-0.391484	-124.343480	0.067065	-117.411530	0.140488
31502.016144	-122.869412	-0.192282	-80.180492	0.450543	-124.829028	0.265018	-118.370539	-0.043122
31544.018832	-128.025027	-0.149831	-85.137915	-0.044380	-128.161084	0.116261	-135.707016	-0.221811
31586.021521	-117.828009	0.057399	-87.369992	0.027219	-124.401950	0.461004	-123.973605	0.444674
31628.024209	-130.438793	0.447842	-91.156492	-0.245420	-138.982399	-0.324241	-128.010166	0.405259
31670.026897	-129.684639	-0.309896	-96.536747	-0.198218	-114.226345	0.443414	-122.969259	-0.395615
31712.029585	-122.960141	0.496785	-81.375233	-0.041149	-127.478107	0.334400	-125.504612	0.181520
31754.032273	-123.628261	-0.348208	-84.133539	0.016504	-124.318994	0.496897	-120.222886	-0.040895
31796.034961	-120.858598	0.329494	-83.971528	-0.043098	-131.601197	-0.322467	-122.772108	0.053683
31838.037650	-115.930872	0.122348	-81.458615	0.214606	-127.506484	0.175350	-127.080088	0.437310
31880.040338	-127.781223	0.067949	-90.739524	-0.069402	-126.719740	-0.385653	-123.031985	-0.322738
31922.043026	-126.997942	0.112404	-86.600669	0.429121	-120.885843	-0.463543	-122.743545	0.249444
31964.045714	-128.264904	-0.260177	-93.243021	0.425446	-125.283386	0.125904	-145.163370	-0.177747
32006.048402	-120.181198	0.282108	-82.085650	0.329961	-121.151568	-0.282921	-126.172161	0.018993
32048.051091	-123.964771	-0.113742	-86.641595	0.082366	-134.129025	0.468300	-122.281559	-0.012441
32090.053779	-122.289474	-0.184583	-96.845458	0.452394	-131.694549	0.381950	-123.772229	-0.258857
32132.056467	-121.451682	0.096315	-85.190059	-0.469803	-117.668931	0.293463	-121.161576	-0.453949
32174.059155	-133.858429	-0.137454	-82.299728	0.217273	-134.385202	0.204861	-120.887701	0.459251
32216.061843	-122.649139	-0.279269	-86.366333	0.127243	-124.227716	0.195322	-116.152386	0.268931
32258.064532	-122.031241	0.329923	-82.996292	0.496055	-123.305714	-0.424960	-121.311891	0.499224
32300.067220	-121.976942	0.171964	-96.384405	0.477077	-121.423993	0.449708	-122.724744	0.120673
32342.069908	-131.871915	0.229995	-89.906441	0.353418	-121.734828	0.047235	-134.396953	-0.077155
32384.072596	-131.742874	0.204677	-83.979938	0.336536	-131.380820	0.385250	-124.008231	0.269179
32426.075284	-127.038923	0.016985	-89.198910	-0.176270	-117.679245	0.107540	-119.701024	0.001660
32468.077973	-124.281882	-0.479332	-94.800413	-0.289991	-121.265562	-0.496438	-123.794833	0.468653
32510.080661	-130.822549	0.108539	-89.256948	0.463560	-120.989019	-0.272667	-118.841097	-0.398006
32552.083349	-125.907875	0.014768	-96.606919	-0.068893	-127.435229	-0.433570	-120.157608	0.311675
32594.086037	-126.869976	0.143129	-83.298936	0.084063	-124.475299	0.087021	-128.166772	-0.019691
32636.088725	-130.748080	0.274994	-84.808012	-0.080323	-118.854049	0.273613	-118.558389	-0.495290
32678.091413	-123.427717	0.381638	-87.847170	0.275458	-129.387747	-0.383251	-118.907951	-0.032100
32720.094102	-122.938236	0.400154	-95.419971	-0.460839	-125.730987	-0.286554	-130.885130	0.180643
32762.096790	-119.524504	0.067038	-95.648600	0.438688	-125.035415	0.242695	-117.996351	0.139274
32804.099478	-126.820226	-0.349793	-88.425931	0.140241	-127.251797	-0.408992	-131.229904	-0.249451
32846.102166	-118.213494	0.291471	-92.138986	-0.496215	-121.587938	0.095760	-120.829290	0.067532
32888.104854	-128.351462	-0.151841	-91.348505	0.440691	-117.530969	-0.362747	-122.141263	-0.168891
32930.107543	-124.236980	0.384848	-101.773124	-0.497743	-131.082517	0.267760	-121.324270	-0.011597
32972.110231	-134.773223	-0.052423	-90.237008	0.412356	-138.512062	0.293572	-123.677496	-0.291396
33014.112919	-121.634574	0.328612	-89.855532	0.434731	-121.492584	0.043744	-125.889162	0.128446
33056.115607	-131.252120	-0.070751	-81.680008	0.317012	-122.028628	0.283790	-117.700761	0.308809
33098.118295	-122.256564	-0.375959	-92.921626	0.102268	-118.340126	-0.225705	-128.995855	-0.224074
33140.120984	-123.575665	-0.108839	-89.458866	-0.247093	-126.820025	-0.140402	-134.554971	-0.467944
33182.123672	-119.350044	0.043218	-86.465324	0.207950	-139.717714	0.158855	-123.971873	-0.240695
33224.126360	-128.247469	-0.373770	-105.814429	-0.146213	-115.189114	0.313250	-125.359583	-0.005989
33266.129048	-129.661550	0.282009	-90.893915	-0.084900	-118.928644	-0.389152	-138.004635	-0.471659
33308.131736	-120.670561	-0.048696	-84.678489	-0.252539	-118.064267	-0.179705	-119.157082	-0.046190
33350.134425	-117.737885	0.362728	-86.442281	0.027703	-140.222920	-0.016056	-122.272314	0.310380
33392.137113	-121.429726	0.020440	-86.436143	-0.270968	-121.803961	0.069144	-124.459981	-0.418301
33434.139801	-128.553588	0.432311	-79.614087	0.350112	-119.331976	-0.446064	-122.240030	-0.014708
33476.142489	-124.369703	0.375992	-87.893428	0.245982	-124.400545	0.403511	-122.857004	0.392664
33518.145177	-116.207952	0.046273	-82.297856	-0.334074	-122.744073	0.044269	-127.441513	-0.220105
33560.147866	-121.137992	-0.315080	-82.267468	0.018432	-118.529222	0.305491	-128.927586	0.268219
33602.150554	-126.995199	-0.320109	-95.000508	-0.020177	-118.243265	-0.178822	-129.967514	-0.137854
33644.153242	-125.251326	0.168917	-83.524147	0.045772	-123.799806	0.457406	-118.975452	0.002994
33686.155930	-121.905139	-0.312967	-86.568109	0.109123	-126.084048	0.451095	-126.430071	0.354824
33728.158618	-122.077255	0.496053	-88.250872	0.100262	-123.494861	-0.264627	-124.179542	-0.258718
33770.161306	-119.523358	-0.143263	-90.522577	-0.198214	-120.400865	0.242222	-119.075873	-0.190665
33812.163995	-133.026554	-0.181542	-86.426626	0.434968	-130.156646	-0.372179	-123.587510	0.301812
33854.166683	-127.024335	0.331852	-90.692575	-0.182647	-120.696688	0.117641	-120.132291	0.284097
33896.169371	-124.464247	0.019166	-87.991494	-0.138418	-129.860003	-0.105076	-119.170041	-0.278175
33938.172059	-146.123656	-0.195627	-83.436628	-0.353062	-133.536715	0.110325	-142.236158	-0.498211
33980.174747	-129.530058	0.413278	-92.358989	0.430353	-119.396538	-0.031373	-122.074518	0.262654
34022.177436	-125.281782	0.343219	-89.523398	0.024395	-119.843692	-0.312324	-129.886940	0.253271
34064.180124	-122.439893	-0.237778	-89.201722	0.049395	-119.686966	-0.261613	-123.597506	-0.088001
34106.182812	-124.863008	-0.107233	-92.303838	-0.267065	-120.377112	0.294789	-123.212874	0.315399
34148.185500	-117.101699	-0.346880	-88.792712	0.209213	-127.733043	0.118057	-126.477225	0.200772
34190.188188	-117.954387	-0.155163	-86.682197	-0.396356	-123.431340	0.043139	-141.479651	-0.005051
34232.190877	-126.539770	0.447155	-90.581265	-0.091002	-123.744980	0.473921	-123.004997	0.310306
34274.193565	-135.070938	0.011935	-83.278206	-0.164988	-122.626081	-0.184176	-122.593910	-0.222771
34316.196253	-121.448466	0.327941	-90.904126	0.099828	-120.707652	-0.344401	-124.783573	0.053580
34358.198941	-127.663648	0.410946	-86.980085	-0.151349	-121.772018	0.280168	-125.327247	0.264260
34400.201629	-124.410269	-0.109226	-86.582662	-0.280987	-120.022726	-0.197821	-123.676759	-0.198938
34442.204318	-121.084184	0.111771	-99.604262	0.428500	-134.982109	0.452789	-122.842910	0.362354
34484.207006	-132.971428	-0.474199	-94.152815	0.172696	-129.235844	0.244511	-121.212698	0.490804
34526.209694	-118.272456	0.431330	-86.657825	0.025021	-129.703654	-0.350096	-132.992628	-0.482007
34568.212382	-137.571026	-0.045688	-84.997733	0.132907	-124.947999	-0.080232	-132.811896	0.495769
34610.215070	-119.477043	-0.488084	-90.172992	-0.492479	-131.512812	-0.479273	-114.575683	-0.378639
34652.217759	-123.484769	0.106925	-88.741473	0.474737	-126.322652	-0.297198	-116.708783	0.443846
34694.220447	-126.715055	0.165045	-88.398836	0.164509	-134.486404	-0.022430	-126.461846	0.182966
34736.223135	-119.204665	-0.454185	-86.070245	-0.178240	-125.352111	-0.319975	-123.962916	0.082813
34778.225823	-117.452137	-0.043068	-84.325411	0.246918	-125.757674	0.313013	-131.781016	0.375843
34820.228511	-121.790800	-0.049345	-93.464111	-0.228124	-121.016133	0.077528	-131.771884	0.155706
34862.231199	-116.851346	-0.085359	-87.541829	0.258170	-122.930781	-0.254517	-127.453711	0.073444
34904.233888	-130.728009	-0.097521	-97.250582	0.324375	-122.107293	0.461852	-129.896149	-0.376212
34946.236576	-131.116072	0.438174	-93.800048	-0.000545	-130.194866	-0.038475	-121.817040	0.361267
34988.239264	-119.821949	0.114650	-96.200865	-0.324924	-120.684048	-0.032230	-121.638836	0.376223
35030.241952	-125.331431	0.437100	-87.673948	-0.364672	-123.362787	-0.250785	-116.851349	0.177358
35072.244640	-133.948558	0.092040	-98.498097	-0.182709	-126.711162	-0.148427	-136.833787	0.469801
35114.247329	-121.429223	-0.387979	-88.296030	-0.490110	-127.871140	0.026356	-119.211400	0.374816
35156.250017	-117.354353	-0.227997	-89.632154	0.386967	-120.095063	-0.306370	-132.518754	-0.112403
35198.252705	-119.728399	0.018461	-100.282458	0.223869	-131.195775	-0.313683	-155.296912	0.443907
35240.255393	-125.869773	0.028609	-86.525890	-0.071205	-118.341645	-0.475836	-124.008823	0.051627
35282.258081	-120.230699	0.488586	-87.259369	0.187714	-124.966799	0.457977	-126.821232	0.187093
35324.260770	-124.239389	0.331109	-98.137738	-0.465575	-127.304147	-0.274370	-125.454829	0.103634
35366.263458	-127.548044	-0.006276	-104.539510	0.425652	-136.679177	-0.142061	-122.199934	-0.436451
35408.266146	-118.367198	0.283543	-88.010603	-0.313203	-122.651672	0.327346	-121.587869	0.241543
35450.268834	-119.754372	-0.143224	-89.566652	-0.103677	-127.737330	-0.070646	-127.450698	-0.084546
35492.271522	-123.419410	-0.146376	-86.832166	0.082319	-130.284930	0.179443	-124.955267	-0.054003
35534.274211	-117.549682	0.184079	-102.077955	-0.156766	-125.753714	-0.021604	-125.766646	0.173188
35576.276899	-124.466886	0.343123	-97.859084	0.341274	-129.650993	0.068130	-127.337677	-0.309442
35618.279587	-125.998073	-0.255810	-95.861904	0.237632	-130.818774	0.101661	-122.526534	-0.078312
35660.282275	-119.058788	-0.036472	-96.693828	-0.359612	-117.558987	0.292811	-121.575277	-0.057396
35702.284963	-119.477656	-0.252493	-96.818368	-0.400695	-130.970298	0.278678	-131.615988	0.156807
35744.287652	-115.674188	-0.299133	-91.222236	0.247414	-123.036669	-0.316952	-128.601018	0.109679
35786.290340	-121.420047	-0.423742	-98.616922	0.192286	-125.031913	-0.468687	-118.266165	-0.484882
35828.293028	-130.320300	-0.166885	-89.344384	-0.093418	-123.786826	0.420242	-152.361530	-0.212218
35870.295716	-122.190637	-0.299828	-95.659496	-0.090887	-119.973679	0.480262	-123.180844	-0.420580
35912.298404	-136.764325	0.215321	-94.845147	0.175708	-122.649351	0.313827	-117.839757	0.368895
35954.301092	-132.011831	-0.187012	-88.585681	-0.250019	-127.219233	0.201998	-131.374177	-0.490339
35996.303781	-122.332451	-0.205939	-80.601090	0.088300	-131.019106	-0.220774	-133.587555	-0.086848
36038.306469	-124.374591	0.337860	-88.812777	-0.440748	-126.606485	0.014436	-133.774961	-0.428323
36080.309157	-125.465902	-0.341078	-84.590559	0.066036	-130.726155	0.085547	-120.933773	-0.439396
36122.311845	-122.854992	0.031647	-97.505662	-0.001551	-129.938036	0.045547	-117.994602	0.112623
36164.314533	-123.356724	-0.133518	-91.713263	0.452128	-124.426514	-0.416046	-130.235508	-0.146016
36206.317222	-129.164961	0.499506	-84.332459	-0.369812	-124.352164	0.103765	-116.577180	0.262666
36248.319910	-125.305275	-0.489180	-97.667601	-0.368841	-136.347604	0.182839	-122.051794	0.268971
36290.322598	-131.677659	0.403054	-90.266540	-0.429693	-130.209129	0.457358	-119.100802	-0.399798
36332.325286	-122.850474	-0.293691	-87.641468	-0.402210	-128.533536	0.322793	-118.803478	-0.322451
36374.327974	-121.900282	-0.351208	-89.150725	-0.039191	-136.142326	0.033805	-125.933912	0.425252
36416.330663	-125.018225	-0.090079	-94.590585	-0.480844	-120.053863	0.263852	-123.461443	0.171851
36458.333351	-126.200607	0.185164	-94.505726	-0.309669	-126.641551	-0.482679	-118.935720	-0.429199
36500.336039	-117.693248	0.103418	-86.327991	0.412337	-126.882625	0.281354	-125.321440	0.165717
36542.338727	-124.182704	0.410496	-87.997956	0.190956	-135.085984	0.422800	-118.923722	-0.097621
36584.341415	-130.356492	0.208356	-85.169638	-0.294035	-126.135940	0.164473	-131.459617	0.458999
36626.344104	-122.440951	0.172303	-89.510050	0.308503	-118.568323	0.006075	-126.878458	0.448973
36668.346792	-128.052927	-0.159523	-89.419608	-0.019556	-128.072511	-0.189990	-120.646740	0.024073
36710.349480	-117.756265	0.186064	-86.790455	0.444962	-128.319211	0.140281	-129.124805	0.275477
36752.352168	-128.559934	-0.192368	-88.712765	0.051849	-127.759152	-0.393950	-124.107506	0.015325
36794.354856	-138.285271	-0.146256	-94.077050	-0.127552	-124.657117	-0.183139	-127.405003	-0.404907
36836.357545	-116.450018	-0.235555	-88.780872	-0.122144	-117.735228	0.337644	-136.327191	-0.441117
36878.360233	-121.779871	-0.469444	-106.539646	-0.320703	-121.745182	-0.220502	-121.777290	-0.325003
36920.362921	-122.149841	0.446421	-89.199127	-0.358603	-122.963872	-0.320489	-123.314141	0.123201
36962.365609	-122.750207	0.489947	-92.749102	-0.219360	-127.201108	-0.207942	-122.518204	0.125604
37004.368297	-124.907281	0.017419	-88.766576	-0.434987	-122.490211	-0.292960	-126.825824	-0.488539
37046.370985	-126.328893	-0.011772	-89.814899	-0.325658	-116.570665	0.189682	-122.085464	0.109654
37088.373674	-122.676408	-0.203664	-87.672310	0.044432	-136.722295	-0.235497	-124.750221	0.130635
37130.376362	-138.371724	0.091551	-86.595352	0.306910	-131.270771	-0.359146	-120.973229	0.057832
37172.379050	-124.447235	0.363794	-106.892436	0.405075	-125.351020	0.247680	-138.442992	0.110476
37214.381738	-125.504219	0.250962	-99.525912	0.341349	-123.951315	0.070359	-134.569475	-0.332212
37256.384426	-120.540002	-0.339263	-92.882215	-0.288301	-128.873618	-0.368449	-131.722055	0.143425
37298.387115	-113.590980	-0.084040	-83.433339	-0.376006	-125.135845	0.169058	-130.446086	-0.029139
37340.389803	-133.207845	-0.145769	-92.272382	-0.148001	-123.356146	-0.305297	-117.496761	-0.016464
37382.392491	-123.718981	0.421278	-90.490276	0.310912	-127.014851	-0.382687	-125.493028	-0.392545
37424.395179	-121.526781	-0.368040	-92.200219	-0.418073	-118.918728	-0.118063	-123.313361	0.042356
37466.397867	-121.973256	0.141541	-83.315320	0.362451	-121.870680	-0.245458	-129.027101	0.003671
37508.400556	-120.035621	-0.460015	-94.366426	0.066888	-123.529453	-0.313429	-134.810441	0.338327
37550.403244	-121.196426	-0.066479	-85.999618	0.477502	-123.890130	-0.062183	-119.086347	0.195040
37592.405932	-128.781449	-0.144184	-92.716681	-0.224753	-129.077415	0.140588	-120.798618	0.083505
37634.408620	-123.327249	0.053668	-92.458557	-0.275835	-121.869907	0.215729	-128.367022	-0.063151
37676.411308	-117.214860	0.029691	-86.941320	0.080591	-122.809086	0.349028	-132.036977	0.368050
37718.413997	-130.404628	-0.222021	-91.922747	-0.063285	-132.533086	0.115766	-125.208521	0.355037
37760.416685	-132.663893	-0.090685	-86.942898	0.037592	-139.203600	0.489813	-124.332108	-0.416245
37802.419373	-124.787744	0.113104	-86.251011	0.082405	-125.865255	0.428754	-119.758753	0.419076
37844.422061	-127.907319	0.088276	-80.744480	0.256184	-125.076073	-0.120590	-122.778615	-0.384242
37886.424749	-122.220314	0.108492	-95.537282	0.151480	-118.481212	-0.081782	-127.634249	-0.227854
37928.427438	-130.060049	0.400206	-95.317845	0.178193	-120.381918	-0.454399	-126.463377	0.087081
37970.430126	-122.714632	0.303339	-84.801067	0.317029	-121.610185	-0.218694	-128.096955	-0.431203
38012.432814	-124.092557	-0.375824	-87.967644	-0.206372	-119.072239	-0.462011	-126.686240	-0.403763
38054.435502	-124.387842	-0.322034	-92.732343	-0.155436	-122.103440	0.159025	-122.301794	0.114421
38096.438190	-120.191943	0.126196	-84.612993	0.111683	-123.914460	-0.150550	-125.884164	-0.151030
38138.440878	-132.775738	0.402663	-88.524281	-0.492400	-139.942960	0.431544	-128.752837	0.033155
38180.443567	-133.657103	-0.146235	-91.392774	-0.250649	-116.282886	0.255338	-128.215420	0.230696
38222.446255	-120.965340	0.150569	-91.683947	-0.179634	-118.988159	0.186113	-128.868477	-0.231636
38264.448943	-129.157658	0.023665	-93.916490	-0.334968	-144.580097	-0.219625	-120.564406	-0.144831
38306.451631	-127.368365	0.472648	-94.806534	-0.104168	-127.516149	0.426213	-124.731030	-0.259799
38348.454319	-126.797093	0.379225	-86.361483	-0.278920	-122.720944	0.188647	-123.101287	0.257490
38390.457008	-124.802148	-0.308431	-93.822919	0.425177	-121.801110	-0.294693	-125.932242	0.084887
38432.459696	-122.588083	-0.469206	-85.104853	0.174171	-120.892700	-0.397090	-126.474950	-0.350620
38474.462384	-125.330911	-0.030747	-91.219234	-0.155661	-119.949169	-0.052074	-121.306599	0.227787
38516.465072	-124.358657	0.391716	-96.398531	0.304585	-126.564272	0.099907	-127.774753	-0.303667
38558.467760	-125.069719	-0.051421	-92.698017	-0.193070	-130.966348	-0.295635	-124.568969	0.202472
38600.470449	-120.499821	0.394978	-87.404682	0.283794	-125.794640	0.178849	-130.476408	0.357328
38642.473137	-120.696133	-0.149807	-89.806443	-0.135712	-120.067320	-0.062702	-126.096188	-0.466976
38684.475825	-123.794017	0.150737	-93.251740	0.261729	-121.195785	-0.024715	-126.607729	0.036559
38726.478513	-120.590186	-0.331031	-94.254074	0.227144	-127.791360	0.492791	-130.695067	0.316019
38768.481201	-130.056437	-0.407985	-87.426330	0.419277	-120.730879	0.178925	-131.188364	0.436895
38810.483890	-118.729138	-0.470473	-97.004935	-0.027804	-124.637705	-0.476027	-136.226059	0.082232
38852.486578	-124.158330	0.280696	-105.163718	-0.490050	-120.950626	-0.079532	-122.518816	0.215417
38894.489266	-124.268036	0.225621	-86.167563	-0.108484	-127.574655	0.150946	-123.136105	-0.456648
38936.491954	-126.519476	-0.009561	-89.236076	0.084379	-123.113522	0.378604	-124.865957	-0.264329
38978.494642	-125.253912	-0.301704	-93.979096	-0.441992	-118.889340	-0.073422	-132.491849	0.177841
39020.497331	-126.644637	0.408836	-88.598045	0.150040	-119.204353	-0.481006	-120.829045	-0.114606
39062.500019	-124.309067	0.429011	-84.989498	-0.420351	-121.455684	0.230246	-124.147942	0.004165
39104.502707	-127.602343	0.238478	-90.476824	0.376887	-120.023318	-0.086358	-115.645072	0.109916
39146.505395	-123.865358	0.182371	-90.547277	0.286314	-132.520219	0.048235	-129.019861	0.243416
39188.508083	-120.460275	0.281827	-90.299086	0.056159	-139.462853	0.347741	-119.059336	0.309128
39230.510771	-123.562244	0.146462	-87.000391	0.171158	-121.467003	0.406069	-127.553388	0.139531
39272.513460	-129.083789	0.221584	-96.577216	0.147204	-126.747697	-0.494254	-128.513634	-0.133694
39314.516148	-122.774619	-0.346438	-91.649350	-0.061150	-132.227627	-0.380201	-123.138096	-0.345478
39356.518836	-125.655454	0.482661	-88.403058	-0.252612	-126.719149	0.402470	-122.306472	0.150168
39398.521524	-121.437082	-0.168303	-100.610536	0.413265	-132.980520	-0.397868	-136.439099	0.098815
39440.524212	-124.800174	-0.050227	-85.536484	-0.127599	-120.435906	-0.347223	-117.865963	-0.484226
39482.526901	-128.978322	0.157266	-89.907416	-0.243578	-125.044374	-0.248901	-123.897883	0.309707
39524.529589	-129.992650	0.235354	-87.568085	0.211031	-133.007381	0.214242	-126.566142	-0.213990
39566.532277	-120.869036	0.353595	-94.797516	0.452384	-115.069371	0.303668	-121.904406	0.424774
39608.534965	-120.749603	0.307712	-87.648352	0.444931	-121.803880	0.047514	-121.694668	-0.209624
39650.537653	-124.522391	0.337743	-93.262284	-0.321121	-129.506091	-0.341835	-120.979772	0.137696
39692.540342	-121.090651	-0.422815	-87.395069	0.395189	-124.277761	0.189225	-121.576456	0.485649
39734.543030	-126.021472	-0.285743	-91.622835	0.312678	-122.296367	-0.231725	-137.014447	0.473481
39776.545718	-118.677077	-0.326719	-94.056244	-0.436840	-123.818213	-0.131090	-129.412493	0.416569
39818.548406	-128.546419	0.046801	-93.848952	0.123909	-120.257325	0.331335	-121.263989	0.454171
39860.551094	-126.011506	-0.486403	-85.209728	0.140213	-126.109937	0.306238	-125.220333	0.253543
39902.553783	-124.514813	0.365271	-86.628169	0.299722	-124.393701	-0.258175	-132.868707	0.149970
39944.556471	-126.542118	-0.106372	-92.277142	0.491727	-123.519931	-0.451795	-125.364912	0.289685
39986.559159	-125.341583	-0.247998	-85.062404	-0.164938	-127.104729	-0.343584	-117.987887	-0.335961
