% f453.txt
% Date Thu, Jul 15, 2021 4:44 PM
% Sine seq
% Response spectrum
% Stim level (V pk) 0.100, 0 dB filter gain, 120.0 dB attenuation
% Stim RMS (V) 0.000
% Freq [Hz]	Ch0 Mag [dB]	Ch0 Phase [cyc]	Ch1 Mag [dB]	Ch1 Phase [cyc]	Ch2 Mag [dB]	Ch2 Phase [cyc]	Ch3 Mag [dB]	Ch3 Phase [cyc]
%%end
42.002688	-108.438102	0.008943	-61.863090	0.073677	-90.670184	-0.118774	-115.137827	0.370096
84.005376	-117.587403	-0.135631	-52.771634	-0.031228	-93.995802	-0.417453	-116.721748	-0.379971
126.008065	-119.403546	-0.207711	-62.501975	0.104428	-101.560219	0.452509	-114.923699	-0.178291
168.010753	-117.896954	0.066401	-48.537770	0.377249	-102.569939	0.424600	-116.257309	0.179725
210.013441	-120.033683	-0.408446	-55.687155	-0.264242	-111.393325	0.014525	-116.119728	0.361267
252.016129	-142.602741	0.371473	-53.739174	0.249088	-113.424337	-0.473134	-123.169418	-0.238572
294.018817	-119.353981	0.399478	-56.078440	-0.391649	-110.750507	0.145228	-130.044538	-0.196717
336.021506	-137.396791	-0.220095	-51.028534	-0.155135	-103.901023	0.188596	-120.176665	-0.257534
378.024194	-120.025761	-0.005909	-63.234613	0.139185	-115.195950	0.472020	-122.833252	0.165627
420.026882	-111.360457	-0.217957	-54.385022	0.059711	-110.267572	-0.306508	-120.638456	-0.444381
462.029570	-119.095809	0.406924	-56.885397	-0.127642	-111.823025	0.097259	-130.983192	-0.027273
504.032258	-118.748038	-0.158744	-56.376019	-0.016555	-111.133000	-0.323233	-119.268390	-0.204516
546.034946	-123.477123	0.432004	-53.225249	-0.291942	-116.610852	-0.124495	-118.795987	0.355414
588.037635	-118.168848	0.397420	-55.122931	0.099140	-111.156955	-0.083133	-126.105901	0.052981
630.040323	-118.925175	-0.432667	-59.944963	-0.012925	-115.305116	-0.014404	-118.278696	0.311006
672.043011	-123.803021	0.415130	-61.530550	0.081641	-118.498214	0.326375	-117.306816	-0.301666
714.045699	-138.134135	0.353568	-56.302134	-0.307652	-116.965812	0.233216	-120.948641	0.079901
756.048387	-123.333700	0.253191	-56.431277	0.161069	-111.191152	-0.241273	-120.601248	-0.296160
798.051076	-119.665288	0.351853	-59.034879	0.061690	-125.454510	0.220285	-115.629985	0.209426
840.053764	-117.900950	-0.392534	-52.765499	0.014525	-118.232684	-0.230290	-129.004132	-0.205372
882.056452	-118.195025	0.304394	-67.608424	0.416406	-143.148611	0.313639	-128.322241	0.451976
924.059140	-113.995220	-0.397575	-57.457693	0.416080	-118.145259	-0.049324	-115.908689	-0.436880
966.061828	-117.068823	-0.053259	-59.517649	-0.185134	-128.784312	-0.408330	-119.839416	-0.139963
1008.064517	-125.169344	-0.153528	-62.060363	-0.345716	-118.777109	0.071216	-116.658075	0.348036
1050.067205	-121.356589	-0.331425	-59.144662	-0.402318	-113.256093	-0.406853	-116.755916	-0.234949
1092.069893	-118.997928	0.326663	-72.150200	0.266276	-116.674343	0.271331	-118.640582	0.094163
1134.072581	-125.234929	-0.366815	-60.169390	-0.127374	-122.584481	0.374988	-125.552301	0.118000
1176.075269	-128.805846	-0.022334	-59.594543	-0.119182	-120.466103	-0.278532	-125.564845	-0.212990
1218.077958	-135.688981	0.411222	-55.550197	0.212403	-115.024059	0.490366	-121.459394	0.327013
1260.080646	-118.383160	-0.373828	-67.988704	0.468670	-123.481245	-0.051189	-134.493860	0.259073
1302.083334	-127.516793	-0.425188	-61.117323	0.295960	-119.048421	0.353756	-121.100392	-0.226809
1344.086022	-121.478572	-0.477294	-61.846437	-0.474613	-113.630499	-0.376357	-121.532097	-0.181666
1386.088710	-117.855175	0.379081	-61.305435	-0.207480	-121.163049	-0.420510	-127.416763	0.452087
1428.091399	-121.347146	-0.495240	-55.885450	0.380345	-118.206515	-0.232493	-131.528798	-0.350062
1470.094087	-118.220214	-0.042012	-66.299202	-0.278605	-117.852698	0.448394	-121.547814	-0.232508
1512.096775	-126.347767	-0.066391	-73.416540	0.180576	-113.629467	0.101846	-122.360975	-0.330727
1554.099463	-121.453324	-0.309998	-70.375612	0.441371	-122.762852	-0.139250	-129.863992	-0.358869
1596.102151	-127.724226	0.256251	-59.143738	-0.359538	-117.885248	0.222386	-117.016104	0.315588
1638.104839	-123.464835	-0.359359	-58.176888	-0.016144	-119.373126	-0.489080	-127.923301	-0.402556
1680.107528	-124.096199	0.433154	-62.260905	0.379372	-115.691711	0.191004	-131.995671	0.267551
1722.110216	-122.034877	0.126890	-61.110011	0.289107	-116.611710	0.050098	-118.167899	-0.030761
1764.112904	-121.275918	-0.383841	-67.749338	-0.156879	-116.272129	0.428149	-119.047928	0.317437
1806.115592	-127.191561	-0.122625	-69.803022	0.046809	-120.829528	-0.354752	-119.771730	-0.350665
1848.118280	-145.632755	-0.398314	-63.059773	-0.021341	-134.351329	0.428503	-125.242358	-0.445466
1890.120969	-124.860683	-0.410164	-87.555723	0.023447	-126.541768	-0.049657	-122.696589	0.452595
1932.123657	-129.540952	0.094106	-63.127435	-0.121163	-126.668718	-0.021116	-122.160459	0.200251
1974.126345	-116.619413	-0.029901	-64.858223	0.206165	-114.357406	0.160247	-116.040246	0.090061
2016.129033	-124.718791	-0.463403	-68.604956	0.341879	-131.497856	0.273268	-121.753827	-0.341960
2058.131721	-124.787741	-0.173430	-68.268031	0.339604	-118.450789	-0.166173	-134.131193	0.442829
2100.134410	-120.476465	-0.425801	-74.163143	0.133893	-119.370056	-0.484656	-127.656833	0.078828
2142.137098	-133.877719	-0.488957	-72.208692	0.448243	-115.797255	0.409250	-120.484030	-0.085760
2184.139786	-119.470240	0.064974	-69.874135	0.263004	-124.043398	-0.209617	-124.489096	0.274747
2226.142474	-126.725773	0.130222	-60.771140	-0.058385	-118.355837	0.197325	-120.178948	0.109414
2268.145162	-124.684944	-0.258045	-67.023603	0.146800	-120.131132	-0.028880	-123.211033	0.441592
2310.147851	-119.424566	-0.005962	-68.501121	-0.048577	-124.083438	-0.054399	-131.843685	0.385776
2352.150539	-124.595169	-0.085561	-71.314201	-0.468560	-116.576152	-0.298834	-119.419222	-0.089631
2394.153227	-37.092849	-0.207311	-20.179669	0.408818	-111.393490	0.363754	-135.163760	-0.401433
2436.155915	-119.112673	0.419255	-67.016790	0.407687	-128.742751	0.376480	-126.639830	-0.435596
2478.158603	-125.748206	0.447608	-62.356405	-0.016449	-135.665604	-0.289712	-119.170397	-0.415074
2520.161292	-115.302260	-0.267108	-64.973427	0.204156	-120.412233	-0.026465	-126.138896	0.162947
2562.163980	-122.893744	0.344348	-64.938126	0.160588	-119.835983	0.432079	-123.195430	0.247457
2604.166668	-127.778202	-0.197715	-72.292119	-0.329141	-116.967795	-0.183042	-120.364556	-0.006258
2646.169356	-126.834797	0.227687	-67.223231	-0.015749	-118.232914	0.012704	-124.463641	0.419505
2688.172044	-127.897545	0.304392	-64.895674	0.332556	-118.352764	-0.064244	-128.283423	-0.160961
2730.174732	-119.301996	0.021207	-72.618848	0.167293	-124.618749	0.475361	-119.014132	-0.168359
2772.177421	-123.609483	0.140829	-72.796652	0.443810	-119.918469	-0.079893	-127.266522	0.114671
2814.180109	-118.120444	-0.290718	-60.831513	0.093664	-126.278093	-0.266590	-122.820929	0.490715
2856.182797	-129.092037	-0.439107	-73.285462	0.425916	-121.404809	-0.175425	-114.862085	-0.308615
2898.185485	-123.698668	0.409623	-75.745223	0.451081	-129.242142	0.376433	-119.472004	-0.423336
2940.188173	-133.888101	-0.205112	-68.045839	-0.345698	-119.085368	0.319261	-133.063279	0.227719
2982.190862	-123.575938	-0.077666	-67.250106	-0.002007	-118.744611	-0.146811	-126.149831	-0.014943
3024.193550	-120.059316	-0.083855	-89.696990	0.280915	-123.819803	0.277841	-124.435969	-0.072869
3066.196238	-122.240013	0.292117	-67.498513	0.316653	-119.629721	0.170961	-126.719666	-0.363373
3108.198926	-122.989098	0.442117	-67.897670	0.210559	-127.579227	-0.327743	-119.335809	0.482097
3150.201614	-124.004678	-0.471205	-67.119548	-0.457909	-118.735042	0.206693	-124.996807	0.050545
3192.204303	-122.864275	0.185866	-69.816425	-0.273191	-122.553983	0.182540	-122.101673	-0.039611
3234.206991	-132.412870	-0.240295	-66.787227	-0.351530	-124.218581	0.444049	-144.970470	-0.411851
3276.209679	-120.280255	0.216303	-68.729078	0.197067	-127.757789	0.226634	-131.363343	0.358504
3318.212367	-121.615028	-0.460376	-62.115763	0.084147	-120.209092	0.483864	-127.471925	0.066010
3360.215055	-127.385760	0.492941	-68.294098	-0.075260	-116.305360	0.403717	-128.989217	0.126633
3402.217744	-112.499057	-0.068293	-69.051081	0.333487	-118.343926	0.212723	-115.735684	0.048860
3444.220432	-116.565497	-0.380692	-66.130301	-0.049371	-118.759427	0.490270	-122.838677	0.339431
3486.223120	-126.459785	-0.444792	-68.315871	0.326837	-124.505480	-0.445247	-132.908764	-0.341646
3528.225808	-125.071047	-0.395663	-69.398343	0.319014	-117.455599	-0.339211	-134.738571	-0.124394
3570.228496	-118.614294	-0.097492	-70.443428	-0.003505	-126.081426	-0.095855	-127.871620	-0.170876
3612.231185	-123.490234	-0.428940	-68.343193	0.265841	-119.837567	0.294219	-117.055016	0.074448
3654.233873	-127.475118	0.255497	-73.942565	-0.123185	-125.461997	0.091272	-127.382421	0.029807
3696.236561	-118.924940	0.025429	-69.419670	0.323796	-139.661958	0.103434	-123.022929	-0.083972
3738.239249	-124.502486	0.253219	-67.665269	0.396497	-127.227388	0.313170	-127.374094	0.184824
3780.241937	-126.499831	0.151311	-63.876187	-0.234720	-129.586938	0.423510	-126.302051	0.050968
3822.244625	-120.030568	-0.184329	-69.208551	-0.037430	-127.455648	-0.173593	-124.697086	0.097393
3864.247314	-128.618940	-0.258251	-68.028987	0.449262	-126.427308	-0.389366	-122.316882	0.385627
3906.250002	-127.285985	0.231445	-72.164798	-0.334048	-124.453531	0.044939	-119.480483	0.085334
3948.252690	-122.250436	-0.377516	-73.724150	0.289629	-126.193922	-0.464157	-122.715956	-0.468242
3990.255378	-124.607053	0.177436	-65.996951	-0.113965	-120.891463	-0.307067	-123.398189	-0.496525
4032.258066	-129.716594	-0.040227	-74.130296	0.117926	-117.034368	0.009011	-116.542925	-0.010426
4074.260755	-120.046454	0.392852	-80.281500	-0.396525	-125.142605	0.285610	-133.461211	-0.242904
4116.263443	-121.545801	0.427672	-66.654205	0.463516	-122.308095	0.411950	-119.573633	-0.379687
4158.266131	-121.859220	-0.224136	-68.889367	0.476080	-130.499652	-0.390684	-121.203352	-0.165307
4200.268819	-123.538980	0.438291	-72.465451	-0.040430	-123.202608	0.152603	-123.487586	0.443865
4242.271507	-122.158164	-0.248601	-76.071507	0.100023	-122.149956	0.202863	-119.992028	0.478218
4284.274196	-128.030283	-0.347757	-84.939825	0.043535	-126.765942	-0.408473	-121.378982	-0.341598
4326.276884	-120.095854	-0.471434	-66.993232	-0.346323	-125.419811	0.415224	-121.356369	-0.480235
4368.279572	-129.439310	-0.241617	-71.298548	-0.430768	-122.852596	-0.473342	-121.563186	0.472053
4410.282260	-123.537804	-0.287034	-70.615960	0.480486	-125.024502	-0.492587	-145.833832	-0.445596
4452.284948	-124.296638	0.051041	-73.645317	-0.096153	-133.670586	-0.008938	-122.232855	-0.494221
4494.287637	-122.223161	0.203137	-64.623698	0.491104	-116.867942	-0.425262	-123.619826	-0.490397
4536.290325	-121.152124	0.345201	-69.723411	0.196412	-118.636606	0.385030	-127.022547	-0.364782
4578.293013	-120.266039	-0.378078	-68.014012	0.396029	-118.574094	0.059071	-125.326672	0.319375
4620.295701	-126.043277	-0.093607	-68.906724	-0.250674	-125.529163	0.143628	-128.742213	0.315016
4662.298389	-123.211342	0.433151	-80.114522	0.233136	-132.442274	0.259325	-119.721137	0.457508
4704.301078	-128.304170	-0.481422	-74.732030	0.107983	-121.118020	-0.197088	-118.875550	0.095693
4746.303766	-131.481445	0.013999	-72.047350	0.176529	-121.629900	-0.142399	-121.349752	0.448311
4788.306454	-116.279157	0.482447	-68.008323	0.463512	-121.433903	0.316230	-125.653980	0.095362
4830.309142	-121.588538	0.121446	-80.708268	-0.176283	-119.767948	0.190243	-114.809938	0.106757
4872.311830	-121.902705	-0.042779	-77.382765	0.406622	-127.196549	0.256163	-124.204347	0.032532
4914.314518	-124.429196	0.126650	-74.305999	0.235000	-120.722415	-0.078850	-127.751007	0.345311
4956.317207	-119.682175	-0.294791	-79.537602	-0.046582	-124.937086	0.018767	-129.554302	0.464667
4998.319895	-120.949460	0.339253	-79.797238	0.292303	-124.824402	-0.096448	-126.028907	-0.046014
5040.322583	-129.824942	-0.102849	-65.886936	-0.107508	-128.028570	-0.441185	-121.723858	-0.268507
5082.325271	-127.166129	0.131433	-70.040868	-0.273640	-120.410393	0.053185	-116.325683	-0.005436
5124.327959	-126.073995	0.074704	-76.872084	0.114176	-134.939793	0.440502	-155.217219	0.021073
5166.330648	-125.951092	0.036324	-84.349969	0.143726	-127.918811	-0.103866	-120.435967	0.077564
5208.333336	-123.334031	-0.247842	-68.333263	0.251513	-125.576356	-0.403890	-127.240808	0.369736
5250.336024	-143.120235	0.242839	-73.698452	-0.447215	-125.233467	0.402066	-125.701969	0.042776
5292.338712	-126.352511	-0.017428	-76.407889	-0.398835	-121.987467	-0.143387	-121.112436	-0.044897
5334.341400	-123.521139	0.493671	-71.226711	-0.319204	-121.030930	0.398538	-136.240840	-0.064001
5376.344089	-123.688572	-0.140326	-67.107100	0.189792	-122.760493	-0.348777	-123.068151	0.107298
5418.346777	-115.961090	0.361385	-71.173028	-0.021983	-123.557199	-0.461821	-119.696586	0.023576
5460.349465	-121.948253	-0.138397	-69.498083	-0.118048	-138.373857	0.261351	-118.335757	-0.221582
5502.352153	-119.808286	-0.486033	-77.175751	0.349914	-121.731718	-0.109707	-128.734931	0.396115
5544.354841	-122.078360	0.054138	-79.059731	0.462092	-130.328621	-0.471257	-124.027436	-0.371027
5586.357530	-122.477844	0.201496	-74.889697	-0.228135	-147.232099	0.266020	-117.395382	0.266600
5628.360218	-121.720500	0.078273	-71.819617	-0.031565	-119.650475	0.171574	-122.456002	0.218870
5670.362906	-121.578860	0.319417	-77.547527	0.007329	-117.507303	0.152221	-118.169403	0.410085
5712.365594	-127.398098	0.265493	-65.645859	0.111674	-131.864969	-0.077295	-127.370088	0.324281
5754.368282	-118.446095	-0.437076	-74.420588	0.139523	-128.155702	-0.359685	-128.109955	0.277614
5796.370971	-124.255401	-0.253593	-69.262374	-0.246368	-120.185775	-0.066045	-125.128822	-0.074624
5838.373659	-123.824107	0.184114	-74.410793	0.213039	-123.007987	0.192882	-131.025930	0.436610
5880.376347	-135.355781	-0.466943	-71.077572	-0.230876	-125.517003	0.370803	-124.675073	0.417910
5922.379035	-119.826912	0.014472	-76.386224	-0.341787	-124.343856	-0.434833	-127.207258	-0.035396
5964.381723	-129.316759	0.360617	-66.410614	0.456884	-130.193087	-0.081263	-122.149098	0.336193
6006.384411	-127.325876	0.017360	-79.970859	-0.486396	-119.574082	-0.024107	-137.981012	0.341358
6048.387100	-120.188836	-0.076288	-72.675012	-0.327334	-118.406356	-0.085207	-138.977132	-0.324121
6090.389788	-131.055717	0.226033	-74.508592	-0.314976	-126.969635	-0.060132	-121.750210	0.373807
6132.392476	-129.275770	-0.093758	-75.222990	-0.126199	-121.611782	0.319824	-126.170206	-0.053517
6174.395164	-136.872031	-0.071298	-87.564151	0.026244	-131.568493	-0.254477	-118.919614	0.492734
6216.397852	-124.187121	-0.027047	-85.856702	-0.372642	-135.552303	-0.248451	-127.897984	-0.184149
6258.400541	-130.241009	-0.091456	-75.162545	0.046403	-123.034730	-0.041882	-128.330046	0.066335
6300.403229	-120.492891	0.416432	-75.796523	-0.356250	-126.503239	-0.481627	-126.238450	-0.330678
6342.405917	-127.135098	-0.045690	-66.350047	-0.026280	-122.938558	-0.154661	-120.651965	-0.202577
6384.408605	-123.717353	0.161467	-72.023229	-0.365524	-129.374718	0.411039	-125.095534	-0.027380
6426.411293	-121.583276	-0.082925	-72.426514	0.445594	-117.591308	-0.131579	-144.792878	0.079469
6468.413982	-131.939747	-0.329204	-78.254037	-0.356886	-127.408431	0.438200	-125.900236	-0.437234
6510.416670	-125.412072	0.219669	-79.778813	-0.296029	-123.536979	-0.275826	-122.749616	-0.274951
6552.419358	-117.684003	-0.255138	-71.848990	0.155269	-120.525054	-0.195600	-136.226402	0.219354
6594.422046	-118.284625	0.216762	-73.670698	-0.421968	-122.139929	-0.273353	-133.243296	0.109120
6636.424734	-117.027396	-0.174004	-77.527274	-0.240501	-124.195662	-0.208311	-122.986240	-0.113406
6678.427423	-125.731682	0.297059	-80.798154	0.395421	-121.903208	-0.258191	-123.658967	-0.074166
6720.430111	-118.980255	0.337833	-74.499062	-0.256958	-119.802148	0.397312	-124.507504	0.344726
6762.432799	-121.440333	0.236364	-74.456547	-0.122079	-125.511577	0.190776	-127.764895	0.028602
6804.435487	-124.325451	0.036355	-83.972843	-0.006405	-133.865466	0.045273	-117.461049	0.262352
6846.438175	-126.788683	-0.265623	-71.554128	-0.179653	-130.124572	-0.408432	-120.627332	-0.194526
6888.440864	-125.394683	0.108867	-70.386189	-0.048044	-122.128133	0.402054	-121.072387	-0.415008
6930.443552	-117.961528	-0.378818	-80.698937	0.234363	-129.258202	-0.067820	-125.268989	0.095492
6972.446240	-121.520428	0.409462	-71.225804	-0.281433	-137.469792	0.326994	-123.212831	-0.027109
7014.448928	-132.988910	-0.128582	-74.406657	0.454199	-118.113711	-0.393685	-114.250608	-0.316035
7056.451616	-122.587598	-0.351676	-70.763797	-0.421602	-120.276140	-0.065551	-119.257523	-0.468897
7098.454304	-131.040530	0.100050	-66.016523	-0.294967	-136.206744	0.295297	-120.864698	0.434956
7140.456993	-138.602471	0.462372	-73.430305	-0.109798	-119.876179	0.029173	-123.630094	0.219945
7182.459681	-98.812647	0.410578	-77.484476	-0.439425	-124.513003	-0.351473	-119.236072	0.430803
7224.462369	-121.188315	0.409513	-73.752577	0.356005	-127.947993	-0.462229	-120.357623	0.322746
7266.465057	-127.062520	-0.176251	-69.408825	-0.140024	-123.566019	0.005769	-119.514552	-0.120776
7308.467745	-115.432244	0.408790	-76.774382	0.389286	-126.280297	0.289314	-121.783067	0.469647
7350.470434	-118.556779	0.171124	-79.863927	0.475552	-123.388215	-0.045607	-124.798454	0.332667
7392.473122	-125.156393	-0.389334	-78.056619	-0.299678	-131.299778	0.393325	-148.701547	-0.450990
7434.475810	-119.811428	0.234598	-81.097989	0.016660	-120.556489	0.179363	-126.355834	-0.280270
7476.478498	-131.700851	0.118236	-82.954759	0.102205	-114.832409	0.099248	-118.023576	-0.046919
7518.481186	-121.142478	0.374168	-87.188207	0.390838	-123.168314	-0.463343	-125.607798	-0.350481
7560.483875	-125.812443	0.411483	-67.976508	0.342609	-122.527455	-0.261718	-119.080583	-0.472953
7602.486563	-128.522420	-0.300287	-75.626949	0.037884	-125.155786	-0.327734	-122.075692	-0.368636
7644.489251	-125.979254	0.459511	-84.322319	-0.138632	-120.435659	0.121694	-117.452483	-0.489872
7686.491939	-122.977991	-0.295709	-70.421699	0.100110	-118.886673	0.314136	-132.467933	-0.312557
7728.494627	-129.062778	0.210837	-79.329357	0.074291	-139.618681	-0.414816	-119.092727	-0.452572
7770.497316	-121.637001	0.028335	-81.686647	0.093295	-126.243095	0.406169	-119.931500	0.229020
7812.500004	-121.857132	0.227078	-80.242529	0.142836	-134.647899	0.367960	-125.830996	-0.127105
7854.502692	-125.213573	-0.162813	-79.764844	0.430880	-117.637439	-0.436007	-122.655472	-0.360834
7896.505380	-122.472580	-0.435059	-68.636544	0.110226	-128.528378	-0.397324	-122.105719	0.191967
7938.508068	-129.914318	0.322465	-69.413193	0.223167	-117.672004	0.262384	-120.016004	0.303295
7980.510757	-131.170281	-0.005772	-79.876915	-0.145515	-119.023987	0.147607	-123.193707	-0.490070
8022.513445	-121.945500	-0.415748	-85.560165	0.186376	-129.189040	0.364581	-122.446465	-0.375684
8064.516133	-131.490635	0.245092	-73.158001	0.375267	-127.799449	-0.376200	-123.964087	-0.003470
8106.518821	-128.432445	0.254532	-84.301843	0.359378	-119.997931	0.377417	-130.272468	-0.051675
8148.521509	-133.744818	-0.102323	-66.903424	0.399513	-128.315734	0.469699	-125.664782	-0.488045
8190.524197	-117.472028	-0.487688	-71.772028	0.230178	-122.460518	0.483542	-129.760300	0.094400
8232.526886	-140.457947	0.310465	-76.022052	-0.182358	-128.748531	-0.166128	-139.879420	0.340735
8274.529574	-146.359611	0.176593	-75.646777	0.497278	-130.107010	-0.114520	-123.460289	0.262894
8316.532262	-128.683370	-0.035677	-78.013972	0.162602	-126.142425	0.489565	-121.323674	0.032532
8358.534950	-127.785259	0.141600	-74.151986	0.018820	-125.201720	-0.388027	-121.663020	0.294091
8400.537638	-140.720746	-0.071911	-81.716513	0.322463	-134.610382	0.153171	-122.138105	0.410597
8442.540327	-116.884222	0.477879	-80.914407	-0.278891	-134.431529	-0.495653	-132.272825	-0.144409
8484.543015	-134.095801	0.060246	-75.281480	0.122286	-130.177123	-0.019661	-131.341874	-0.165920
8526.545703	-122.700065	0.238010	-71.438024	-0.374873	-117.213879	-0.311137	-122.271679	0.473722
8568.548391	-124.207137	0.122208	-81.097507	0.046803	-123.270663	0.456956	-144.881856	0.030080
8610.551079	-118.235093	0.228134	-75.027142	-0.154318	-123.160405	0.218256	-117.770530	0.123977
8652.553768	-125.740078	-0.369982	-75.001680	-0.483555	-121.430894	-0.375772	-118.241712	-0.264404
8694.556456	-121.270608	0.075053	-70.939485	0.150258	-118.627145	-0.122893	-128.239601	0.139849
8736.559144	-119.009827	-0.266300	-70.939765	0.206874	-120.792931	0.195591	-133.970723	0.065522
8778.561832	-130.729499	0.372829	-79.022741	-0.443365	-124.571163	0.244083	-122.888736	0.205912
8820.564520	-132.980118	0.109778	-83.210738	-0.345016	-127.148506	-0.115032	-121.975294	-0.017609
8862.567209	-121.624361	-0.260804	-78.138753	-0.425501	-129.861508	-0.299385	-121.091115	-0.133726
8904.569897	-119.815681	0.178182	-77.163650	-0.323513	-128.054643	0.005922	-120.938332	0.047909
8946.572585	-119.521830	0.493475	-70.796867	0.489645	-129.689791	0.064196	-122.612862	-0.483961
8988.575273	-123.960893	0.162606	-73.125206	-0.231171	-126.054432	-0.022677	-122.241300	0.118331
9030.577961	-119.742550	0.286397	-81.046056	-0.266046	-121.362638	-0.473113	-122.976268	0.438350
9072.580650	-126.082903	0.482052	-84.883857	0.370111	-125.252678	0.135360	-123.940295	0.074863
9114.583338	-122.803532	0.281926	-80.017849	-0.269720	-121.530844	0.217997	-128.562959	0.134650
9156.586026	-123.014853	0.116707	-79.062105	-0.433279	-134.274066	0.363822	-115.771672	0.084367
9198.588714	-117.904793	-0.422591	-73.230527	-0.493680	-134.106962	-0.155607	-125.769330	-0.237831
9240.591402	-118.670431	-0.485785	-73.991018	0.381386	-129.671861	0.082524	-116.255506	0.485419
9282.594090	-118.151172	0.157601	-75.630516	-0.164322	-120.894032	-0.060729	-126.353245	0.322702
9324.596779	-126.324960	-0.431735	-79.017564	0.310329	-135.379001	0.474879	-119.470059	-0.115778
9366.599467	-127.858357	0.405141	-92.708657	0.210166	-123.441503	0.139966	-118.964698	0.434171
9408.602155	-128.498027	-0.463993	-73.050921	-0.127830	-118.235280	0.470101	-123.848852	0.129992
9450.604843	-125.320153	0.036013	-74.194334	0.011372	-119.932530	0.167629	-128.657937	0.411325
9492.607531	-126.632412	0.063970	-76.221581	0.348031	-123.712048	0.491091	-135.190554	-0.126787
9534.610220	-127.810436	-0.345896	-74.557405	-0.091284	-128.128593	0.052673	-120.205729	-0.462886
9576.612908	-102.142584	-0.329589	-79.439353	-0.385039	-120.949500	-0.155393	-124.063768	-0.114040
9618.615596	-125.107271	-0.428921	-77.396835	-0.102792	-126.245626	0.388610	-140.037817	0.198369
9660.618284	-118.288377	-0.331532	-82.426159	-0.216399	-123.411439	-0.493256	-124.239234	0.337909
9702.620972	-121.084955	0.055641	-72.259078	0.042052	-123.994497	0.168125	-128.075277	0.239423
9744.623661	-127.104728	0.049177	-68.974675	-0.257135	-122.435413	0.309411	-123.299953	0.032223
9786.626349	-126.730424	0.441371	-78.692345	-0.241781	-124.584202	-0.170706	-121.350919	-0.411632
9828.629037	-135.390547	0.129451	-73.435294	-0.108737	-126.054367	-0.063187	-132.785949	0.450012
9870.631725	-124.580685	0.413215	-78.766490	0.459661	-121.952125	-0.493212	-125.024669	-0.342835
9912.634413	-122.563128	-0.300461	-73.179967	-0.331267	-127.611067	0.213992	-126.331473	-0.056298
9954.637102	-121.346360	-0.218763	-79.661589	0.035162	-138.973515	-0.417137	-124.133610	-0.104555
9996.639790	-121.820298	0.327497	-82.771598	0.388049	-121.275375	0.381941	-123.154649	0.042935
10038.642478	-125.541116	0.318193	-76.014935	-0.095181	-125.209083	-0.061630	-133.252015	-0.156913
10080.645166	-124.478657	0.180028	-82.142800	-0.027976	-120.317393	0.228651	-128.417487	0.366792
10122.647854	-121.209050	-0.074605	-77.653082	-0.307617	-132.941225	0.463932	-122.628777	-0.201416
10164.650543	-120.759035	-0.246858	-76.497445	0.392541	-122.146689	-0.407402	-118.390455	-0.486487
10206.653231	-124.037936	-0.250872	-71.392053	0.162010	-125.723662	0.138265	-121.594034	0.488454
10248.655919	-128.520512	-0.101991	-72.332294	0.195446	-122.609654	0.104948	-130.114847	-0.156207
10290.658607	-128.419269	0.409719	-72.110179	0.129206	-118.385167	0.322772	-118.331226	0.144020
10332.661295	-123.167902	-0.134192	-75.983745	0.412065	-116.464624	-0.217416	-119.786780	-0.160250
10374.663983	-122.052222	0.456004	-93.225868	0.055216	-121.251742	-0.453882	-116.978466	-0.465357
10416.666672	-121.943583	0.283505	-78.302422	-0.118878	-133.416300	0.388579	-118.857955	0.019825
10458.669360	-123.235698	0.251135	-82.632412	-0.491209	-125.505345	0.403202	-116.112654	0.334027
10500.672048	-124.922648	-0.403695	-71.218363	0.233259	-128.538847	0.498090	-127.730717	-0.437814
10542.674736	-122.592520	-0.374168	-78.521714	0.307536	-122.607504	0.060325	-124.898299	0.127654
10584.677424	-125.527180	0.184095	-82.965347	-0.055620	-129.734427	-0.383983	-127.000510	-0.162675
10626.680113	-137.309372	0.467467	-73.249665	0.189003	-118.503462	-0.443209	-120.941160	-0.163351
10668.682801	-119.855430	0.064400	-78.128745	0.353308	-122.226862	-0.360599	-123.380258	0.486533
10710.685489	-125.451514	-0.396885	-96.937940	-0.415333	-128.377816	0.282550	-123.284628	0.091268
10752.688177	-120.465450	-0.277558	-82.186563	0.161600	-123.417828	-0.205199	-119.051125	-0.238793
10794.690865	-121.626380	-0.230331	-74.388217	-0.046157	-123.909282	-0.269891	-122.392916	0.245904
10836.693554	-125.459840	0.389884	-74.567034	0.263166	-127.211417	0.169356	-119.395357	0.444225
10878.696242	-126.012792	0.093687	-77.797097	0.392510	-123.798880	0.052902	-114.294810	0.146661
10920.698930	-124.774846	0.002037	-70.105495	0.255588	-126.687685	-0.162434	-122.299591	-0.014959
10962.701618	-129.003718	0.457370	-74.035216	-0.481493	-120.482950	0.403830	-125.668511	-0.303772
11004.704306	-120.207691	-0.225586	-79.789471	-0.203080	-126.378392	-0.143484	-117.652687	-0.368717
11046.706995	-139.495823	0.177946	-72.449419	-0.334778	-120.544285	-0.302797	-119.973123	-0.399081
11088.709683	-118.180399	-0.367854	-83.473962	-0.151921	-129.125441	-0.377040	-128.216987	0.435383
11130.712371	-130.935998	0.253825	-77.635317	0.347942	-119.955932	0.211187	-123.133716	-0.351479
11172.715059	-121.128097	0.124663	-69.738577	-0.297076	-118.932578	-0.219650	-120.078587	0.036671
11214.717747	-121.780214	0.105752	-71.146532	0.494803	-119.300763	0.128871	-118.238703	0.006563
11256.720435	-119.716731	-0.446616	-77.805549	-0.120543	-126.720056	-0.327870	-125.340679	-0.045337
11298.723124	-117.906556	-0.246222	-77.821107	0.196809	-122.424810	-0.470042	-126.623100	0.059475
11340.725812	-127.290768	-0.466334	-71.571217	-0.338000	-122.690393	0.348158	-121.982196	-0.189722
11382.728500	-120.902956	0.320043	-76.361853	0.222049	-121.741965	0.267180	-122.052569	-0.359830
11424.731188	-134.051747	-0.406076	-77.795242	0.436590	-123.350933	-0.374787	-121.081113	0.478960
11466.733876	-120.663122	-0.073269	-72.812376	-0.287153	-126.992954	0.351657	-128.951824	-0.021131
11508.736565	-127.049129	-0.306489	-70.660659	0.391773	-125.698343	-0.397626	-132.441557	-0.436091
11550.739253	-123.040162	-0.031327	-81.385348	-0.393562	-128.646261	0.060725	-116.716900	-0.058656
11592.741941	-118.552878	-0.016446	-81.457446	0.025450	-122.173435	-0.112486	-126.020512	-0.116150
11634.744629	-121.896753	0.004167	-82.564363	-0.155669	-120.141215	-0.019815	-124.854412	-0.332403
11676.747317	-117.265364	0.050010	-73.747008	-0.178581	-132.123914	-0.258258	-124.050700	0.246495
11718.750006	-129.914561	-0.485251	-96.630675	0.054650	-122.752447	-0.376090	-122.423938	-0.359131
11760.752694	-120.777743	-0.226065	-76.871076	0.207274	-122.370775	-0.492845	-119.444415	-0.339474
11802.755382	-125.308376	0.189854	-70.151865	-0.204636	-120.212398	-0.264446	-126.094217	-0.204180
11844.758070	-122.026551	0.354235	-74.513183	0.325362	-116.791051	-0.385296	-128.854703	0.495724
11886.760758	-122.701762	-0.363323	-74.511829	-0.138978	-118.169336	0.297321	-122.350207	-0.279145
11928.763447	-123.807372	0.414643	-76.740084	0.171799	-131.416043	0.194993	-123.834819	-0.352772
11970.766135	-104.202570	0.472603	-73.825593	0.337124	-124.589096	-0.175776	-121.456252	-0.149700
12012.768823	-124.547164	0.267646	-99.225093	0.322129	-120.188382	0.366592	-122.416962	0.253105
12054.771511	-128.340125	-0.095136	-77.108362	-0.200261	-121.878729	-0.397884	-120.960088	-0.063759
12096.774199	-121.066481	-0.284996	-74.333490	-0.013411	-125.050693	-0.152366	-126.352993	-0.436452
12138.776888	-126.578092	-0.178864	-76.254617	-0.060895	-125.988157	0.184798	-126.274539	-0.040327
12180.779576	-127.738972	0.048394	-73.887930	-0.294378	-123.287107	0.304982	-131.322408	-0.243303
12222.782264	-124.326562	0.097554	-82.943951	0.086875	-121.006184	-0.262284	-119.977628	-0.213491
12264.784952	-122.273207	-0.021338	-77.152907	-0.380265	-124.457886	-0.448168	-115.876399	-0.036842
12306.787640	-118.548103	0.148976	-99.357117	-0.337606	-124.511982	-0.124210	-125.134053	-0.361763
12348.790328	-121.953589	-0.289346	-75.745237	0.162495	-127.590397	0.394934	-130.932522	0.326206
12390.793017	-128.746174	-0.361044	-78.083018	-0.143860	-125.715285	-0.315646	-123.403405	0.182459
12432.795705	-124.242114	-0.135593	-83.354275	-0.035461	-121.944788	0.204757	-123.754273	-0.275757
12474.798393	-125.875663	-0.011654	-72.078276	-0.207446	-118.954304	-0.087725	-129.313938	0.315083
12516.801081	-117.434706	-0.356727	-79.727247	0.101861	-119.295227	0.155173	-123.475846	0.112698
12558.803769	-133.982963	0.222872	-78.228419	0.320030	-124.484195	0.326620	-130.475534	0.237045
12600.806458	-124.594797	0.074977	-74.384836	0.324513	-123.191599	0.188310	-122.045272	0.013128
12642.809146	-122.362681	-0.183142	-74.711538	0.218515	-123.892264	-0.326443	-121.813346	-0.473682
12684.811834	-121.489734	0.225833	-75.841058	0.143194	-119.439698	0.042380	-126.135677	-0.492584
12726.814522	-132.144728	-0.486467	-82.230832	-0.491903	-128.176961	-0.174863	-126.417069	0.237195
12768.817210	-126.010442	0.121599	-83.956675	0.157201	-120.932353	0.072188	-119.984168	0.142806
12810.819899	-122.651688	0.283950	-74.482322	-0.176673	-128.229641	0.428773	-129.298118	0.471551
12852.822587	-123.092864	-0.312361	-92.942053	0.489321	-125.156000	-0.389150	-122.630052	0.040552
12894.825275	-142.278960	0.192099	-79.623773	0.339416	-125.469653	0.477207	-126.678276	-0.067966
12936.827963	-119.458257	0.492532	-77.253301	-0.313570	-127.134443	0.241866	-129.322915	0.100063
12978.830651	-121.515861	-0.327653	-106.925830	0.445385	-129.297975	-0.476346	-152.546488	-0.249159
13020.833340	-123.125036	0.463554	-76.427297	0.333556	-125.737350	-0.386700	-126.373960	-0.054984
13062.836028	-122.990574	0.283319	-80.051302	-0.358860	-124.872543	-0.431958	-124.578762	-0.088739
13104.838716	-121.323826	0.036307	-76.119437	0.102915	-114.926739	-0.024401	-128.616837	-0.149813
13146.841404	-120.984120	0.237796	-74.565916	-0.130967	-122.454162	-0.096864	-126.893825	-0.126117
13188.844092	-123.107571	0.002473	-77.978412	0.164733	-118.888715	0.220522	-122.381224	0.089691
13230.846781	-118.351519	0.219966	-81.270412	-0.146153	-122.793312	0.082382	-116.319182	0.279045
13272.849469	-126.850499	0.149405	-73.266877	-0.492305	-121.198934	0.028144	-122.647364	0.239558
13314.852157	-130.248319	0.104214	-75.285115	-0.332980	-122.459015	-0.419361	-127.639703	0.186199
13356.854845	-126.305733	-0.295343	-80.426494	0.416756	-121.839062	0.436904	-126.248894	0.070005
13398.857533	-128.652613	-0.023525	-76.519291	0.273908	-117.651739	0.216989	-125.244354	0.376019
13440.860221	-122.007327	0.403792	-75.552010	0.059770	-122.740050	0.263083	-119.648123	0.449067
13482.862910	-135.392459	0.172309	-78.660054	0.405356	-120.436309	-0.413215	-121.471566	-0.244549
13524.865598	-116.839921	-0.023837	-86.343082	-0.215630	-125.353581	0.395424	-125.486312	0.319651
13566.868286	-123.146517	-0.343326	-79.536197	-0.365580	-125.388760	0.253116	-117.340133	-0.008598
13608.870974	-130.157283	-0.498658	-78.692741	0.310447	-122.458841	0.285394	-119.087252	-0.463957
13650.873662	-118.240330	-0.486162	-86.032196	0.348485	-120.814983	0.381797	-138.831111	-0.441810
13692.876351	-134.422723	-0.263893	-78.689893	-0.303719	-121.795043	0.282672	-132.853995	0.047109
13734.879039	-122.638065	-0.298200	-80.439667	0.196634	-125.557387	-0.125773	-125.634147	-0.437467
13776.881727	-114.115682	-0.439740	-80.587031	-0.402291	-126.449638	-0.355416	-118.803663	0.372312
13818.884415	-118.260391	0.076799	-80.119843	-0.284194	-133.968371	-0.095436	-123.382048	0.267086
13860.887103	-126.852203	0.432453	-89.520452	-0.041867	-124.098365	-0.192617	-128.998393	-0.451567
13902.889792	-120.102069	0.349377	-79.155159	-0.382901	-119.457510	0.327531	-128.148293	0.256987
13944.892480	-120.965839	0.420365	-77.034304	0.373932	-121.065609	0.348460	-121.476056	0.225142
13986.895168	-121.672651	0.390628	-77.302167	0.487652	-121.680467	0.154654	-124.445530	0.246880
14028.897856	-118.929800	-0.093723	-77.606351	0.268135	-124.248428	0.488383	-123.876392	0.007903
14070.900544	-123.145698	-0.459108	-84.514944	-0.236537	-118.687143	0.383291	-123.761433	-0.222191
14112.903233	-119.856643	-0.210166	-78.668876	0.213859	-122.170923	0.408160	-121.486325	-0.166815
14154.905921	-127.904762	-0.441417	-82.101784	-0.010294	-118.504604	0.333232	-120.587482	0.400027
14196.908609	-126.257181	-0.313853	-85.016361	0.141099	-121.988639	0.375036	-131.138217	-0.025669
14238.911297	-123.198885	0.480161	-74.340251	0.015253	-121.027720	0.396784	-130.625216	0.050396
14280.913985	-120.624379	-0.164530	-77.252612	0.292411	-120.911438	-0.331712	-135.290030	-0.406601
14322.916674	-143.626300	0.428109	-72.521926	0.007655	-119.163620	0.025394	-126.815181	-0.091042
14364.919362	-102.933572	-0.249049	-80.029485	-0.325538	-119.087110	0.348330	-118.071602	0.410189
14406.922050	-124.704708	-0.306998	-84.648536	-0.383266	-125.743503	0.125608	-125.093826	0.327768
14448.924738	-139.126896	-0.445964	-80.143902	0.030848	-126.514299	0.135419	-125.552164	-0.085955
14490.927426	-124.381032	-0.053254	-77.168559	-0.038096	-120.948779	-0.046713	-132.664600	-0.339230
14532.930114	-131.174598	-0.152895	-75.844091	0.453943	-125.573532	0.438267	-132.096468	-0.207055
14574.932803	-117.648248	0.373081	-79.370070	0.014618	-131.907302	-0.100522	-116.597195	-0.150102
14616.935491	-117.335349	-0.216210	-79.661274	0.020907	-122.191767	0.130817	-122.238082	0.173681
14658.938179	-122.005483	0.333372	-75.824804	-0.337700	-124.499259	-0.253269	-118.555883	0.179942
14700.940867	-126.244042	0.058943	-76.752033	0.393719	-125.492952	0.035672	-133.767971	-0.185562
14742.943555	-123.114492	-0.384643	-74.504771	-0.468911	-125.427050	0.126919	-124.630197	-0.130858
14784.946244	-126.332436	-0.363167	-80.061281	-0.044074	-129.588694	-0.032942	-120.602295	-0.167470
14826.948932	-119.751587	-0.258812	-84.625536	-0.458166	-121.108214	-0.083733	-119.349209	-0.076577
14868.951620	-127.447422	0.322795	-88.800888	0.042480	-124.504887	-0.042566	-120.415600	-0.250187
14910.954308	-114.396076	-0.442034	-100.310242	-0.116000	-125.185381	-0.368332	-122.016934	-0.346018
14952.956996	-122.603609	-0.469183	-81.133450	0.389437	-128.019788	-0.154667	-117.934137	0.375780
14994.959685	-138.380199	0.184866	-81.506534	0.234026	-124.380913	0.197583	-127.348628	0.145579
15036.962373	-125.965109	-0.034463	-74.918845	0.416612	-122.267663	-0.328580	-119.028761	0.032654
15078.965061	-119.292129	-0.116443	-93.386071	-0.079952	-122.755957	0.109391	-122.592627	-0.231693
15120.967749	-120.672180	-0.060991	-76.804359	-0.039029	-134.930927	0.017666	-118.171314	-0.302706
15162.970437	-126.395019	-0.369326	-78.363443	0.421661	-123.211937	-0.104208	-140.464777	0.079417
15204.973126	-127.197144	-0.230039	-83.263048	0.267348	-124.320491	-0.414958	-130.263464	0.396316
15246.975814	-121.422407	-0.364282	-75.905392	-0.281152	-121.116443	-0.218406	-128.422912	0.087528
15288.978502	-125.318189	-0.315295	-75.841757	-0.445908	-124.269497	-0.449243	-131.191500	-0.340417
15330.981190	-119.856304	0.385265	-86.932344	0.485033	-134.193730	-0.252393	-125.360191	-0.027337
15372.983878	-119.371620	-0.476289	-81.023263	-0.087435	-124.449101	-0.284632	-128.539575	-0.438836
15414.986567	-128.805865	-0.423909	-79.239907	0.084762	-133.017892	0.132832	-136.001969	0.325803
15456.989255	-118.329511	-0.254502	-78.302051	0.431849	-118.709255	0.016472	-131.551844	-0.070326
15498.991943	-128.277477	0.448012	-74.742006	-0.070760	-118.058685	0.235901	-121.122667	0.239032
15540.994631	-122.373848	-0.424085	-74.129852	0.247597	-119.761934	0.257228	-125.100642	-0.034040
15582.997319	-116.813849	0.422247	-78.897859	0.075333	-121.589443	-0.419675	-114.379790	-0.495104
15625.000007	-121.830691	-0.294382	-75.086499	0.238366	-120.077410	0.277474	-129.741422	0.403825
15667.002696	-127.193684	-0.020641	-89.064706	-0.474122	-122.243485	-0.218979	-130.654213	-0.176383
15709.005384	-118.603291	-0.298700	-73.232990	-0.002300	-119.349828	-0.368315	-120.044473	-0.241533
15751.008072	-117.420990	0.407227	-91.097577	0.475297	-119.841579	0.094749	-123.274551	0.341234
15793.010760	-119.720305	0.321155	-88.377373	0.199599	-124.809256	-0.386889	-144.033277	0.450489
15835.013448	-119.929293	0.299242	-83.400922	0.347919	-146.920634	0.389181	-129.077191	-0.356326
15877.016137	-122.655463	0.443834	-86.158351	-0.082097	-126.298751	0.297379	-128.758033	-0.100952
15919.018825	-125.604404	0.227132	-78.785472	-0.177742	-124.676175	0.253241	-127.472235	0.008597
15961.021513	-133.077392	0.389985	-77.771501	0.371413	-123.472589	0.227703	-126.509559	-0.136930
16003.024201	-120.030697	0.409743	-82.448446	0.168381	-122.266798	0.070630	-122.192095	0.112649
16045.026889	-122.811468	-0.182059	-79.400709	-0.335583	-121.956746	-0.463448	-119.201132	-0.162574
16087.029578	-128.043385	-0.199390	-89.769687	0.376356	-131.711507	0.418487	-120.678139	0.499076
16129.032266	-118.586493	-0.037566	-82.774241	0.358882	-121.288172	-0.136434	-117.355446	-0.402357
16171.034954	-123.069876	0.206583	-76.328280	-0.010626	-123.045873	0.005744	-116.941893	0.491369
16213.037642	-136.331221	0.079743	-77.628448	0.346900	-120.136879	0.252821	-126.017082	-0.016687
16255.040330	-121.273406	0.056983	-82.622239	-0.042212	-128.259284	0.204961	-123.915618	0.160089
16297.043019	-124.579783	0.025894	-77.439232	-0.173227	-117.962954	-0.014423	-125.678464	-0.328808
16339.045707	-137.560666	0.366747	-74.214580	0.007524	-118.568477	-0.150367	-118.496630	-0.052004
16381.048395	-134.560604	-0.279545	-76.727724	-0.357202	-134.667928	-0.013352	-125.364113	-0.067935
16423.051083	-138.395489	0.232099	-87.779783	-0.069100	-134.190271	0.084169	-118.890514	-0.090502
16465.053771	-119.454476	-0.400181	-87.700048	-0.296259	-117.936170	-0.378181	-119.478586	0.309830
16507.056460	-118.735683	-0.191712	-78.299366	0.018171	-124.406523	-0.275561	-122.790784	-0.395319
16549.059148	-119.386247	-0.467595	-73.325694	-0.231730	-122.587892	0.331420	-119.397539	0.451179
16591.061836	-133.524493	-0.026668	-81.760702	-0.085463	-124.312975	-0.043834	-119.672070	-0.304238
16633.064524	-120.127140	0.464713	-80.107006	-0.443251	-129.576978	-0.041467	-117.641524	0.457199
16675.067212	-122.648693	0.328461	-98.939911	-0.468715	-118.810738	0.295426	-120.934367	0.483964
16717.069900	-127.401765	0.165414	-76.712564	0.314938	-125.285540	0.161272	-125.555206	-0.096920
16759.072589	-107.855045	-0.484517	-78.068527	0.038179	-129.066349	-0.156166	-124.316515	0.141857
16801.075277	-124.481519	0.436860	-86.729763	-0.439502	-133.808714	-0.395663	-126.433574	-0.186103
16843.077965	-118.359782	-0.180800	-89.476396	-0.031352	-121.249287	-0.156294	-138.569322	0.412863
16885.080653	-122.518870	0.168059	-77.892678	-0.180964	-127.828881	-0.420945	-129.512515	-0.241619
16927.083341	-120.487170	-0.053126	-87.588760	0.496089	-121.445481	0.187857	-122.282612	-0.221448
16969.086030	-118.108693	0.484367	-83.231855	0.265366	-123.407906	-0.215353	-120.191139	-0.481788
17011.088718	-118.622493	-0.319744	-77.345077	0.405274	-121.728715	-0.372456	-123.328154	-0.410778
17053.091406	-119.731612	-0.299578	-84.920441	-0.021656	-117.952241	0.044843	-116.903233	0.051351
17095.094094	-119.502759	-0.409575	-80.718147	-0.137789	-136.729642	0.097949	-120.476326	0.185345
17137.096782	-123.889602	-0.130445	-88.415274	-0.340761	-126.686384	0.004392	-146.034803	0.496077
17179.099471	-125.641710	0.440687	-86.969105	0.405032	-134.778439	-0.407810	-127.768586	0.318365
17221.102159	-127.042594	0.236946	-86.199191	0.165391	-140.979653	-0.381213	-119.897804	0.286252
17263.104847	-118.698996	0.488872	-93.079330	-0.250638	-124.773629	0.461633	-125.684419	-0.147238
17305.107535	-127.929671	-0.135618	-78.270073	-0.489136	-127.007091	-0.014293	-124.540089	0.006731
17347.110223	-125.183143	-0.329611	-80.746656	0.044615	-134.233950	0.264531	-121.836807	-0.107085
17389.112912	-123.756976	-0.025177	-86.798589	0.297700	-124.403895	-0.493587	-132.432481	-0.193661
17431.115600	-121.798743	-0.060731	-86.657566	0.185098	-120.785496	0.098055	-118.975322	0.196800
17473.118288	-121.863605	-0.448924	-75.917256	0.266342	-120.361228	-0.310215	-120.194598	-0.333498
17515.120976	-119.516573	-0.112068	-71.472751	0.390889	-119.768223	-0.341502	-129.238946	0.274078
17557.123664	-132.051288	0.032073	-92.838164	-0.389782	-116.966481	-0.111313	-136.561775	-0.095134
17599.126353	-124.336612	-0.349803	-78.546905	0.167583	-122.765996	-0.217516	-122.512782	-0.207867
17641.129041	-124.044836	0.282514	-79.881166	0.178043	-135.924512	0.241460	-120.371400	0.323903
17683.131729	-124.434050	0.266237	-76.240034	0.167904	-114.375855	-0.138805	-137.383272	0.136541
17725.134417	-120.673218	0.188116	-82.486746	0.255045	-131.753257	-0.284109	-127.812853	-0.392948
17767.137105	-141.792894	-0.036821	-76.405500	-0.497830	-129.079986	-0.163406	-127.705989	0.361222
17809.139793	-130.419638	0.480867	-88.883932	-0.369785	-125.199552	-0.018184	-122.209452	-0.328932
17851.142482	-125.184721	0.463974	-81.241269	-0.453711	-128.207571	0.184085	-122.715021	0.237697
17893.145170	-127.506534	-0.365539	-81.838909	0.202849	-119.689050	0.193492	-120.727100	0.253643
17935.147858	-117.381520	0.142254	-82.625843	0.224275	-123.487330	-0.013124	-121.107582	0.151833
17977.150546	-126.948431	-0.282750	-83.991514	-0.429413	-133.334804	-0.295257	-128.063529	-0.387605
18019.153234	-129.548736	0.044070	-84.348167	0.360944	-117.835059	-0.459803	-124.786064	0.301652
18061.155923	-128.631525	0.256357	-79.148620	0.199877	-126.803355	0.051825	-131.478237	-0.469826
18103.158611	-120.192428	0.191464	-78.021304	0.166376	-126.459701	0.340435	-123.683258	0.414280
18145.161299	-120.538136	0.363063	-81.112581	0.027900	-117.986703	0.119892	-125.520619	0.235551
18187.163987	-121.425110	-0.490677	-88.009006	-0.479344	-126.870928	-0.114260	-120.337532	0.152424
18229.166675	-121.203761	-0.429126	-81.924537	-0.409727	-128.060544	0.496580	-127.364192	-0.257643
18271.169364	-126.082563	0.491671	-78.563812	-0.100964	-121.244781	0.241893	-115.586872	0.295321
18313.172052	-128.767102	0.392734	-77.131721	0.165150	-125.994238	-0.189028	-125.171264	-0.122765
18355.174740	-129.602916	-0.103443	-85.631063	0.161358	-124.084889	0.336890	-124.396642	-0.001406
18397.177428	-118.749492	0.283210	-78.867052	0.122775	-118.520802	-0.245023	-132.517717	0.026623
18439.180116	-120.150182	0.233913	-82.959628	-0.053336	-115.820648	0.293955	-120.256054	0.318322
18481.182805	-123.929510	0.083056	-88.818301	0.024885	-135.641279	0.493431	-117.537789	0.198812
18523.185493	-122.852649	-0.153969	-79.149629	0.337282	-122.818473	-0.089301	-130.001027	-0.316374
18565.188181	-147.442539	0.015084	-82.115179	0.134949	-126.229678	-0.061785	-121.991052	0.124220
18607.190869	-124.297784	0.238364	-84.904022	0.043311	-120.582820	-0.081671	-127.002468	0.341158
18649.193557	-124.228387	-0.377130	-96.215934	-0.284288	-126.764097	0.216800	-131.989257	-0.429944
18691.196246	-120.671841	-0.213651	-88.064605	-0.118912	-125.101468	-0.339126	-129.574202	-0.351405
18733.198934	-134.709065	-0.173863	-79.154140	-0.345040	-118.983644	-0.287721	-122.915351	-0.124788
18775.201622	-124.047477	0.167128	-75.371387	0.007580	-126.147654	0.446720	-127.954552	0.495022
18817.204310	-120.437913	0.101585	-84.420105	0.261487	-126.425073	-0.181489	-123.695148	-0.307819
18859.206998	-118.815680	0.174465	-81.898938	0.421696	-125.725039	0.052311	-120.695650	0.180445
18901.209686	-122.889879	0.200416	-83.391704	-0.172853	-121.637230	-0.276648	-127.580766	0.096340
18943.212375	-124.366327	-0.127418	-85.136358	-0.205095	-124.869467	-0.412307	-128.684992	-0.054490
18985.215063	-117.374158	-0.385354	-85.899643	0.367436	-118.249148	-0.305228	-121.157105	-0.045664
19027.217751	-120.483345	0.285415	-84.099371	0.310491	-135.332466	-0.332703	-127.841494	-0.355792
19069.220439	-132.810962	0.097535	-85.125418	-0.065850	-124.345851	0.358928	-129.690528	-0.391615
19111.223127	-119.213788	-0.010237	-79.645144	0.314116	-120.297933	-0.207242	-123.482555	-0.394363
19153.225816	-111.216121	-0.141171	-74.375126	-0.424802	-117.084064	0.229753	-120.181434	0.009795
19195.228504	-126.972468	0.142475	-102.631918	-0.323826	-135.334808	0.191126	-129.296352	0.490401
19237.231192	-122.612780	-0.071615	-84.115178	-0.224675	-120.622843	-0.003171	-117.090091	-0.097264
19279.233880	-122.567224	0.481552	-89.829761	-0.034666	-123.838171	-0.356895	-136.171874	-0.145121
19321.236568	-118.340551	0.220278	-83.824174	0.021972	-130.948771	-0.045274	-123.908663	0.079529
19363.239257	-120.821831	-0.143345	-78.137446	0.199848	-118.976651	-0.390953	-126.059305	-0.174539
19405.241945	-118.010843	-0.249038	-100.854235	0.246151	-124.206527	0.190269	-124.659466	-0.232873
19447.244633	-119.018957	-0.141094	-78.194363	0.048531	-121.639970	-0.394541	-126.547701	-0.323945
19489.247321	-129.019856	-0.162460	-81.713342	-0.015302	-117.934029	-0.448594	-121.068049	0.309605
19531.250009	-128.546375	0.285674	-85.030277	0.134013	-118.074933	0.059951	-117.383769	0.043251
19573.252698	-117.688374	0.224048	-73.916883	-0.400886	-131.188247	-0.411733	-120.042209	0.122758
19615.255386	-121.373234	-0.496487	-74.185268	0.454062	-130.952832	0.213447	-142.550088	0.479555
19657.258074	-126.714428	0.034567	-81.588950	0.234790	-120.092110	-0.081850	-120.681048	-0.094744
19699.260762	-114.163264	-0.117599	-83.469106	-0.383121	-119.147610	-0.123668	-119.248411	-0.004791
19741.263450	-130.313694	0.283227	-83.899501	0.217080	-124.319769	-0.418772	-122.692282	0.234292
19783.266139	-132.178102	-0.357739	-80.538435	-0.113426	-121.317515	0.278543	-123.591144	0.237890
19825.268827	-125.848221	-0.031088	-74.721356	-0.205119	-128.631530	0.076123	-126.386674	0.459838
19867.271515	-121.232507	0.372614	-78.669303	0.033771	-132.114962	0.259916	-118.305076	0.178028
19909.274203	-123.591727	0.443568	-80.124632	0.138966	-121.815195	-0.023286	-124.580121	0.350676
19951.276891	-126.052334	0.490871	-79.652636	0.303952	-124.477972	-0.300412	-120.187362	0.327857
19993.279579	-119.087899	0.378670	-87.153945	-0.006867	-142.347913	-0.260842	-125.776633	0.478851
20035.282268	-136.705880	-0.155455	-75.631567	-0.184089	-132.035354	-0.027329	-125.503783	-0.246377
20077.284956	-125.888065	0.436154	-87.219473	-0.016481	-147.983247	-0.359990	-128.190355	0.275035
20119.287644	-127.177939	0.385030	-87.047852	0.278285	-124.104971	-0.330614	-119.773942	-0.381374
20161.290332	-132.475030	0.224829	-82.791665	-0.022720	-120.787495	-0.436981	-123.099400	-0.482353
20203.293020	-122.755430	0.174850	-89.178544	0.080244	-124.981476	-0.410696	-129.046595	0.227571
20245.295709	-116.507229	-0.498846	-84.923495	-0.453508	-124.658537	0.366274	-133.183290	0.401410
20287.298397	-123.523508	0.122287	-78.921551	-0.443400	-124.032267	-0.053084	-122.997478	0.061400
20329.301085	-118.931860	-0.420677	-80.256425	0.026852	-129.484343	0.199035	-126.790506	0.336948
20371.303773	-116.827602	0.060516	-80.603054	-0.022459	-118.656710	0.084477	-127.973096	-0.140732
20413.306461	-123.238466	-0.118273	-87.586297	-0.487235	-123.367762	-0.499501	-121.461832	-0.309107
20455.309150	-128.690068	-0.457869	-96.147112	0.137456	-121.044812	-0.304234	-124.926240	0.267879
20497.311838	-129.170470	-0.005321	-80.216529	-0.403917	-131.904313	-0.243694	-119.913318	-0.216272
20539.314526	-123.237222	-0.450805	-78.539019	0.407373	-125.188785	0.232567	-132.515790	0.478853
20581.317214	-128.182757	0.078498	-79.872268	0.239296	-139.053328	0.338486	-126.017189	-0.299842
20623.319902	-126.569488	-0.377668	-87.572771	-0.160750	-122.135303	0.429156	-128.381230	0.180623
20665.322591	-131.242017	0.288707	-76.451545	-0.416361	-124.738323	-0.248883	-122.661247	0.345389
20707.325279	-121.627517	-0.110484	-82.844531	-0.278895	-133.876192	-0.460704	-122.256326	0.096279
20749.327967	-131.166133	-0.350049	-84.373418	-0.435796	-119.531172	-0.122672	-123.856423	-0.416066
20791.330655	-122.704711	-0.243621	-89.241165	0.248873	-122.188025	0.034048	-126.863291	0.303963
20833.333343	-121.989897	-0.277715	-88.428426	-0.361800	-121.118192	0.106980	-122.996285	0.293194
20875.336032	-122.588056	-0.416946	-90.603976	0.155043	-129.719813	-0.421963	-127.573225	-0.445581
20917.338720	-125.253662	0.474393	-79.003355	-0.286352	-129.296600	0.213544	-123.482886	0.487676
20959.341408	-128.890106	-0.064378	-82.829543	0.261048	-119.170366	0.068673	-122.507477	-0.023832
21001.344096	-121.758018	0.086499	-87.157582	0.091993	-127.582760	-0.066923	-127.219626	0.418361
21043.346784	-122.435089	0.370139	-82.337246	0.436325	-122.662165	-0.150431	-125.380306	-0.076765
21085.349472	-124.290828	-0.135910	-82.983091	0.357124	-120.510744	-0.338800	-124.079051	0.251419
21127.352161	-128.827185	0.434611	-81.458362	-0.055222	-116.562964	0.385600	-123.174786	-0.278152
21169.354849	-124.276737	0.427895	-88.573899	0.366091	-127.936905	-0.417373	-121.238449	0.257335
21211.357537	-117.924026	0.362887	-87.127491	0.064676	-123.221995	0.217719	-134.875981	0.024599
21253.360225	-136.204565	-0.284506	-86.079539	0.174077	-125.576196	0.131116	-149.961410	0.485337
21295.362913	-124.454351	-0.434937	-79.244114	-0.360841	-122.762372	-0.486474	-124.095961	0.456383
21337.365602	-123.556311	0.476242	-77.454411	-0.417435	-138.417218	-0.055163	-131.529715	0.015315
21379.368290	-129.635552	-0.409231	-84.399601	-0.443818	-126.118700	0.082998	-124.717415	-0.198882
21421.370978	-122.933965	0.475162	-80.367499	0.262934	-115.350426	0.499708	-119.036871	-0.427196
21463.373666	-133.636334	0.417351	-79.404645	-0.216576	-124.219403	-0.279567	-121.639424	0.434129
21505.376354	-124.497973	0.259119	-76.985947	0.148549	-128.442490	-0.363775	-127.889465	0.171024
21547.379043	-122.484621	-0.364536	-80.097078	-0.197089	-124.693884	0.293042	-121.772716	0.418560
21589.381731	-122.832629	-0.110674	-85.365727	-0.445280	-125.915266	0.016648	-124.152115	-0.300592
21631.384419	-125.184887	-0.182437	-84.641548	0.143826	-124.664233	-0.360262	-126.908222	-0.098384
21673.387107	-120.824966	-0.370275	-83.006616	-0.330877	-120.614872	0.472988	-122.823932	0.265696
21715.389795	-132.030082	0.144163	-76.417304	0.071577	-120.336127	0.424661	-123.286320	0.050913
21757.392484	-126.764330	0.029284	-80.123808	-0.115142	-118.396786	-0.088705	-126.450137	-0.087072
21799.395172	-119.185068	0.247126	-85.276165	0.235763	-130.790167	0.173411	-120.330809	-0.428316
21841.397860	-122.415794	-0.241926	-82.002826	0.440805	-121.249948	-0.293420	-124.178617	-0.072221
21883.400548	-130.851185	-0.470650	-88.160200	0.365586	-124.776876	-0.315504	-124.198475	-0.402779
21925.403236	-118.982838	-0.233134	-81.890719	0.345443	-119.793678	-0.492931	-123.609541	-0.415486
21967.405924	-135.574300	-0.194520	-79.623982	0.050889	-117.108911	-0.219110	-118.363928	-0.354262
22009.408613	-117.837244	0.432703	-88.597787	0.293095	-117.535246	-0.490460	-132.338399	-0.437499
22051.411301	-123.522138	-0.410803	-84.318233	-0.331514	-126.960635	0.249571	-124.771738	0.221098
22093.413989	-124.091719	0.044667	-84.762842	0.191659	-120.623179	-0.427485	-122.371510	-0.496471
22135.416677	-128.632483	-0.400801	-84.725632	-0.170865	-129.750680	0.215825	-119.250038	0.271181
22177.419365	-118.039946	0.001974	-88.111268	0.428420	-121.855121	-0.475291	-121.007942	0.349678
22219.422054	-146.045475	0.380777	-82.191933	-0.110945	-121.466016	-0.437066	-133.979014	0.104115
22261.424742	-125.599083	-0.045985	-82.218442	-0.256714	-116.133959	-0.214982	-131.766239	0.132940
22303.427430	-129.825068	0.430578	-89.106010	-0.346458	-121.071904	-0.153332	-120.640222	-0.115955
22345.430118	-122.333789	0.035539	-83.583663	0.365918	-122.977260	-0.356865	-131.922817	0.349049
22387.432806	-120.780778	-0.140588	-82.937141	0.274640	-118.754342	-0.041081	-124.781858	-0.274535
22429.435495	-125.210657	-0.137200	-83.833898	-0.112960	-125.758227	0.139760	-119.303343	0.142150
22471.438183	-118.521463	0.132861	-80.519058	-0.052065	-129.041723	0.145694	-128.051014	0.228931
22513.440871	-121.193644	-0.259934	-95.075467	-0.361397	-128.812801	-0.323224	-122.895407	-0.413795
22555.443559	-123.583094	-0.224804	-82.658125	0.206104	-121.652421	-0.295011	-122.133600	-0.177688
22597.446247	-122.744514	0.196055	-87.098978	-0.496474	-131.111279	-0.340961	-122.024226	-0.052662
22639.448936	-126.279873	0.440049	-77.028567	-0.058331	-143.310017	0.445282	-119.556574	0.132772
22681.451624	-117.931122	0.346928	-87.093734	-0.458969	-129.446005	0.331630	-120.131996	0.121992
22723.454312	-126.280280	-0.135418	-82.695103	0.403125	-125.043227	0.038992	-135.721497	-0.433164
22765.457000	-125.900593	0.410158	-80.126259	0.004654	-126.192052	-0.474238	-130.622155	-0.096441
22807.459688	-123.845196	-0.405780	-83.627115	0.073205	-133.510533	0.034105	-127.265827	0.448640
22849.462377	-121.819753	-0.307938	-80.736198	0.460301	-119.883383	0.158646	-126.898047	-0.384531
22891.465065	-121.353366	-0.159928	-77.880865	0.184186	-121.816773	-0.003458	-118.877437	-0.118852
22933.467753	-129.590666	-0.036226	-88.455143	-0.399386	-125.827741	-0.225278	-130.101357	0.401139
22975.470441	-126.024458	0.410113	-79.739989	-0.167571	-130.467538	-0.186067	-132.568634	-0.370143
23017.473129	-122.310427	-0.292029	-78.882463	0.079299	-144.639602	-0.210912	-121.139941	-0.335434
23059.475817	-137.198350	0.357010	-85.885810	0.409071	-121.709730	0.032772	-118.316649	0.376567
23101.478506	-123.587019	0.149540	-83.456258	-0.380514	-119.726988	0.021194	-122.843880	0.225888
23143.481194	-117.002749	0.338185	-78.841606	-0.013871	-131.274979	-0.114632	-119.807236	0.286335
23185.483882	-119.963018	0.149642	-84.849352	-0.351002	-122.949334	0.337604	-120.585728	-0.455186
23227.486570	-121.292115	-0.252081	-78.574798	-0.406483	-127.088518	-0.364361	-132.544775	0.383715
23269.489258	-119.151709	-0.148917	-86.496979	0.269969	-122.029830	0.182875	-121.888421	-0.161833
23311.491947	-131.347950	-0.220322	-83.720610	-0.317649	-124.280221	0.064244	-118.842989	0.249841
23353.494635	-116.952684	-0.143009	-84.895877	0.495758	-124.773027	0.188918	-124.550557	0.266161
23395.497323	-122.861153	-0.492423	-80.482542	0.274649	-122.901834	0.251388	-128.002080	-0.035646
23437.500011	-139.951378	0.376210	-84.005135	-0.125346	-120.894608	-0.402532	-132.729812	-0.075460
23479.502699	-119.235425	0.111299	-90.893221	0.314011	-124.711974	-0.429263	-123.294486	-0.042232
23521.505388	-128.870757	-0.388539	-95.910155	-0.350383	-129.934000	-0.424608	-122.583492	0.206279
23563.508076	-129.811368	-0.033089	-87.572603	0.446791	-129.535099	-0.247110	-120.010444	-0.285782
23605.510764	-121.971053	-0.491941	-86.686850	0.115271	-118.811751	0.093715	-117.427682	-0.074545
23647.513452	-120.355527	-0.000666	-83.195408	0.170873	-121.146571	0.397830	-128.350734	0.312040
23689.516140	-121.717896	0.149303	-86.574958	0.132485	-117.214065	0.008629	-127.166458	-0.398895
23731.518829	-123.037773	-0.491257	-88.297633	-0.057566	-128.550344	0.402319	-136.050914	0.204939
23773.521517	-116.802722	0.270717	-86.802821	0.350059	-120.160447	0.293728	-129.065951	0.229458
23815.524205	-117.060909	0.381064	-82.861190	-0.282427	-119.632030	0.389818	-125.345144	-0.369423
23857.526893	-122.423755	0.194020	-86.163052	0.196656	-126.075675	0.082297	-142.552268	0.404749
23899.529581	-121.845651	-0.394283	-83.533840	0.052883	-130.548263	-0.219329	-118.320948	0.413531
23941.532270	-106.462927	-0.077445	-84.512474	-0.011435	-120.970522	0.162722	-119.513373	0.097464
23983.534958	-128.202022	0.085536	-80.647210	0.096397	-130.889123	0.143776	-125.300127	0.477178
24025.537646	-120.639296	-0.495262	-85.444050	0.363184	-128.050700	-0.415159	-123.239411	-0.448159
24067.540334	-122.266387	-0.339393	-98.849277	-0.174346	-131.762197	0.361108	-129.262578	-0.133209
24109.543022	-120.047371	-0.494405	-89.077587	-0.441789	-121.262727	-0.299622	-122.266712	-0.415591
24151.545710	-125.064744	0.335934	-80.961370	0.229396	-133.570651	-0.131064	-125.905211	0.396232
24193.548399	-121.235845	0.429639	-87.831298	0.013650	-118.720020	-0.375027	-134.545005	0.228875
24235.551087	-119.765919	-0.104052	-90.330843	0.128263	-126.219246	-0.386061	-124.081197	-0.321701
24277.553775	-127.997527	-0.030543	-102.750581	-0.080044	-119.165393	-0.055542	-121.788409	0.445895
24319.556463	-125.261959	0.457948	-88.099798	0.481721	-118.107092	0.188465	-121.198732	-0.301467
24361.559151	-124.900979	-0.322874	-82.586695	-0.187047	-123.704563	-0.429077	-119.389794	0.403350
24403.561840	-117.707968	0.355696	-80.616064	0.318459	-123.755286	0.083945	-125.792620	0.383506
24445.564528	-119.875332	-0.299634	-80.978814	0.119113	-124.111196	-0.448194	-121.295997	-0.236749
24487.567216	-121.960418	0.034155	-88.019081	0.038660	-120.411492	-0.189229	-122.843317	-0.040589
24529.569904	-132.169289	0.042699	-93.363629	0.272307	-123.213211	-0.357890	-117.138965	-0.146141
24571.572592	-126.675572	0.457986	-100.514418	-0.452706	-122.248693	-0.198983	-118.421873	0.407416
24613.575281	-128.006758	-0.299213	-79.866781	4.139816E-5	-123.768762	0.318199	-122.442896	0.156453
24655.577969	-132.279927	-0.376056	-79.193037	-0.460161	-122.934290	0.314809	-124.417179	0.199661
24697.580657	-126.436038	-0.022186	-80.071156	-0.052276	-118.509930	0.131978	-124.503144	0.388183
24739.583345	-120.469606	0.406071	-76.961269	-0.130449	-136.506213	0.442354	-125.956398	0.421877
24781.586033	-126.067777	0.441626	-96.517772	-0.253456	-119.970853	0.447208	-119.048116	-0.324707
24823.588722	-129.141707	0.166359	-83.086731	0.003636	-123.887222	-0.099556	-131.474602	-0.459908
24865.591410	-129.926792	0.184501	-80.059089	-0.398797	-127.620235	-0.487136	-129.522534	0.096581
24907.594098	-127.008669	0.153094	-84.697049	-0.458272	-126.485404	-0.425224	-131.341227	0.122714
24949.596786	-116.651277	-0.002438	-76.674676	-0.238459	-122.372888	-0.451070	-140.225538	-0.430826
24991.599474	-127.655914	0.435780	-84.413676	0.389818	-125.998434	0.123166	-129.591246	0.481031
25033.602163	-120.553333	-0.132298	-82.196790	-0.084541	-119.590137	-0.047615	-131.969130	0.160359
25075.604851	-124.713994	-0.270117	-85.557457	-0.097070	-121.538926	-0.339266	-124.566173	-0.343885
25117.607539	-120.587740	-0.145974	-91.413301	0.104631	-123.103365	-0.035858	-125.991029	0.215745
25159.610227	-133.666582	-0.149832	-79.393174	-0.008811	-122.259408	-0.297358	-124.674575	-0.480344
25201.612915	-131.274432	0.098062	-89.310999	0.256131	-119.783301	0.048847	-120.477090	-0.430458
25243.615603	-120.542049	-0.428962	-80.775256	-0.337093	-121.442374	-0.025962	-117.669968	-0.195984
25285.618292	-123.766066	0.354208	-91.135758	0.325055	-121.649656	0.299382	-119.044481	-0.484086
25327.620980	-125.510945	-0.158459	-89.908164	0.171978	-120.848550	-0.424088	-126.488892	0.052852
25369.623668	-135.029839	-0.378310	-82.010650	-0.201858	-118.714126	0.405807	-135.916987	-0.092334
25411.626356	-119.849189	-0.438216	-80.617800	-0.096533	-121.782816	-0.499333	-123.091963	-0.225752
25453.629044	-118.176540	0.080069	-83.633902	-0.112530	-137.343157	-0.088789	-122.530801	0.138731
25495.631733	-122.227766	0.347335	-79.187111	0.223582	-124.752136	-0.119300	-123.179597	-0.237169
25537.634421	-144.422820	-0.089271	-94.684181	-0.111704	-121.126406	0.481773	-123.632955	0.334939
25579.637109	-134.209176	0.487801	-92.321461	-0.126600	-134.269078	-0.499836	-121.155904	0.339554
25621.639797	-121.631113	-0.196195	-78.841795	-0.429829	-126.677071	-0.158742	-122.154073	-0.366915
25663.642485	-123.869146	0.177493	-83.049145	0.200764	-123.549923	0.393837	-124.909608	0.122153
25705.645174	-120.087608	0.079814	-80.771957	-0.410770	-120.102720	-0.212333	-125.291173	0.413822
25747.647862	-123.761637	0.228149	-78.888745	0.464433	-130.505688	-0.254064	-126.202275	0.390140
25789.650550	-131.986966	0.036159	-85.853893	0.244332	-125.701036	-0.481762	-124.345345	0.041909
25831.653238	-134.030008	0.432354	-90.481909	0.455235	-133.981392	0.111213	-133.481336	-0.192276
25873.655926	-124.601420	0.045166	-84.673870	0.217323	-127.467948	0.340326	-122.559093	-0.036960
25915.658615	-124.663024	-0.250249	-84.244630	-0.284527	-137.087572	-0.148910	-120.343307	0.053913
25957.661303	-126.196163	0.265544	-84.680561	0.070441	-124.476454	0.460049	-131.793677	-0.071148
25999.663991	-119.491104	-0.225340	-85.601625	0.352978	-122.890349	-0.228344	-124.737685	-0.235075
26041.666679	-126.419045	-0.377338	-78.260940	0.220334	-128.337767	-0.360535	-120.795971	0.045467
26083.669367	-121.439320	0.189814	-79.263574	0.352082	-116.711977	0.208282	-118.944368	0.306045
26125.672056	-119.284562	0.035993	-83.945328	-0.042883	-127.025581	-0.152382	-124.013839	0.240363
26167.674744	-133.951994	-0.306869	-89.477837	0.123003	-131.607340	-0.362124	-122.175286	-0.116150
26209.677432	-126.517395	0.376667	-86.302493	-0.257597	-121.375521	0.022269	-131.009219	-0.000126
26251.680120	-125.255183	-0.275894	-89.092161	-0.227468	-125.851629	-0.379174	-120.843621	0.304468
26293.682808	-120.008831	0.170948	-82.433942	-0.212918	-124.195680	0.378906	-120.142605	0.261535
26335.685496	-114.134900	0.200753	-77.690767	0.277156	-124.895082	0.411577	-133.098731	-0.218093
26377.688185	-125.725883	-0.495968	-88.892023	0.245340	-116.658672	-0.168891	-119.455587	0.121232
26419.690873	-124.378718	0.345549	-80.907268	-0.080214	-123.131541	-0.120226	-135.316828	-0.311629
26461.693561	-118.685204	0.492091	-91.085959	0.014217	-124.768134	0.398176	-124.202101	0.424574
26503.696249	-127.319591	0.301466	-81.171980	-0.062986	-133.377531	0.226426	-123.929027	-0.486390
26545.698937	-125.644037	0.173878	-83.132011	0.168105	-120.419716	-0.256279	-123.931091	0.453557
26587.701626	-124.704904	0.325672	-95.916964	-0.343653	-120.715541	0.128589	-124.643999	-0.263213
26629.704314	-127.252709	-0.022936	-93.843060	-0.404247	-131.442763	0.073853	-125.864033	-0.209090
26671.707002	-131.155556	-0.241544	-77.766344	0.428566	-123.847635	-0.238559	-129.557668	-0.411772
26713.709690	-127.811325	0.004806	-83.599345	0.405016	-123.932287	-0.246105	-122.564240	0.232551
26755.712378	-124.639811	-0.164422	-81.384985	0.189006	-127.510967	-0.190303	-123.193158	-0.463579
26797.715067	-132.062590	-0.017372	-85.757870	-0.314044	-119.808816	0.398909	-130.290040	-0.252195
26839.717755	-119.131949	-0.080143	-75.936408	-0.441901	-121.694065	0.321012	-124.448024	0.055544
26881.720443	-118.361750	-0.114735	-81.737016	-0.425874	-117.434455	0.343354	-132.963266	-0.060198
26923.723131	-126.569957	-0.439965	-81.358911	0.372390	-125.629588	-0.236826	-129.996237	0.477913
26965.725819	-126.882689	0.362574	-83.091042	0.061017	-128.284911	-0.424368	-121.397039	-0.110813
27007.728508	-121.362339	0.379987	-84.206243	0.225349	-121.226451	-0.012315	-125.436868	-0.246230
27049.731196	-116.784572	-0.408241	-83.662972	-0.207648	-116.473855	0.147368	-119.601231	0.339675
27091.733884	-120.741684	-0.277000	-85.464328	0.049816	-124.840685	0.339556	-123.792295	-0.410813
27133.736572	-116.612114	-0.000712	-108.304434	0.489571	-123.727937	0.326678	-123.504939	-0.215543
27175.739260	-123.233636	0.266019	-84.226322	0.436388	-131.968139	0.050981	-127.730041	-0.025595
27217.741949	-120.119398	0.029975	-84.762272	-0.343897	-124.718619	-0.184598	-132.989900	-0.035145
27259.744637	-131.103301	0.049354	-84.447753	0.289170	-126.782537	0.186314	-133.723749	0.318935
27301.747325	-130.971312	0.425740	-82.557240	-0.295285	-133.441685	0.392946	-118.287050	0.427622
27343.750013	-120.105874	-0.011343	-87.820272	-0.088230	-125.258063	0.148886	-131.562927	-0.114498
27385.752701	-123.092383	0.443087	-79.508406	0.278088	-126.817339	0.067944	-130.966193	-0.447942
27427.755389	-119.952067	-0.417187	-100.451261	-0.046071	-130.571219	0.135981	-121.439090	-0.471521
27469.758078	-117.328154	-0.161773	-88.861932	-0.349085	-118.026001	-0.121481	-128.074960	0.435404
27511.760766	-122.249232	-0.078695	-88.084204	-0.099582	-119.927834	0.327175	-118.306157	0.492877
27553.763454	-123.096881	0.403808	-92.107029	0.147061	-120.835325	0.225298	-129.835128	0.326841
27595.766142	-121.635183	-0.298755	-95.507137	0.024572	-120.952050	-0.316124	-129.343786	0.246733
27637.768830	-120.612875	0.312681	-95.045183	-0.200203	-121.587883	0.126549	-136.521539	0.321829
27679.771519	-120.904686	0.389356	-85.332015	0.474522	-120.593598	0.076377	-120.476296	-0.094309
27721.774207	-142.370841	0.393784	-86.581670	0.341170	-127.145471	-0.063863	-119.057246	-0.402493
27763.776895	-119.010203	-0.027984	-86.450287	-0.359566	-119.828147	0.398622	-122.960456	0.107559
27805.779583	-123.773757	0.002603	-88.125491	0.015510	-121.672756	-0.180521	-120.136772	0.026593
27847.782271	-125.729027	0.459684	-78.734206	-0.471830	-125.139589	-0.441777	-116.239042	-0.451229
27889.784960	-130.652211	-0.406465	-93.741102	0.067753	-128.226846	-0.427039	-147.759103	-0.206935
27931.787648	-119.687724	-0.175134	-88.807638	-0.397547	-124.880127	-0.243040	-134.832092	0.165509
27973.790336	-122.381819	0.349240	-89.673102	-0.419104	-115.466994	0.336111	-118.821393	0.396064
28015.793024	-119.424995	-0.451259	-86.714851	0.107255	-123.860476	-0.377176	-126.774634	-0.281363
28057.795712	-126.786526	-0.430571	-88.429515	0.150919	-123.147753	0.226783	-119.601853	0.425834
28099.798401	-129.559156	0.239741	-113.332481	-0.018103	-123.152562	-0.123087	-115.758611	-0.253581
28141.801089	-118.423632	0.174741	-85.436512	0.482334	-121.998321	0.097675	-126.798028	0.056843
28183.803777	-119.172688	0.264144	-90.154566	-0.201203	-119.722447	0.029692	-125.342872	0.126048
28225.806465	-118.787528	0.015544	-83.111337	-0.089037	-119.072397	0.015306	-126.715610	0.058138
28267.809153	-122.364020	-0.182283	-92.816213	-0.289994	-117.715582	0.499010	-127.067671	-0.332617
28309.811842	-129.066287	-0.367030	-86.652981	-0.133162	-123.232401	-0.280729	-119.166536	-0.354269
28351.814530	-140.713578	-0.209233	-89.534459	0.386870	-130.506509	0.427226	-122.401866	-0.005674
28393.817218	-127.824272	-0.003766	-93.136001	0.011518	-119.656007	0.481745	-117.740506	0.335242
28435.819906	-127.677886	-0.417893	-88.681435	-0.334542	-122.105004	-0.001973	-131.338655	-0.305952
28477.822594	-121.201666	0.323312	-82.630410	0.434686	-134.077693	0.307225	-126.143792	0.150488
28519.825282	-128.875153	0.071823	-94.188237	-0.429482	-128.086040	-0.191942	-129.983936	0.067743
28561.827971	-126.419797	-0.245238	-85.502299	0.028138	-119.987509	-0.273222	-123.080595	-0.205205
28603.830659	-125.682540	0.458178	-80.653258	0.446361	-128.381577	0.430338	-113.810710	-0.341915
28645.833347	-127.559164	-0.155929	-90.854646	-0.408331	-130.358985	-0.344015	-127.858921	-0.485627
28687.836035	-120.693968	0.166070	-81.343741	0.116446	-122.743260	0.202610	-132.095312	-0.228797
28729.838723	-108.665659	0.018363	-85.421251	-0.354223	-119.393600	0.072958	-120.992129	0.079337
28771.841412	-117.128671	-0.000745	-82.841005	0.297914	-127.511704	-0.273774	-127.917834	0.335483
28813.844100	-124.549676	0.280981	-88.216229	-0.293771	-119.293975	0.196665	-132.039929	0.402754
28855.846788	-124.753282	-0.235904	-103.651696	-0.329259	-128.631770	0.162248	-129.315559	0.215726
28897.849476	-120.066007	0.488137	-85.546801	-0.178720	-128.022633	-0.432892	-116.565882	0.444022
28939.852164	-134.125258	-0.284293	-93.948118	-0.395196	-119.567831	-0.486736	-122.447185	0.308266
28981.854853	-122.212559	0.421041	-83.312034	0.459220	-129.027439	-0.228917	-123.661444	0.451107
29023.857541	-117.691076	-0.043192	-87.244627	-0.110396	-121.770220	-0.095762	-129.504376	-0.004540
29065.860229	-118.650924	0.322100	-83.269988	-0.408250	-130.925461	0.001407	-124.045027	0.139484
29107.862917	-123.725906	-0.099113	-112.950312	0.160928	-125.154949	-0.316547	-123.963503	-0.173657
29149.865605	-122.083416	0.338449	-88.869868	0.460491	-127.937198	-0.347979	-124.604974	-0.010099
29191.868294	-120.352608	0.372364	-92.304714	-0.104798	-121.203113	0.340414	-124.343282	-0.019470
29233.870982	-136.413636	-0.441395	-88.472093	0.260573	-123.035154	-0.153366	-122.359037	-0.087557
29275.873670	-132.656214	0.236403	-90.180823	-0.337942	-118.140116	0.162449	-120.426213	-0.018499
29317.876358	-125.797672	0.183468	-83.256033	0.396345	-122.237238	0.033169	-126.543274	-0.262830
29359.879046	-125.818057	0.276788	-77.732714	0.221135	-119.703441	0.237967	-119.402682	0.251196
29401.881735	-121.795310	0.289493	-82.642654	-0.040585	-125.471247	0.249639	-122.888729	0.484678
29443.884423	-125.247392	0.015982	-90.334584	0.284281	-118.250726	0.357023	-125.044586	0.078582
29485.887111	-119.879398	-0.007498	-83.910046	0.048541	-122.387752	0.220161	-131.114779	0.381339
29527.889799	-116.055540	0.203331	-85.453411	0.371537	-124.815696	-0.257008	-118.829735	0.092788
29569.892487	-124.835017	0.119791	-85.192139	-0.423618	-119.423581	-0.067551	-133.853496	0.473225
29611.895175	-122.515873	-0.092694	-84.863405	-0.055806	-124.987381	0.110595	-134.336049	0.384704
29653.897864	-117.307212	0.251283	-82.943553	0.005950	-120.229414	0.111529	-115.130057	-0.172095
29695.900552	-128.970182	0.184281	-102.916349	-0.487639	-129.657699	-0.041603	-133.259071	-0.102086
29737.903240	-121.584735	-0.334615	-96.795500	-0.083788	-124.781866	-0.149440	-120.489488	-0.027582
29779.905928	-121.216819	-0.022640	-86.257248	0.387062	-124.563884	0.485356	-121.541538	0.199311
29821.908616	-119.189792	-0.207509	-90.526645	-0.401184	-133.541665	0.281786	-117.931105	0.374159
29863.911305	-121.001176	0.439749	-99.179604	0.384738	-125.730966	0.453659	-126.585087	0.433592
29905.913993	-118.765756	0.291923	-87.926703	-0.210671	-124.673766	0.281462	-132.757227	0.422988
29947.916681	-130.119107	-0.139086	-86.467162	-0.074537	-123.688332	-0.410325	-123.228649	-0.396619
29989.919369	-123.981842	0.184028	-93.858358	-0.005693	-120.006892	0.060804	-126.518592	-0.048036
30031.922057	-122.341578	0.269255	-84.089809	0.212371	-127.694148	-0.435672	-118.353827	-0.127218
30073.924746	-124.024833	0.066577	-83.983302	-0.494687	-125.841550	-0.451771	-120.828292	0.130112
30115.927434	-121.493857	0.049320	-90.154313	0.038551	-120.779159	0.096693	-121.831400	-0.043457
30157.930122	-117.244149	-0.391712	-94.325410	-0.191333	-122.443137	-0.255663	-117.299834	-0.332519
30199.932810	-146.118512	-0.364335	-85.371848	-0.322666	-125.070073	-0.246045	-132.147154	-0.068642
30241.935498	-114.572092	-0.277514	-95.425865	0.387864	-126.894364	-0.305512	-120.208916	-0.075200
30283.938187	-124.074036	-0.365586	-86.341007	0.146555	-121.839309	-0.436455	-135.288526	0.162592
30325.940875	-131.084266	-0.046175	-91.863927	-0.195718	-126.245568	-0.310481	-128.056157	-0.086388
30367.943563	-117.343165	-0.353019	-87.274372	-0.137768	-120.843197	0.108434	-124.940494	0.182948
30409.946251	-129.900003	-0.041680	-85.583578	0.309401	-123.106607	0.280801	-131.586415	-0.146449
30451.948939	-127.565610	0.274312	-87.385205	0.414196	-126.300769	0.421178	-121.315216	0.112803
30493.951628	-120.710763	0.425968	-83.616488	-0.132215	-119.657703	0.096800	-124.005367	0.059721
30535.954316	-127.671263	0.454456	-88.082682	0.441477	-126.113963	-0.010295	-124.635557	0.245605
30577.957004	-116.597088	-0.033523	-105.569622	-0.223322	-125.048499	-0.087826	-119.468776	-0.002385
30619.959692	-122.360147	0.320836	-92.008764	0.186136	-131.207766	-0.002552	-140.743374	-0.315543
30661.962380	-120.005996	0.283286	-91.271493	0.409714	-131.930891	0.021595	-121.306284	0.184898
30703.965068	-124.235498	-0.141646	-84.660109	-0.247556	-126.697310	-0.015738	-127.113723	-0.182278
30745.967757	-123.159254	0.397288	-86.446388	0.362043	-131.389223	0.386997	-128.703789	0.304110
30787.970445	-130.366106	0.398437	-89.699648	-0.442104	-132.704277	0.399949	-121.723572	0.361455
30829.973133	-119.967020	-0.035640	-84.052451	0.456699	-122.781938	-0.243234	-130.010505	-0.422931
30871.975821	-127.272389	0.279827	-87.366710	-0.242587	-133.027860	0.338456	-123.431557	0.457920
30913.978509	-131.029252	-0.217445	-83.213156	-0.213688	-126.258500	0.033507	-130.273861	0.081228
30955.981198	-133.763221	0.371790	-89.740761	0.473049	-122.688942	-0.439691	-127.503246	0.344535
30997.983886	-116.320422	0.443835	-95.125656	-0.140418	-126.704591	-0.179907	-128.873684	0.167229
31039.986574	-124.567292	-0.424659	-98.816714	0.287620	-126.521699	0.163793	-122.000005	0.246039
31081.989262	-122.160621	-0.465239	-84.914999	-0.458887	-123.043357	-0.005864	-121.066160	-0.226833
31123.991950	-116.574791	-0.257041	-82.458184	0.192731	-133.840295	-0.084535	-120.866580	-0.306148
31165.994639	-128.705269	0.243904	-89.463301	0.443301	-121.547745	0.279796	-122.164189	0.456600
31207.997327	-144.936477	-0.286189	-85.638503	0.467718	-136.078147	-0.207558	-118.839493	-0.085792
31250.000015	-124.116162	0.386337	-88.750703	-0.037691	-127.926661	-0.060449	-124.276589	-0.062089
31292.002703	-132.460326	0.108097	-82.621216	0.021730	-137.790849	-0.450222	-129.077717	-0.104531
31334.005391	-138.684958	0.327516	-92.758186	0.043487	-128.717052	0.192765	-132.960450	0.053350
31376.008080	-127.532075	0.254084	-103.187840	-0.377464	-125.953634	0.461106	-124.165133	0.243733
31418.010768	-124.580866	0.116034	-112.575015	-0.130427	-121.612710	0.024926	-127.987411	0.218413
31460.013456	-131.169076	-0.432313	-86.780118	-0.375265	-124.932668	0.446753	-123.572368	-0.426796
31502.016144	-117.959824	0.475735	-84.976248	-0.167405	-120.207032	-0.144676	-123.794426	-0.086642
31544.018832	-141.354966	-0.304384	-82.641075	-0.337397	-124.406633	0.311155	-118.613870	-0.458305
31586.021521	-124.111434	0.437565	-83.250634	-0.451877	-136.060035	0.351798	-137.284041	0.346567
31628.024209	-122.357824	0.223227	-83.904377	0.106208	-117.160446	0.206713	-122.699873	0.424313
31670.026897	-125.817326	0.102489	-81.136733	0.096422	-126.403349	0.391734	-128.252993	-0.021817
31712.029585	-125.007556	0.079675	-106.283472	-0.071088	-122.063113	-0.459575	-125.332517	0.064694
31754.032273	-125.469424	-0.486745	-81.665689	0.250530	-128.450428	-0.446218	-129.417451	0.494836
31796.034961	-118.281540	0.432296	-90.163784	-0.345944	-139.309653	-0.269676	-127.341648	0.477917
31838.037650	-131.751392	-0.472446	-91.883751	0.110753	-123.193344	-0.375265	-128.877953	-0.410392
31880.040338	-120.685202	-0.423685	-93.998874	0.063690	-116.984434	-0.462519	-126.274773	-0.209290
31922.043026	-125.729819	-0.005706	-80.076419	0.466859	-131.323576	0.458734	-122.106184	-0.360190
31964.045714	-123.951656	0.485800	-94.726922	0.039456	-135.502468	-0.070070	-121.863479	0.066382
32006.048402	-125.425901	0.332789	-84.010895	-0.080832	-122.827227	-0.176993	-121.024937	-0.071069
32048.051091	-134.762346	-0.075048	-87.442650	0.413817	-119.543455	-0.446194	-124.329122	0.074375
32090.053779	-125.448073	0.128436	-94.437727	-0.308120	-123.189084	-0.229851	-131.134305	-0.299465
32132.056467	-121.141004	0.135307	-84.882622	0.269275	-126.645885	0.468706	-128.149915	0.421146
32174.059155	-131.184282	-0.438882	-90.668345	-0.216423	-122.053133	0.250563	-127.342075	-0.308240
32216.061843	-124.568240	-0.175903	-92.895151	-0.025446	-120.044713	0.424258	-121.223228	0.240517
32258.064532	-126.001520	-0.370679	-83.957178	0.019740	-123.103594	0.402814	-118.625594	-0.466278
32300.067220	-129.630186	-0.305183	-85.019592	0.211149	-120.277870	-0.477611	-122.559499	0.157034
32342.069908	-127.252679	0.389065	-97.724416	0.110757	-119.764573	0.233388	-119.293826	0.114640
32384.072596	-123.817245	0.346648	-90.460546	0.036274	-127.354585	-0.152302	-122.481577	-0.010856
32426.075284	-118.669217	0.202616	-82.273819	0.096413	-122.729528	-0.133881	-125.780236	0.259208
32468.077973	-121.979902	-0.127560	-81.747685	0.008578	-121.985505	-0.325978	-125.923670	0.311869
32510.080661	-124.888469	-0.412493	-81.191775	0.412162	-123.903458	-0.341683	-127.187598	0.012770
32552.083349	-123.165936	0.230585	-85.742010	-0.308598	-127.470870	0.123337	-126.551203	0.230769
32594.086037	-122.479443	-0.015071	-89.729018	-0.116828	-122.158170	0.227774	-121.919777	-0.020314
32636.088725	-121.890047	-0.008234	-86.526639	0.028886	-137.623068	-0.383664	-122.286142	-0.082969
32678.091413	-124.862783	-0.301473	-95.965431	0.093386	-127.312557	-0.363215	-120.410682	-0.026699
32720.094102	-115.674436	-0.376565	-86.082974	0.212143	-119.033713	-0.433676	-129.829612	0.499223
32762.096790	-124.648182	0.444479	-87.738470	0.319957	-132.117939	0.494854	-121.139575	0.251239
32804.099478	-126.519644	-0.082105	-84.870953	0.491465	-123.314795	0.497290	-130.303116	0.198543
32846.102166	-121.588602	-0.119757	-91.969279	-0.240239	-121.253939	-0.428157	-126.630642	-0.489786
32888.104854	-116.425472	-0.367159	-89.878969	0.071764	-130.852283	0.372198	-122.325326	-0.262208
32930.107543	-127.584977	0.376563	-86.007116	0.351063	-119.327086	0.089280	-121.677133	0.177545
32972.110231	-124.862583	0.456711	-87.180538	0.371795	-122.016078	0.081045	-115.280561	0.104866
33014.112919	-125.982088	-0.440636	-102.560963	-0.328608	-125.389886	-0.029379	-118.196656	-0.074899
33056.115607	-127.403655	0.262609	-84.625827	-0.283091	-127.244667	0.313567	-121.904000	0.330244
33098.118295	-123.246960	0.321871	-85.007609	0.479625	-122.533030	0.343528	-121.944161	-0.372069
33140.120984	-126.017532	-0.267621	-84.626250	-0.337527	-121.124266	-0.488161	-117.552743	-0.252574
33182.123672	-133.921553	-0.197627	-86.090824	-0.041499	-122.532729	0.251263	-122.176621	-0.274332
33224.126360	-116.331744	0.196119	-94.704355	0.355470	-133.126016	-0.280488	-116.930973	0.348001
33266.129048	-129.073839	0.418820	-95.140920	-0.009382	-128.516898	-0.216698	-120.871719	0.454684
33308.131736	-118.567234	0.199208	-94.237528	-0.102704	-123.513187	0.015181	-118.176251	-0.118693
33350.134425	-122.529598	-0.216804	-85.702153	0.241271	-131.250550	0.026441	-130.109922	0.247632
33392.137113	-127.497758	-0.406592	-86.092200	0.272452	-129.275132	-0.153365	-124.664965	-0.346886
33434.139801	-122.595240	0.202025	-82.265872	0.464696	-125.260671	0.282592	-119.806200	0.267258
33476.142489	-121.422892	-0.167385	-91.084071	-0.321478	-126.546357	0.481319	-120.791469	0.290769
33518.145177	-121.506196	0.116462	-94.690279	-0.463730	-116.785771	0.343762	-126.691659	0.170513
33560.147866	-123.647765	0.360450	-86.162385	-0.149996	-127.125542	-0.240732	-123.710640	-0.488638
33602.150554	-124.321296	0.295941	-84.058412	-0.479242	-122.560913	-0.140435	-124.594298	-0.334575
33644.153242	-121.342835	0.170672	-79.766891	0.282609	-119.379686	0.370340	-122.430820	0.181583
33686.155930	-121.908144	0.221702	-99.162173	-0.158858	-124.147393	0.205772	-123.697472	0.081466
33728.158618	-120.926712	-0.080657	-91.217486	-0.219682	-125.636827	-0.259303	-120.169802	-0.165191
33770.161306	-128.924284	-0.063422	-84.552248	0.292581	-137.809640	0.464353	-118.861301	0.292453
33812.163995	-124.629099	0.321079	-89.501005	0.218176	-130.488865	-0.280786	-133.976887	0.410233
33854.166683	-125.174918	0.411648	-100.933409	-0.015383	-122.686444	0.083129	-120.086299	0.411794
33896.169371	-130.854196	0.342059	-88.874118	0.282393	-121.587959	-0.386008	-124.961774	-0.097999
33938.172059	-120.351670	0.383686	-93.537248	0.336303	-119.938836	-0.198319	-124.192148	-0.290391
33980.174747	-129.178179	0.286665	-79.842679	0.443821	-132.538131	0.157514	-131.744714	-0.226224
34022.177436	-121.457456	-0.046167	-97.914205	-0.174265	-134.745526	-0.498429	-129.281558	-0.317646
34064.180124	-131.107951	0.068346	-88.591743	-0.289919	-122.879276	0.180693	-129.381494	-0.131591
34106.182812	-143.717158	0.234941	-88.855303	0.407060	-121.789437	0.230945	-131.546851	0.009744
34148.185500	-124.013786	0.183587	-102.388393	-0.400333	-126.424308	0.059468	-120.492222	0.493008
34190.188188	-124.668763	0.431273	-87.500268	-0.392948	-127.602738	-0.227488	-123.804753	0.039006
34232.190877	-120.941954	-0.251709	-92.956543	0.343394	-120.742708	-0.206464	-123.298578	0.463944
34274.193565	-123.236295	-0.418997	-86.764172	-0.305434	-121.988787	-0.340865	-120.593808	-0.068643
34316.196253	-121.114142	-0.028206	-89.243738	-0.284263	-132.816052	0.452373	-131.721752	0.274006
34358.198941	-122.287535	-0.180274	-89.795830	-0.487555	-136.203073	0.197983	-126.919896	-0.483545
34400.201629	-122.825536	-0.030549	-88.050182	-0.366617	-123.067227	-0.129537	-124.575373	0.013840
34442.204318	-120.650785	-0.252515	-96.154515	-0.281245	-131.779020	0.442458	-119.822047	-0.295492
34484.207006	-123.232360	0.419894	-84.368876	0.046737	-123.442178	0.261298	-122.440076	0.449897
34526.209694	-123.284946	-0.034283	-89.316025	0.012572	-120.314182	-0.048759	-125.599723	0.304503
34568.212382	-127.505839	-0.269755	-95.056496	0.185962	-132.022197	0.141320	-121.615905	-0.143940
34610.215070	-132.459315	0.334008	-80.617834	0.007924	-116.236385	0.423978	-140.670587	0.161557
34652.217759	-123.250334	-0.093652	-89.288838	0.103981	-119.369970	0.388764	-120.419174	0.321524
34694.220447	-122.022392	-0.380870	-95.387458	-0.122416	-116.071960	0.493001	-122.802283	-0.486132
34736.223135	-126.960094	-0.343009	-90.405829	-0.282188	-122.992643	0.142747	-125.442361	-0.181284
34778.225823	-119.471261	0.432870	-85.314336	-0.294593	-134.360558	0.027351	-129.036375	-0.112843
34820.228511	-124.368703	-0.399779	-91.404735	0.217367	-129.290230	-0.412901	-124.772148	-0.345654
34862.231199	-126.394872	-0.401046	-86.878318	-0.415560	-125.489483	-0.044126	-125.928024	-0.217985
34904.233888	-120.590421	-0.106020	-93.497450	0.112357	-114.222446	-0.467913	-122.078153	0.350537
34946.236576	-126.352900	0.437904	-88.439460	0.020168	-135.686936	0.110649	-124.730729	-0.093403
34988.239264	-121.838977	0.150654	-108.380253	0.341732	-122.292491	-0.268460	-116.723404	0.161114
35030.241952	-136.270145	-0.434247	-90.743771	-0.286536	-119.846827	-0.346448	-116.929041	-0.145400
35072.244640	-126.716045	0.234448	-89.465629	-0.282290	-129.485662	0.242914	-127.092821	-0.206557
35114.247329	-130.053062	0.482129	-88.392690	0.146952	-124.442445	0.331326	-124.790402	0.032278
35156.250017	-124.103477	0.175724	-93.585828	0.280806	-123.341704	-0.066188	-128.199367	-0.098730
35198.252705	-122.021041	0.095462	-87.169417	0.419472	-123.508667	0.310378	-118.264257	0.207769
35240.255393	-127.360280	-0.295207	-89.434615	-0.394642	-123.458952	-0.144154	-125.165702	-0.242450
35282.258081	-114.628704	0.277105	-89.781724	-0.182430	-122.783286	0.256667	-127.333411	0.483539
35324.260770	-125.317466	0.179380	-83.077544	0.488504	-120.264795	-0.124965	-116.981159	0.007029
35366.263458	-115.106688	0.067273	-90.301339	-0.003622	-122.664416	-0.001448	-128.210082	-0.030408
35408.266146	-123.161501	0.011091	-89.011218	-0.296313	-118.975672	-0.358450	-128.752881	-0.048004
35450.268834	-118.013080	-0.164532	-93.766814	-0.100854	-127.262471	0.046309	-129.762695	0.067348
35492.271522	-130.358905	0.445964	-89.348750	-0.362396	-121.787438	-0.359490	-121.713034	-0.409269
35534.274211	-130.267098	0.239830	-95.382742	0.293457	-120.756016	-0.279707	-124.444103	0.340572
35576.276899	-134.259329	-0.356277	-92.934125	0.277637	-121.087000	0.444369	-121.868502	-0.014165
35618.279587	-129.369458	0.003384	-81.707020	-0.258395	-125.968544	0.360116	-122.368331	-0.092243
35660.282275	-136.737335	-0.221103	-92.043344	0.259119	-125.344033	-0.381338	-135.829200	0.445731
35702.284963	-126.596359	-0.208607	-88.929483	0.476995	-124.327936	-0.057822	-124.067450	-0.457520
35744.287652	-122.564976	-0.110016	-97.722641	0.353614	-121.288295	0.025733	-127.621024	-0.467137
35786.290340	-123.506552	-0.342441	-90.607916	-0.156955	-121.280940	-0.155564	-123.297372	-0.497844
35828.293028	-126.505375	-0.177061	-83.573359	-0.478145	-126.817893	-0.268069	-124.980341	-0.386620
35870.295716	-117.608437	0.170009	-89.178144	0.156711	-124.698233	-0.063141	-119.916195	0.088009
35912.298404	-114.456400	0.318913	-89.290101	0.257776	-128.500669	-0.092284	-124.362396	-0.037984
35954.301092	-136.237289	0.384283	-92.376794	-0.219525	-119.245221	-0.006729	-126.068258	0.398029
35996.303781	-123.081621	-0.260104	-99.542605	0.490928	-128.375904	-0.469329	-131.424493	0.263187
36038.306469	-135.538312	-0.111533	-91.333989	-0.366977	-124.893314	-0.198894	-126.779209	0.225993
36080.309157	-121.712601	0.396892	-93.361298	-0.337810	-126.296933	-0.410000	-131.619859	-0.490847
36122.311845	-127.997954	0.024140	-86.839301	0.274517	-122.105391	-0.455549	-126.503607	-0.423952
36164.314533	-118.042932	0.335132	-94.634635	0.094901	-115.026568	-0.479421	-116.612603	0.388763
36206.317222	-130.462983	-0.161329	-102.907390	-0.148539	-117.300501	-0.488815	-122.574745	-0.321663
36248.319910	-121.334719	0.323298	-86.011362	0.355915	-127.304909	0.305949	-135.078673	-0.138063
36290.322598	-120.726648	0.139940	-90.160176	-0.057549	-128.182107	-0.334533	-121.939823	-0.351369
36332.325286	-128.327878	0.357908	-94.062744	0.450988	-123.151349	-0.222439	-119.608388	0.457242
36374.327974	-135.809085	0.350007	-89.050712	0.357985	-123.436419	0.388842	-125.809969	0.198435
36416.330663	-122.381349	-0.181034	-81.449443	-0.182966	-122.963381	-0.213142	-124.902825	0.289026
36458.333351	-130.163696	0.122444	-97.337661	-0.076918	-129.403974	0.251027	-133.605699	-0.036291
36500.336039	-120.473645	-0.142403	-87.714155	-0.324038	-120.964494	0.486111	-119.826533	0.345626
36542.338727	-119.087379	0.114618	-90.405481	0.336281	-121.420105	0.446875	-129.813747	0.270300
36584.341415	-125.966805	0.025794	-89.539315	-0.036539	-126.701710	-0.193063	-124.419767	0.186725
36626.344104	-121.057188	0.129217	-92.047477	-0.109829	-124.638425	0.346671	-121.633606	0.093383
36668.346792	-119.979557	-0.007035	-92.665528	0.250120	-122.657825	-0.277709	-125.200809	0.072780
36710.349480	-126.818675	0.181524	-91.523763	0.137729	-127.442089	-0.191827	-124.998923	-0.014368
36752.352168	-121.036491	0.251940	-99.473493	-0.480833	-129.150775	0.473065	-120.317380	-0.012994
36794.354856	-121.966689	-0.309558	-93.081181	0.101910	-129.683720	0.229115	-126.224211	-0.102765
36836.357545	-136.762210	0.161845	-81.433271	0.455894	-119.107896	0.270719	-140.700342	-0.150325
36878.360233	-126.365512	0.298284	-83.575855	0.494140	-121.188235	-0.463018	-124.978454	-0.321554
36920.362921	-139.471381	-0.207555	-97.431759	0.014533	-120.650083	-0.169524	-119.090621	0.484582
36962.365609	-128.245889	0.311545	-86.462030	-0.146230	-122.200291	0.417397	-144.875354	-0.299359
37004.368297	-122.724982	0.273232	-100.458650	-0.252099	-138.826751	-0.144132	-118.481321	0.360556
37046.370985	-129.874430	-0.350127	-88.844764	0.446706	-130.498894	0.157745	-121.175310	0.026471
37088.373674	-123.134263	0.416662	-93.981267	0.244036	-134.503838	0.350980	-121.071367	0.359743
37130.376362	-146.788739	0.381135	-86.692552	-0.471912	-117.298611	-0.070913	-127.974602	-0.368870
37172.379050	-124.227869	-0.097057	-91.670482	0.275966	-114.770567	0.015487	-121.487406	-0.340385
37214.381738	-130.563532	-0.029423	-121.965101	0.064077	-115.565099	0.051515	-122.639313	-0.275692
37256.384426	-116.765944	-0.394773	-91.071921	0.195715	-132.272684	0.320523	-132.692156	-0.110366
37298.387115	-134.554148	0.332026	-86.761980	0.256872	-124.897255	0.478588	-118.343021	0.033931
37340.389803	-128.435020	0.289276	-85.739398	-0.404334	-118.265161	-0.183995	-121.386379	-0.487162
37382.392491	-140.922193	0.388719	-87.417938	-0.012755	-130.751187	0.178099	-120.232532	0.019990
37424.395179	-123.496970	-0.222675	-96.169376	-0.138158	-125.239650	0.304610	-123.936863	0.037269
37466.397867	-125.875976	0.082761	-93.092431	0.078819	-127.518392	-0.064761	-121.220259	-0.260308
37508.400556	-126.023460	0.413004	-103.231601	0.146866	-129.468292	0.398491	-135.999385	0.412153
37550.403244	-125.334307	-0.280835	-92.675797	0.157916	-121.525934	-0.477295	-132.087162	-0.234110
37592.405932	-125.585952	0.499652	-89.527782	-0.058314	-125.840437	0.074136	-119.058504	0.350246
37634.408620	-126.979993	0.167082	-87.238581	-0.266338	-132.213579	0.403369	-120.912928	-0.317215
37676.411308	-126.122321	0.128400	-87.218798	0.022323	-124.231989	0.128292	-116.728339	-0.043949
37718.413997	-127.128156	0.265540	-94.288106	0.133277	-127.977505	-0.162476	-118.887795	0.306261
37760.416685	-124.223197	0.443497	-88.428141	-0.486847	-120.017727	0.313266	-127.651746	0.398733
37802.419373	-120.925977	-0.428033	-91.557861	-0.232214	-128.757790	-0.186390	-123.320197	0.280749
37844.422061	-115.370493	-0.427701	-87.968333	-0.194969	-120.506086	-0.434791	-124.942387	-0.435566
37886.424749	-121.202996	-0.147670	-86.206683	0.404986	-121.026495	0.253034	-131.365218	0.002576
37928.427438	-118.725982	0.467031	-89.171643	0.420259	-119.921884	0.323654	-132.494449	0.308070
37970.430126	-136.277670	0.155726	-90.107804	-0.367837	-122.809904	-0.363310	-126.856615	-0.386018
38012.432814	-120.873811	-0.056686	-87.607098	0.168361	-125.672967	0.289217	-126.876180	0.267615
38054.435502	-116.908023	0.468463	-97.832895	0.231611	-129.199531	-0.470790	-116.740669	0.493422
38096.438190	-121.728030	-0.030536	-88.875993	-0.252772	-123.694965	-0.329368	-131.282423	-0.098210
38138.440878	-127.187814	-0.153933	-95.677643	0.007777	-123.749133	-0.284214	-129.646898	0.261313
38180.443567	-139.965403	-0.099538	-84.005560	-0.165604	-123.264985	-0.324713	-125.922224	0.293421
38222.446255	-125.282834	0.204661	-84.389271	-0.012587	-123.198169	-0.456405	-118.405114	0.178620
38264.448943	-117.322525	0.016365	-95.975511	-0.065425	-143.711007	-0.036771	-129.962803	-0.009800
38306.451631	-111.954532	0.199798	-101.180305	-0.407982	-120.001553	-0.019430	-119.392113	0.183676
38348.454319	-121.287997	-0.352323	-89.877870	0.029846	-124.537314	-0.042583	-120.305242	0.483716
38390.457008	-125.874484	-0.194864	-89.692651	0.274307	-126.800428	-0.400927	-136.413709	0.164877
38432.459696	-122.359589	-0.355554	-99.922737	-0.420196	-119.095582	-0.489002	-121.272857	0.490480
38474.462384	-127.121604	0.424374	-85.182751	0.389055	-122.313869	0.432803	-131.069227	-0.029134
38516.465072	-132.316477	0.237776	-87.817924	0.477486	-115.851428	0.355473	-129.867531	-0.076633
38558.467760	-122.162294	0.007844	-89.986681	-0.447284	-128.314104	0.252619	-129.591159	0.243360
38600.470449	-118.875203	0.415401	-93.624398	0.287880	-134.017836	0.378957	-119.164135	-0.491285
38642.473137	-127.257723	-0.284607	-87.244178	-0.214496	-128.095510	-0.280803	-132.737637	-0.108107
38684.475825	-121.786597	0.147839	-86.790913	0.142481	-114.195819	0.112361	-121.564661	0.325236
38726.478513	-119.133951	0.368680	-91.914056	-0.334647	-115.289617	0.315123	-129.292580	0.261148
38768.481201	-129.384117	0.326656	-84.962143	0.493597	-151.164672	0.418417	-122.448457	-0.222436
38810.483890	-121.590634	0.276476	-92.909347	0.376851	-126.905275	0.179879	-120.791864	-0.135289
38852.486578	-123.975975	0.252917	-91.336037	-0.046024	-119.200745	0.041560	-128.821997	0.087474
38894.489266	-127.335599	-0.014507	-92.441538	-0.295906	-121.250955	0.316897	-127.655669	-0.494582
38936.491954	-122.903868	-0.200541	-89.525706	-0.197253	-118.197778	-0.195275	-123.996657	0.014669
38978.494642	-119.209371	0.376388	-90.619316	0.499244	-127.222588	-0.033320	-125.815477	-0.053299
39020.497331	-116.969555	-0.157460	-84.182093	0.220518	-122.036507	-0.388497	-120.011481	-0.274806
39062.500019	-123.203950	0.441979	-88.921541	0.491310	-123.745327	0.088073	-123.922939	0.255547
39104.502707	-128.785531	-0.317551	-87.909439	0.444793	-119.774912	0.040095	-124.301624	0.227203
39146.505395	-116.614179	-0.082009	-92.343893	0.035340	-118.458141	-0.153611	-122.954597	-0.115836
39188.508083	-125.210193	0.159557	-94.531976	0.057894	-117.523076	0.238671	-116.595484	0.477264
39230.510771	-117.775331	-0.217221	-91.704016	-0.397218	-120.265343	-0.252785	-120.385791	-0.226197
39272.513460	-125.378809	-0.321755	-86.774205	-0.372314	-124.422035	0.016290	-120.887449	0.496837
39314.516148	-119.182748	0.375650	-91.894690	-0.467111	-126.416335	-0.406414	-132.283040	-0.437576
39356.518836	-123.041483	-0.192363	-96.703048	0.216279	-130.111897	-0.445181	-122.715423	-0.060512
39398.521524	-119.511408	-0.467390	-87.397160	-0.130453	-119.096997	0.068720	-121.358253	-0.013821
39440.524212	-122.045542	-0.403316	-89.421894	0.349748	-124.219891	0.392061	-122.426261	0.424721
39482.526901	-128.503812	-0.148790	-90.864101	-0.458864	-125.345262	-0.078126	-124.836265	0.022609
39524.529589	-117.674057	-0.246619	-93.700587	-0.019258	-126.934666	-0.353636	-122.826145	0.439179
39566.532277	-126.516250	-0.069244	-94.718264	-0.311662	-125.112106	-0.024052	-124.113858	0.417529
39608.534965	-119.481969	0.392905	-93.219566	0.454641	-124.742754	-0.478387	-123.366558	-0.231557
39650.537653	-121.021277	-0.467524	-90.612570	-0.373081	-120.084616	-0.334017	-128.558573	-0.071050
39692.540342	-124.709193	0.249125	-88.719425	-0.388158	-121.496514	0.093477	-123.612676	0.343873
39734.543030	-119.409007	-0.185167	-109.680818	-0.164045	-121.774807	-0.390569	-129.601929	0.425958
39776.545718	-125.919119	0.475687	-98.433556	0.250399	-123.442902	0.335405	-129.856614	0.267273
39818.548406	-125.217805	-0.392547	-88.175438	-0.159426	-122.120796	-0.153370	-117.713364	0.199488
39860.551094	-118.866568	-0.414971	-93.370902	-0.241455	-121.860815	0.470287	-137.605311	-0.088225
39902.553783	-120.981419	-0.081238	-98.915242	0.255187	-127.703174	0.215046	-114.793073	0.303840
39944.556471	-122.265689	-0.141945	-87.715646	0.102836	-120.334805	0.028510	-129.874920	0.449962
39986.559159	-116.596999	-0.240119	-98.257099	-0.211565	-122.822534	0.316309	-123.476961	-0.160896
