% f458.txt
% Date Thu, Jul 15, 2021 4:44 PM
% Sine seq
% Response spectrum
% Stim level (V pk) 0.100, 0 dB filter gain, 120.0 dB attenuation
% Stim RMS (V) 0.000
% Freq [Hz]	Ch0 Mag [dB]	Ch0 Phase [cyc]	Ch1 Mag [dB]	Ch1 Phase [cyc]	Ch2 Mag [dB]	Ch2 Phase [cyc]	Ch3 Mag [dB]	Ch3 Phase [cyc]
%%end
42.002688	-118.465854	0.433924	-54.155001	-0.065867	-91.185334	0.222620	-116.676416	0.001420
84.005376	-115.077007	-0.099470	-53.782179	0.189728	-95.360247	-0.270472	-117.797411	0.110520
126.008065	-122.509785	-0.490239	-54.527535	-0.132279	-101.363823	0.356001	-122.426328	-0.286772
168.010753	-119.166496	-0.320357	-54.040715	-0.491501	-106.347123	-0.311600	-114.369411	-0.141824
210.013441	-128.129432	-0.345130	-50.784777	-0.229372	-109.311288	0.096270	-115.966461	0.314127
252.016129	-120.172928	-0.153883	-56.869619	-0.467706	-126.089830	-0.411379	-126.314488	-0.048312
294.018817	-120.785148	-0.122437	-61.630293	-0.400427	-112.306278	-0.013692	-118.487341	0.122735
336.021506	-120.915603	0.414924	-59.209702	-0.408719	-111.863039	-0.365214	-118.692086	-0.396178
378.024194	-118.165303	0.467696	-57.781613	-0.324570	-111.071863	0.086707	-119.272747	0.229962
420.026882	-110.765226	-0.382483	-55.979097	-0.037187	-105.934975	0.291585	-118.491735	-0.080447
462.029570	-118.517695	-0.496794	-58.396380	-0.226888	-107.576240	-0.211862	-117.153465	-0.442244
504.032258	-121.027451	0.168663	-56.461231	-0.409338	-112.896022	0.254385	-127.353701	0.468881
546.034946	-122.890992	-0.086605	-53.655572	0.305269	-107.668124	-0.041171	-115.881051	-0.349864
588.037635	-136.389120	0.106272	-61.872482	0.230944	-117.423343	0.162232	-126.202750	0.124053
630.040323	-120.303278	0.328769	-52.579102	0.171123	-113.803291	-0.455331	-128.626044	-0.127469
672.043011	-120.359234	-0.020240	-58.099718	0.268425	-116.812085	0.451831	-132.476433	-0.099528
714.045699	-127.816244	0.484889	-65.655717	-0.235755	-112.095711	0.017120	-129.710776	-0.060040
756.048387	-125.308756	-0.111562	-55.928334	-0.056142	-117.058714	0.078530	-120.434259	0.344897
798.051076	-122.254395	0.421079	-55.099394	-0.498374	-118.450780	0.056083	-119.457803	0.445937
840.053764	-122.899225	0.413619	-63.678700	-0.275085	-127.871340	0.000161	-118.568249	-0.462074
882.056452	-121.843105	0.065707	-58.732699	-0.360363	-119.365828	-0.298115	-142.973943	0.145050
924.059140	-125.346750	-0.038514	-58.745332	0.464968	-113.513613	0.064869	-131.558671	-0.318193
966.061828	-123.819372	0.386477	-56.162422	-0.464302	-112.139751	-0.414111	-136.827458	-0.026467
1008.064517	-122.104622	0.255514	-59.281315	0.078818	-110.358314	0.005929	-124.044433	0.277445
1050.067205	-120.958579	-0.106138	-59.757557	0.093874	-118.984027	-0.360123	-125.961831	0.385091
1092.069893	-120.192060	0.428313	-58.803634	-0.083227	-121.598789	0.079924	-125.001622	0.203426
1134.072581	-122.366336	0.408556	-64.278387	-0.223278	-117.147199	-0.471386	-122.016778	-0.389208
1176.075269	-123.477815	0.027999	-59.919198	-0.090266	-114.007867	-0.369183	-133.244114	-0.478212
1218.077958	-124.146309	-0.165539	-60.265690	-0.338787	-130.887290	0.130843	-116.918856	-0.434337
1260.080646	-119.213404	-0.308336	-60.670559	-0.083768	-121.949389	-0.224418	-128.574467	0.464869
1302.083334	-121.052664	-0.390458	-62.546557	-0.097953	-121.101809	0.425431	-135.209383	0.302965
1344.086022	-131.342263	0.203066	-68.262126	-0.023630	-118.380637	0.335272	-121.164415	0.159202
1386.088710	-119.960021	-0.292849	-65.790472	0.285738	-116.821189	0.482148	-123.212604	-0.158490
1428.091399	-135.108232	-0.064634	-70.554239	-0.015754	-115.052798	0.014950	-122.312338	-0.008327
1470.094087	-130.861716	-0.302264	-63.381121	-0.216261	-117.752835	-0.136976	-120.737683	-0.224291
1512.096775	-118.149683	-0.173813	-80.837553	0.482196	-111.271499	-0.070900	-127.029625	-0.345409
1554.099463	-118.583940	0.359712	-63.590929	-0.278830	-113.576268	0.435889	-118.514227	0.254637
1596.102151	-121.023836	0.203515	-59.254085	-0.288061	-121.770115	0.002192	-126.088883	0.168300
1638.104839	-124.104766	-0.462130	-69.513049	-0.319664	-125.391347	-0.198417	-131.199921	-0.466768
1680.107528	-121.894730	0.330559	-72.535151	-0.387089	-118.398118	-0.345658	-125.518447	-0.438894
1722.110216	-126.280987	0.394553	-61.834941	0.054910	-123.622956	0.486375	-123.499078	0.323747
1764.112904	-127.815748	-0.029024	-75.903927	0.470606	-122.513831	0.332385	-123.128991	-0.391977
1806.115592	-127.478372	0.428306	-59.280115	0.218435	-116.552795	0.436847	-120.437873	0.294231
1848.118280	-132.697777	-0.129354	-67.064402	0.409691	-119.995500	0.246567	-123.704610	-0.384386
1890.120969	-121.630954	0.145812	-68.292634	-0.465225	-121.410152	-0.479511	-121.568586	-0.112360
1932.123657	-136.331998	0.454152	-67.265607	-0.136065	-118.537273	-0.484500	-121.670279	-0.246037
1974.126345	-124.035551	-0.172686	-61.787003	0.063959	-114.616274	0.175194	-124.271011	0.245403
2016.129033	-117.736487	0.343343	-71.620049	0.250487	-129.379845	0.411047	-121.933295	-0.495741
2058.131721	-124.278731	-0.275493	-63.373695	-0.011418	-122.889490	-0.126655	-120.623606	0.386413
2100.134410	-115.116072	0.326778	-67.962278	0.238777	-115.192361	0.480029	-118.981184	0.200895
2142.137098	-118.629415	0.400785	-67.291972	-0.463054	-126.716423	-0.492446	-125.121713	-0.220367
2184.139786	-122.151245	0.329444	-70.297264	0.300924	-118.306006	-0.154070	-122.595459	0.308584
2226.142474	-128.933709	0.029784	-72.164335	0.367481	-115.625590	0.137939	-119.908663	0.431928
2268.145162	-127.624958	0.296032	-69.794319	0.435462	-116.569769	-0.329692	-125.815811	-0.432156
2310.147851	-128.780503	0.070809	-71.732214	0.024015	-129.915682	-0.076339	-126.922209	0.085920
2352.150539	-125.826383	-0.357597	-63.488359	-0.041831	-123.357458	-0.136204	-123.104972	-0.099727
2394.153227	-126.357871	0.271040	-63.533443	-0.226213	-124.368727	0.288273	-126.071039	0.338594
2436.155915	-120.452752	-0.287638	-76.033188	-0.143764	-120.435290	0.477716	-124.215466	0.090575
2478.158603	-121.986675	0.403181	-67.383504	0.213223	-113.583825	0.308711	-118.295954	0.417117
2520.161292	-126.224438	-0.313422	-61.564494	-0.270926	-133.151182	-0.347107	-113.216970	-0.284709
2562.163980	-126.978347	-0.432049	-70.132449	-0.392281	-119.401006	-0.402809	-125.524124	0.183514
2604.166668	-122.922173	0.061327	-72.647263	0.399507	-126.486470	0.294312	-117.838336	-0.130144
2646.169356	-121.600028	0.087700	-65.467131	-0.387589	-135.066096	0.391828	-126.907570	-0.241439
2688.172044	-121.783084	-0.301529	-67.643848	-0.494617	-127.420571	-0.153353	-122.717263	-0.104894
2730.174732	-128.335048	0.370781	-68.426494	0.215333	-127.074847	-0.043726	-129.430173	-0.387594
2772.177421	-121.697881	0.199726	-67.520053	0.166017	-116.140068	-0.456102	-117.221990	0.404037
2814.180109	-36.845437	-0.206195	-19.022537	0.403103	-107.075406	0.421319	-114.528842	0.427292
2856.182797	-144.444116	0.107273	-74.227800	0.390555	-125.187784	-0.236904	-125.266201	-0.453334
2898.185485	-125.488575	-0.083651	-65.074380	-0.186844	-118.618040	-0.438365	-121.842323	-0.334943
2940.188173	-118.101728	-0.475899	-68.812354	-0.097907	-118.269807	-0.175712	-116.970931	0.392597
2982.190862	-125.735107	0.478237	-73.884124	-0.087168	-121.643025	-0.402647	-133.318454	-0.469470
3024.193550	-134.605399	0.472970	-61.283000	-0.482288	-130.080116	-0.445186	-122.847625	0.028065
3066.196238	-129.976467	-0.372719	-76.160408	0.336626	-133.726756	0.438010	-130.983391	0.344530
3108.198926	-125.174265	0.069300	-68.768100	-0.250031	-124.949756	-0.344402	-127.364753	0.349678
3150.201614	-127.432481	-0.005151	-71.410683	-0.164777	-125.545814	-0.357330	-122.700770	-0.219731
3192.204303	-126.644505	0.263874	-73.894328	-0.400934	-119.293915	0.288992	-119.851249	0.345793
3234.206991	-123.232519	-0.459296	-68.163100	-0.107288	-114.943164	-0.006543	-134.645171	-0.383401
3276.209679	-120.700145	0.376556	-76.585446	-0.164126	-125.418111	0.315485	-131.639761	0.485605
3318.212367	-121.280179	-0.234713	-70.489536	0.406370	-119.779099	-0.199911	-121.425522	-0.011853
3360.215055	-121.621019	0.273981	-75.271336	-0.423532	-118.932833	0.060025	-121.832774	-0.088162
3402.217744	-132.092395	0.179187	-68.401940	0.359360	-129.108669	-0.226094	-126.481259	-0.296096
3444.220432	-120.095196	0.098863	-65.661691	0.099505	-115.119120	0.118105	-135.850623	-0.070078
3486.223120	-139.403510	0.121876	-63.808530	-0.260845	-123.970586	0.444489	-116.621087	0.298523
3528.225808	-120.917007	0.262137	-71.487181	-0.270208	-116.760038	0.297586	-119.321003	0.032524
3570.228496	-131.645023	0.018641	-67.779468	0.168194	-122.352308	-0.327350	-130.597174	-0.051772
3612.231185	-147.429202	0.431600	-89.922678	-0.002510	-117.190276	-0.159551	-121.441033	-0.357146
3654.233873	-126.629897	0.089261	-73.717352	0.056649	-127.211910	0.163096	-125.343730	-0.458758
3696.236561	-126.463631	0.107832	-76.489086	-0.234917	-123.340816	0.463167	-119.360520	-0.054691
3738.239249	-122.508686	-0.162711	-75.440895	-0.166148	-125.646796	-0.028959	-130.984389	0.265657
3780.241937	-115.668329	0.074036	-65.833313	-0.332896	-116.911493	0.389084	-133.214471	-0.201578
3822.244625	-132.596866	0.015782	-64.556457	-0.090050	-126.111803	0.268925	-123.255219	-0.149516
3864.247314	-123.871460	-0.092324	-66.386888	-0.375927	-122.864562	0.095465	-133.357312	0.016398
3906.250002	-115.856345	-0.026426	-76.253005	0.376862	-116.073041	-0.226200	-136.066962	0.012363
3948.252690	-120.063028	-0.150029	-72.665028	0.111870	-120.739083	0.014144	-122.347914	-0.155402
3990.255378	-118.049202	-0.377164	-72.056727	0.186858	-128.792698	-0.496706	-130.656939	-0.265748
4032.258066	-125.766484	-0.093448	-74.131695	0.156107	-124.658633	-0.092515	-121.273786	-0.125873
4074.260755	-125.065013	0.249427	-68.811842	-0.439000	-122.369339	0.191840	-128.048913	0.337428
4116.263443	-118.803143	0.145766	-81.354945	-0.427907	-122.952832	0.001684	-130.233602	0.160041
4158.266131	-125.651383	0.362730	-73.710949	-0.158934	-119.096537	0.300686	-123.086175	0.298638
4200.268819	-131.664625	0.416635	-66.965830	0.264189	-119.577181	0.400182	-131.308573	-0.492913
4242.271507	-131.120337	-0.233663	-85.062489	-0.377939	-123.731402	-0.201743	-121.797021	0.304214
4284.274196	-139.432127	-0.163865	-68.288290	-0.144783	-123.204375	-0.128191	-121.771706	-0.251674
4326.276884	-128.861476	-0.480292	-69.736855	0.401826	-134.460013	-0.053695	-117.869997	-0.356490
4368.279572	-140.192022	0.273905	-72.241383	-0.139803	-117.479662	-0.016449	-121.599181	0.186389
4410.282260	-124.262689	0.146046	-68.347020	-0.026240	-121.272718	-0.083504	-122.292826	-0.375339
4452.284948	-122.883715	0.252429	-81.679143	-0.042987	-126.111286	0.145858	-121.965264	0.258519
4494.287637	-134.405271	-0.443069	-84.808955	-0.288823	-119.999375	-0.378356	-121.011505	-0.496181
4536.290325	-120.873147	0.385510	-79.994621	0.233441	-124.430671	-0.026443	-121.356401	0.069282
4578.293013	-131.982690	0.396234	-71.438559	-0.304689	-124.717008	-0.041402	-126.190292	0.413961
4620.295701	-123.654490	0.359204	-77.021223	-0.129200	-118.107634	0.172330	-115.344437	-0.071290
4662.298389	-129.133059	0.083820	-70.929080	-0.384878	-131.381092	-0.182817	-129.195098	0.126144
4704.301078	-116.999866	0.388703	-73.853768	-0.376843	-144.727332	-0.095368	-122.726361	-0.371287
4746.303766	-137.685472	0.452413	-75.888034	-0.181833	-124.019522	0.358830	-120.602265	-0.400673
4788.306454	-114.557215	0.336353	-75.762660	0.067341	-130.794610	-0.461708	-125.490246	0.103775
4830.309142	-124.827348	0.238950	-69.989502	-0.147530	-120.936623	0.360004	-123.819864	-0.328924
4872.311830	-121.589856	0.253853	-76.307710	-0.055033	-127.134270	-0.372641	-126.220167	-0.169063
4914.314518	-127.809333	0.024562	-62.877704	-0.426833	-122.406957	0.008969	-123.212408	0.333064
4956.317207	-126.421818	0.057323	-72.799338	-0.280957	-125.800686	0.088258	-118.570384	0.348671
4998.319895	-119.056652	0.056916	-70.915500	0.134292	-120.803274	-0.201517	-124.046352	-0.024841
5040.322583	-127.479377	0.493573	-76.124702	0.330588	-127.737631	-0.489362	-139.929107	-0.399789
5082.325271	-125.696448	-0.388377	-70.484984	0.057739	-125.899867	0.350585	-125.806911	-0.006095
5124.327959	-119.848460	-0.048603	-72.155672	-0.126812	-121.432111	0.330507	-123.857485	0.329588
5166.330648	-123.456779	-0.441305	-89.306467	-0.190824	-130.715836	-0.121000	-117.281934	0.390723
5208.333336	-119.053164	-0.033708	-78.827063	-0.444278	-126.280868	-0.304364	-124.877585	0.181180
5250.336024	-124.466034	-0.231763	-73.651674	0.075343	-124.355324	0.433624	-132.955248	-0.416153
5292.338712	-135.400744	0.436675	-76.336070	-0.148759	-122.058033	-0.178092	-116.486717	0.310239
5334.341400	-126.608923	-0.058307	-77.333214	0.291252	-125.843326	-0.131446	-126.961150	0.422157
5376.344089	-132.442343	0.208611	-89.532137	0.251516	-118.548457	-0.438500	-125.535957	-0.478049
5418.346777	-120.837150	-0.239968	-82.591680	-0.121809	-128.920276	-0.035923	-123.106315	0.275041
5460.349465	-117.060751	-0.371749	-72.810862	0.039150	-120.568359	0.172751	-124.458090	0.014566
5502.352153	-127.554184	0.239189	-71.792153	0.187429	-124.155000	0.104004	-134.200325	-0.373650
5544.354841	-120.772732	-0.499450	-79.164248	0.154208	-119.463206	-0.387802	-130.404372	-0.228071
5586.357530	-121.905985	0.111300	-83.892835	-0.481970	-121.442359	0.047982	-128.699067	-0.366377
5628.360218	-122.882464	-0.438296	-75.070432	-0.239616	-116.440319	0.340125	-125.643343	0.260832
5670.362906	-126.625889	-0.379774	-72.681921	0.112702	-122.042215	0.416499	-126.190590	0.344025
5712.365594	-125.524456	0.085994	-71.497754	0.415748	-123.605286	0.422316	-129.811763	0.162938
5754.368282	-120.118368	0.433050	-69.496396	-0.107740	-122.237800	0.382427	-119.272332	0.343621
5796.370971	-123.243692	-0.211059	-73.182781	0.278650	-123.776101	-0.227816	-123.815346	0.362827
5838.373659	-125.469767	0.436330	-72.395634	0.267769	-126.131882	0.280870	-132.436011	-0.016635
5880.376347	-132.755358	0.406788	-68.767764	-0.469103	-116.257743	-0.281102	-127.513513	-0.402513
5922.379035	-115.628737	-0.432130	-86.449876	-0.427727	-116.577150	-0.277654	-115.151230	-0.401502
5964.381723	-125.783928	-0.452276	-68.431674	0.078790	-123.740026	0.241074	-122.006204	0.095051
6006.384411	-119.895465	0.210445	-79.086094	-0.432509	-122.370491	0.181022	-116.292848	0.173538
6048.387100	-126.252481	-0.300524	-83.392045	-0.226405	-122.322098	0.001322	-119.454108	0.112163
6090.389788	-129.995904	-0.353459	-66.283882	-0.236307	-127.362873	0.233417	-129.106464	0.079955
6132.392476	-117.047922	-0.003176	-83.661402	0.005258	-138.493888	0.042553	-126.025779	-0.181293
6174.395164	-121.899772	-0.356863	-70.576761	-0.019755	-121.755147	-0.139219	-138.190744	0.282622
6216.397852	-129.971073	-0.272735	-74.439897	0.068749	-124.081518	0.112407	-136.160831	0.207736
6258.400541	-124.847066	0.258618	-79.549938	0.371172	-131.083461	-0.181499	-127.553419	-0.051011
6300.403229	-129.346430	-0.415689	-72.355449	-0.324047	-124.534805	-0.204775	-118.961635	0.057442
6342.405917	-124.566564	-0.094594	-69.937231	-0.167974	-135.666404	-0.445568	-118.403613	0.444104
6384.408605	-129.919456	0.480217	-73.246446	0.208800	-129.373705	-0.407298	-125.985961	0.479171
6426.411293	-125.286647	-0.274536	-70.048190	-0.029959	-119.097880	0.494797	-128.269618	-0.254960
6468.413982	-132.921735	0.096105	-70.068297	-0.051893	-125.305737	0.373126	-118.094644	0.138543
6510.416670	-121.124223	-0.015989	-70.689255	-0.471064	-124.027574	0.203836	-118.736080	-0.082350
6552.419358	-119.571337	-0.384781	-70.576623	-0.131838	-139.488286	0.412248	-122.968103	-0.123867
6594.422046	-130.652024	-0.045852	-75.411411	0.398616	-123.952283	-0.286374	-131.247473	0.079755
6636.424734	-133.581925	0.387036	-75.414426	-0.265575	-127.099680	-0.243798	-120.933793	-0.427975
6678.427423	-122.949175	0.217659	-81.879700	0.134535	-120.960978	-0.119643	-128.638385	-0.397685
6720.430111	-131.805448	0.212204	-74.812729	-0.237954	-118.901701	0.226172	-127.565996	-0.460456
6762.432799	-118.529042	-0.003084	-75.069381	0.492994	-126.182204	-0.388201	-122.190707	-0.105500
6804.435487	-121.758302	0.214180	-71.084344	-0.158549	-123.588645	0.443794	-127.284729	0.146905
6846.438175	-121.769476	-0.459630	-73.842598	-0.400802	-115.478763	0.483580	-117.958611	0.420109
6888.440864	-122.266648	0.261382	-74.102533	0.000739	-118.462211	0.357717	-126.960150	0.217039
6930.443552	-121.260255	-0.461984	-72.558263	-0.422406	-123.407000	0.072090	-124.004394	0.051144
6972.446240	-120.520334	-0.325909	-78.140522	0.173346	-130.332924	-0.223673	-117.033083	-0.183518
7014.448928	-125.420202	-0.370903	-67.855962	-0.400077	-120.969427	-0.006836	-127.736905	-0.435009
7056.451616	-119.817855	-0.285527	-68.770333	0.329707	-119.898694	0.064848	-124.862006	-0.014008
7098.454304	-123.254616	-0.348075	-75.700980	-0.453516	-124.561135	0.033459	-128.024250	0.459304
7140.456993	-115.537409	-0.095959	-84.762377	-0.024775	-118.334866	-0.337442	-134.231005	0.052644
7182.459681	-123.530569	-0.128509	-75.684400	-0.282725	-123.278335	-0.354383	-141.705232	0.040713
7224.462369	-126.994211	-0.470373	-74.901947	-0.471037	-121.150301	0.384561	-120.476463	0.011748
7266.465057	-117.972370	0.213526	-73.931798	0.193402	-122.548426	0.128103	-119.230354	0.447998
7308.467745	-128.069426	-0.211322	-68.231572	0.248636	-121.574466	0.453067	-128.957441	0.377044
7350.470434	-116.548605	0.433337	-76.146596	-0.334867	-117.632021	-0.315641	-132.718281	-0.036432
7392.473122	-125.344143	-0.094620	-69.800340	-0.386067	-125.841166	-0.357229	-125.547980	-0.340170
7434.475810	-126.825137	-0.172796	-71.304334	0.168609	-133.051822	0.242389	-117.840166	0.370670
7476.478498	-126.767776	0.179903	-75.587314	0.082529	-126.521789	-0.410555	-143.361034	-0.276356
7518.481186	-120.165953	-0.084537	-72.171234	0.325282	-127.515603	0.467860	-124.053503	-0.392436
7560.483875	-128.640733	0.463480	-70.765646	0.101107	-118.184814	-0.135928	-122.096810	0.364799
7602.486563	-123.725364	0.310611	-77.308700	0.499698	-119.095868	0.263641	-127.262703	-0.412502
7644.489251	-117.731911	-0.234585	-86.366436	0.286816	-131.025980	-0.154608	-121.319419	-0.029259
7686.491939	-125.547953	-0.213505	-78.207010	-0.251804	-128.538607	0.378403	-124.245943	-0.011226
7728.494627	-115.551868	0.147099	-71.396508	0.117580	-121.247237	0.217979	-127.654491	0.420983
7770.497316	-120.720612	0.064860	-82.819074	0.399009	-118.770658	-0.309156	-121.426347	-0.106390
7812.500004	-122.136529	-0.301230	-70.135212	0.323184	-120.632603	-0.315107	-128.389127	0.442403
7854.502692	-122.918583	-0.001196	-74.538883	0.314516	-117.812983	-0.352404	-123.811028	0.093183
7896.505380	-117.947631	0.045336	-85.566971	-0.121919	-122.396241	0.026876	-121.014222	0.279075
7938.508068	-121.780009	0.267062	-80.673056	0.390059	-123.491092	0.098314	-126.244341	-0.085416
7980.510757	-123.273588	-0.289771	-73.066844	-0.226562	-128.223984	-0.031921	-120.946758	0.036009
8022.513445	-124.485398	0.229089	-75.732494	-0.379191	-121.256376	0.239472	-124.581414	0.080918
8064.516133	-135.651756	0.050987	-79.273387	0.163350	-131.854620	0.318569	-144.898369	-0.234644
8106.518821	-122.968798	-0.178777	-76.150469	-0.471870	-118.727985	0.449477	-126.382154	0.063299
8148.521509	-127.581100	-0.486846	-78.085912	0.271222	-121.716871	-0.308516	-120.387139	-0.029607
8190.524197	-128.968012	0.326523	-77.446489	-0.152288	-128.788949	0.406773	-117.192627	0.180474
8232.526886	-117.761895	-0.464677	-69.682954	-0.182259	-117.230265	0.294318	-135.909448	-0.369913
8274.529574	-123.657899	-0.453529	-79.704479	0.005135	-117.595078	-0.172368	-121.672111	0.069467
8316.532262	-122.187752	-0.213143	-77.217991	-0.381002	-127.405688	-0.098792	-126.857776	0.439550
8358.534950	-125.056769	0.264558	-77.633862	0.241567	-128.049416	0.375714	-126.620827	-0.359319
8400.537638	-123.521359	0.171946	-75.801047	0.460191	-114.974596	0.389811	-124.423294	-0.357313
8442.540327	-99.397948	0.429645	-72.332479	-0.323421	-130.202857	-0.222593	-120.138474	-0.347667
8484.543015	-119.355238	-0.403911	-75.167908	-0.401862	-132.028388	0.310301	-117.620440	0.159466
8526.545703	-142.225965	-0.249066	-80.571146	0.372650	-122.144676	0.331453	-125.339037	0.445854
8568.548391	-130.628953	0.203574	-85.401259	-0.198243	-131.112606	-0.498802	-126.874358	0.058332
8610.551079	-123.271070	0.012480	-73.429115	-0.051206	-125.839753	-0.258365	-126.118125	-0.331453
8652.553768	-126.591875	-0.212874	-85.965445	0.350786	-118.114977	0.122168	-125.519513	0.405952
8694.556456	-142.081560	-0.280683	-82.104374	-0.364170	-123.488904	-0.074148	-120.848974	0.287878
8736.559144	-120.634282	-0.225843	-78.992461	-0.289535	-116.766798	-0.379825	-122.729099	-0.104465
8778.561832	-128.092291	0.493210	-79.005747	0.482367	-128.735782	-0.403714	-120.030894	0.143302
8820.564520	-119.759836	0.148989	-83.521168	0.096473	-127.076320	-0.140574	-121.468064	-0.060571
8862.567209	-124.416799	-0.477588	-74.639894	-0.297003	-123.765245	-0.036836	-126.129376	0.465552
8904.569897	-119.390457	-0.064773	-72.250794	0.186004	-121.843352	-0.391934	-119.550280	-0.355924
8946.572585	-120.147683	-0.103146	-71.834589	-0.192026	-129.839519	0.124232	-122.636007	0.071585
8988.575273	-123.357228	0.196360	-74.693320	0.096768	-127.855884	-0.336406	-122.776872	-0.354731
9030.577961	-120.532599	0.097818	-73.092574	0.448510	-125.742039	0.112176	-136.327725	0.329914
9072.580650	-122.384392	0.200788	-72.804983	-0.329407	-135.555518	0.369121	-122.201552	-0.102857
9114.583338	-121.054023	-0.414637	-93.873616	0.287164	-120.244823	0.022711	-122.205008	0.443302
9156.586026	-125.013912	-0.320304	-83.221079	0.166200	-130.384915	-0.306851	-127.635402	-0.433586
9198.588714	-119.733584	0.190133	-71.073091	0.305972	-121.764559	0.152108	-129.397322	-0.001533
9240.591402	-119.273580	-0.065185	-73.204616	0.178106	-130.170552	0.269655	-114.004224	-0.085224
9282.594090	-122.544632	0.345362	-70.128082	0.407596	-126.478544	-0.455256	-120.520894	-0.278581
9324.596779	-135.798626	0.253569	-74.816770	-0.176847	-123.779861	-0.486316	-124.069785	-0.217279
9366.599467	-124.837127	-0.288051	-78.491869	-0.003994	-122.464436	0.475411	-139.869019	0.394397
9408.602155	-119.635358	0.121212	-74.922181	-0.494891	-123.122558	-0.051217	-132.928230	0.149455
9450.604843	-120.234164	-0.017287	-82.821519	0.134535	-124.102385	0.106566	-125.405036	0.437263
9492.607531	-123.770855	-0.247193	-97.179153	0.369441	-122.340742	-0.231430	-122.730796	-0.175825
9534.610220	-136.598936	0.471779	-73.071371	0.180119	-116.368691	0.174652	-119.524821	0.351467
9576.612908	-124.453412	0.430591	-77.375922	0.180733	-129.694753	-0.211036	-123.228193	-0.471202
9618.615596	-116.180337	-0.449810	-75.579451	0.077579	-134.758343	-0.209740	-123.828654	0.427673
9660.618284	-120.589602	-0.193054	-70.077832	-0.256604	-119.928474	-0.373734	-118.949972	0.077304
9702.620972	-134.211102	-0.093982	-77.895945	-0.286831	-119.701311	0.467584	-121.194120	0.153950
9744.623661	-119.085175	0.278443	-86.749793	0.333469	-117.578643	0.255865	-125.115623	0.361630
9786.626349	-134.007713	0.373474	-86.083268	0.107696	-126.327974	0.289035	-128.795320	0.058763
9828.629037	-122.413511	-0.483551	-75.317382	0.010274	-123.579268	0.095495	-121.247501	-0.361054
9870.631725	-127.561693	0.344300	-73.280734	0.197290	-119.146364	-0.396889	-120.765932	0.371516
9912.634413	-117.922372	0.325826	-84.100967	-0.158800	-126.561918	0.167858	-128.180873	0.284992
9954.637102	-125.511087	-0.168580	-76.134996	-0.257318	-117.849229	-0.202428	-117.522882	-0.055928
9996.639790	-119.780069	-0.014056	-75.600916	0.141457	-120.919078	0.399837	-130.201925	0.400543
10038.642478	-123.271675	0.068574	-83.597677	-0.418938	-115.936581	0.112080	-130.398441	0.408597
10080.645166	-128.264830	0.486497	-78.798353	-0.340453	-132.647056	0.152968	-135.052191	-0.382375
10122.647854	-124.674168	-0.490156	-75.315097	-0.011666	-121.865894	0.322641	-126.890622	-0.138511
10164.650543	-126.487319	0.040251	-79.013103	-0.019784	-124.352786	0.234796	-114.446882	0.439687
10206.653231	-123.064291	-0.491748	-82.822197	-0.405425	-126.976503	-0.140837	-119.944747	0.014643
10248.655919	-139.507763	0.013624	-80.308351	-0.478474	-122.114661	-0.049646	-119.716244	0.448927
10290.658607	-118.458322	0.313180	-76.423802	0.046739	-124.365359	-0.426663	-126.598209	-0.158425
10332.661295	-141.670915	0.124942	-71.239292	-0.309075	-120.748490	-0.140881	-124.222625	-0.277112
10374.663983	-123.590628	-0.185367	-76.160270	0.082862	-118.832980	0.402809	-129.230084	0.178394
10416.666672	-130.273845	-0.235965	-77.206203	0.482028	-123.986553	0.156822	-120.297287	0.292732
10458.669360	-129.277580	0.223618	-77.952592	0.119468	-122.377303	-0.010148	-128.389017	0.315173
10500.672048	-123.721261	0.367020	-78.908999	-0.413319	-120.033221	-0.480021	-137.717514	0.462472
10542.674736	-125.898914	0.040463	-69.654834	0.270696	-125.281095	0.202819	-125.095571	0.324284
10584.677424	-134.872986	-0.499625	-82.709235	-0.345371	-125.845723	-0.140631	-118.896580	-0.066440
10626.680113	-121.939441	0.371313	-78.199646	0.303862	-127.241045	0.074205	-123.947357	-0.379511
10668.682801	-125.083410	0.035907	-84.905843	0.077895	-121.541335	0.222673	-118.154096	0.328373
10710.685489	-117.990452	0.184012	-76.121704	0.380338	-127.317736	0.010300	-123.357519	0.098902
10752.688177	-120.748263	-0.110171	-79.471036	0.176035	-127.316623	-0.233941	-123.768275	-0.133381
10794.690865	-130.012141	-0.285398	-78.543622	0.017044	-126.009277	-0.451613	-127.868462	-0.199909
10836.693554	-124.408743	-0.234381	-72.874885	0.378425	-132.092360	-0.300600	-131.760173	0.173378
10878.696242	-118.888923	0.246847	-82.233659	0.110351	-147.788464	-0.138461	-118.174188	0.333240
10920.698930	-127.670687	0.064384	-77.526197	0.350311	-124.668142	0.018168	-124.314447	-0.017493
10962.701618	-128.431340	-0.112724	-81.764667	0.132651	-126.503463	-0.162278	-125.751082	0.152895
11004.704306	-122.646848	0.172742	-81.270054	0.240916	-130.405018	0.353289	-124.625246	0.055816
11046.706995	-123.037375	-0.251059	-76.488045	0.023961	-125.614010	-0.102038	-123.007004	-0.120641
11088.709683	-122.900167	0.366805	-77.210674	0.422267	-125.882250	0.267473	-123.390464	0.341951
11130.712371	-122.665418	-0.429179	-76.635707	-0.111685	-123.183081	0.166325	-119.808658	0.366443
11172.715059	-122.605823	-0.131395	-77.678351	0.252186	-117.299518	0.095937	-121.598912	-0.197685
11214.717747	-120.259193	0.023291	-77.194268	-0.062044	-130.219363	0.492130	-125.293698	0.023560
11256.720435	-102.566465	-0.332654	-79.142046	0.416976	-118.331132	-0.430777	-121.349108	0.471703
11298.723124	-124.604962	0.000355	-71.339573	0.360375	-128.272369	-0.283809	-126.895525	0.091793
11340.725812	-117.578874	-0.402652	-81.805536	0.259587	-125.817537	-0.171646	-126.218370	0.257136
11382.728500	-128.045376	-0.074549	-81.021217	0.022247	-130.158984	0.319168	-126.970321	0.093942
11424.731188	-120.738924	-0.035398	-91.093733	0.274136	-122.499365	0.043788	-132.218582	0.458393
11466.733876	-115.619995	-0.141553	-77.786312	-0.382003	-123.485256	0.317401	-123.625523	-0.017609
11508.736565	-134.076693	-0.443243	-83.886833	-0.290100	-125.713998	-0.304636	-136.801046	-0.297648
11550.739253	-119.854359	0.435113	-94.476713	-0.310335	-129.909828	-0.149330	-121.087607	-0.085168
11592.741941	-120.313650	-0.391443	-80.975762	-0.088766	-128.442989	-0.366113	-119.864984	-0.359248
11634.744629	-120.800677	0.480136	-71.720834	0.163230	-120.462400	-0.479039	-127.028759	0.171988
11676.747317	-127.588094	-0.485284	-92.336699	0.414403	-121.389299	0.343798	-124.260161	-0.386783
11718.750006	-120.239485	0.031672	-74.665209	0.202109	-121.866063	-0.042440	-128.569948	0.063354
11760.752694	-123.122119	0.140080	-72.004732	0.183349	-122.243083	-0.275226	-129.263606	-0.264545
11802.755382	-124.661252	0.289985	-80.529382	0.284651	-128.085688	-0.393004	-125.603581	0.204336
11844.758070	-119.991688	-0.046639	-75.198906	-0.103239	-127.441597	-0.369056	-131.498969	0.485190
11886.760758	-123.430800	-0.234763	-85.290648	-0.233496	-129.565325	0.100292	-120.519366	0.253339
11928.763447	-129.716721	0.329337	-80.849988	-0.155878	-119.503836	0.466256	-132.037090	-0.122986
11970.766135	-125.283697	-0.197517	-86.984711	0.141878	-121.035102	-0.161655	-123.414419	-0.364904
12012.768823	-125.551611	-0.006732	-76.025579	0.431811	-121.296930	-0.049624	-122.705796	0.120177
12054.771511	-123.890497	-0.216672	-77.049490	-0.029487	-119.016958	-0.027911	-121.916987	-0.004839
12096.774199	-126.518666	0.395411	-72.469838	0.493922	-124.969815	-0.176903	-116.779817	-0.224966
12138.776888	-123.718304	-0.284505	-87.343021	0.254768	-121.405702	0.334738	-115.427359	-0.242970
12180.779576	-117.226576	0.284973	-75.580396	0.330748	-120.564741	0.225756	-123.219263	0.050710
12222.782264	-126.464522	-0.374247	-76.655329	-0.142443	-123.935591	-0.128086	-122.383081	-0.237172
12264.784952	-117.295264	-0.184996	-79.201143	0.433964	-121.382126	-0.257229	-124.917176	-0.164194
12306.787640	-121.683111	0.121473	-78.791427	0.467467	-122.168633	0.475609	-135.100334	-0.387442
12348.790328	-123.473096	-0.485453	-92.159475	-0.239813	-119.363725	0.467959	-121.480274	0.253249
12390.793017	-149.506870	-0.325414	-78.288256	-0.461615	-123.610079	-0.089411	-125.722392	-0.350762
12432.795705	-121.385478	-0.073680	-82.419628	0.019793	-127.652833	0.392084	-129.725088	0.455081
12474.798393	-120.380295	-0.199317	-82.889274	0.348019	-124.051962	0.028075	-122.196943	0.447462
12516.801081	-119.274094	-0.414055	-80.509985	-0.013639	-116.571202	0.436447	-118.406161	-0.339620
12558.803769	-125.578873	0.133003	-78.014602	-0.040950	-120.962570	-0.460460	-132.276985	-0.485585
12600.806458	-125.408249	0.374955	-78.214989	0.037521	-138.077767	0.052695	-126.756434	0.118382
12642.809146	-122.041477	-0.372216	-77.918509	0.254818	-120.707525	0.095289	-126.750642	0.301556
12684.811834	-119.053077	0.377337	-74.387312	-0.234626	-116.607340	-0.474486	-117.576234	0.313929
12726.814522	-113.894621	0.438036	-79.582533	-0.103528	-118.521290	-0.355003	-119.131758	0.223975
12768.817210	-126.186105	0.337362	-72.654095	0.058417	-116.810867	0.315526	-129.408605	-0.361463
12810.819899	-118.451440	0.103791	-76.089109	0.393675	-120.845697	-0.029539	-121.341479	0.098361
12852.822587	-138.638435	-0.096908	-77.072836	-0.226708	-125.218497	-0.476766	-127.121722	-0.310223
12894.825275	-141.492209	0.491030	-86.262763	-0.380474	-128.621775	0.170769	-119.666315	0.189780
12936.827963	-129.712945	0.153070	-71.329193	-0.320776	-122.843186	-0.247188	-132.874121	0.427236
12978.830651	-124.657342	0.012344	-87.327544	0.295384	-133.600619	-0.289544	-132.213817	-0.415794
13020.833340	-121.721367	0.155300	-77.572370	0.168827	-123.077213	-0.180052	-137.326865	0.476796
13062.836028	-123.577606	0.418329	-77.170728	0.155116	-121.860781	-0.299962	-118.740211	-0.366101
13104.838716	-118.023777	0.208690	-79.630890	-0.463221	-126.809784	0.181358	-120.887572	0.292485
13146.841404	-130.337766	-0.325698	-81.674856	0.418301	-125.975246	-0.082109	-121.160605	0.350899
13188.844092	-123.123265	0.169162	-79.349116	0.158417	-127.407701	0.446529	-125.218658	0.258132
13230.846781	-124.680027	0.403309	-83.911661	0.225043	-127.868319	-0.044555	-135.308020	-0.031795
13272.849469	-120.595937	0.294939	-86.709023	-0.188043	-122.987422	0.242173	-120.797952	-0.436487
13314.852157	-116.629871	0.284816	-80.217564	0.294639	-126.329383	-0.365658	-119.880088	-0.441776
13356.854845	-120.010487	0.218471	-68.896239	-0.173322	-121.759666	-0.474710	-117.284988	0.373467
13398.857533	-123.232007	-0.479311	-79.546389	0.079205	-117.910641	0.414979	-117.532552	0.494971
13440.860221	-122.944434	-0.031767	-75.285224	-0.426430	-117.010146	-0.176133	-126.938521	0.075962
13482.862910	-115.950155	-0.225199	-80.709923	-0.151434	-121.149409	-0.081623	-116.100573	0.428320
13524.865598	-120.390793	-0.344720	-78.913919	-0.197550	-128.363516	-0.048530	-115.966951	-0.298257
13566.868286	-133.927671	-0.487284	-75.992707	0.468919	-120.477997	0.011658	-120.253643	0.018211
13608.870974	-119.165433	-0.183092	-84.980193	0.462913	-120.115134	-0.116619	-130.445410	-0.119843
13650.873662	-133.139114	0.116740	-77.405436	-0.377455	-132.801408	0.195020	-122.493727	0.338492
13692.876351	-136.106734	-0.430776	-76.600116	0.492538	-117.735223	0.331675	-126.012418	-0.430878
13734.879039	-119.854839	0.271978	-84.248946	0.208066	-122.950786	-0.453763	-127.214419	0.327847
13776.881727	-123.201985	0.193562	-98.440984	0.022192	-120.922349	-0.404523	-118.517907	0.347432
13818.884415	-126.217348	-0.303797	-78.215068	-0.200187	-117.772248	-0.314008	-130.810552	0.224692
13860.887103	-136.014227	0.397136	-77.855281	0.123440	-119.973543	-0.293533	-128.528433	0.436864
13902.889792	-123.870089	0.042601	-73.773888	0.228965	-117.907123	-0.228201	-126.919324	-0.288974
13944.892480	-130.712755	0.214308	-75.393004	-0.266474	-117.605506	0.042523	-123.586145	0.121447
13986.895168	-127.162406	0.009238	-76.039015	-0.047494	-120.411395	-0.016977	-127.650502	0.035454
14028.897856	-123.994430	-0.336996	-73.669653	0.377909	-127.221667	-0.441806	-125.944038	0.325755
14070.900544	-103.570653	0.457631	-79.611123	-0.220221	-120.886021	-0.053552	-119.492753	0.112796
14112.903233	-123.110927	0.025548	-73.519664	-0.157273	-128.346766	-0.408687	-123.455314	-0.074732
14154.905921	-119.502172	-0.407408	-86.412718	-0.274119	-121.150212	0.352513	-124.480973	-0.334967
14196.908609	-118.458934	0.407811	-78.130390	-0.116173	-122.360064	0.282200	-117.357561	0.414014
14238.911297	-128.106071	0.462908	-79.633817	0.083210	-119.693620	0.446882	-122.173644	-0.015994
14280.913985	-128.056506	0.059297	-97.746847	0.364685	-118.783894	0.021499	-123.247921	-0.397589
14322.916674	-118.551977	-0.183672	-85.373984	-0.149721	-126.628499	0.115621	-123.107410	0.118072
14364.919362	-121.035534	0.301935	-78.494409	-0.197068	-120.906993	0.089369	-119.422195	0.253245
14406.922050	-124.384176	-0.316788	-89.484438	0.363130	-129.517338	0.365257	-124.753648	0.061798
14448.924738	-130.025575	-0.272008	-76.839853	-0.287947	-145.402864	-0.217158	-122.916096	-0.048634
14490.927426	-127.340569	0.067427	-87.329769	-0.013697	-118.375207	0.070492	-125.556758	0.267513
14532.930114	-117.889249	0.096671	-83.865169	0.239981	-118.057987	0.421849	-125.209919	0.359543
14574.932803	-120.112831	-0.313004	-81.388424	-0.165350	-119.987565	-0.216734	-124.698738	0.292403
14616.935491	-134.317247	0.031097	-81.970234	-0.238068	-129.347927	-0.393109	-120.756700	0.314980
14658.938179	-125.142561	-0.205428	-74.715049	0.360476	-124.446629	-0.406269	-128.543877	-0.158216
14700.940867	-124.873609	-0.159294	-77.274777	-0.176044	-127.366412	0.414689	-117.297295	-0.115465
14742.943555	-125.705191	-0.058896	-91.654141	-0.288674	-127.783291	-0.178905	-116.186409	-0.067626
14784.946244	-121.895071	-0.461444	-79.832673	-0.311462	-126.740345	0.166531	-124.298475	0.372100
14826.948932	-128.703373	-0.075369	-79.802664	-0.043406	-136.801621	0.058189	-122.895409	-0.265691
14868.951620	-129.371480	0.422594	-81.506913	-0.121505	-122.627628	0.172083	-126.763571	0.205986
14910.954308	-123.217938	-0.261393	-76.159816	-0.204172	-121.413392	0.458534	-119.743468	0.423274
14952.956996	-118.283153	-0.341741	-88.093730	-0.312030	-123.763358	-0.193892	-122.375647	-0.258432
14994.959685	-118.842090	0.018990	-82.755699	0.251932	-132.424391	0.332430	-125.243654	0.065851
15036.962373	-119.694669	0.172679	-78.019692	0.132129	-127.357542	-0.107314	-120.208404	0.353449
15078.965061	-122.947872	0.079252	-80.453591	-0.033749	-125.699911	-0.140502	-118.674768	-0.384386
15120.967749	-127.196754	-0.194040	-82.771387	0.491634	-125.582344	0.283184	-126.444759	0.248318
15162.970437	-121.779526	0.001822	-87.794517	-0.304919	-119.177424	0.420963	-132.714070	0.052049
15204.973126	-121.218516	-0.070797	-77.646463	-0.070007	-125.292236	-0.140674	-119.409310	-0.316666
15246.975814	-122.885148	-0.102969	-78.637944	-0.162240	-124.239782	0.282523	-138.714584	-0.148745
15288.978502	-124.183323	-0.495569	-84.523588	0.454218	-128.133961	-0.129178	-123.569541	-0.233113
15330.981190	-128.324396	-0.487934	-80.571633	0.253157	-121.040813	0.312179	-119.608431	0.133703
15372.983878	-123.797356	-0.235457	-88.270489	-0.070826	-119.527270	0.059414	-117.729240	0.125456
15414.986567	-122.767936	-0.052789	-76.516972	-0.219070	-123.966410	0.248972	-124.978621	0.327962
15456.989255	-136.007150	0.380182	-79.895300	0.380518	-120.015544	0.498189	-128.693957	-0.096461
15498.991943	-137.009341	-0.150279	-80.176915	0.302302	-121.323803	0.042579	-116.884545	0.367443
15540.994631	-117.572292	0.444271	-81.779412	-0.490291	-125.737409	0.485707	-124.120278	0.349733
15582.997319	-128.018185	0.317064	-78.681854	0.389734	-119.965135	-0.167103	-131.841123	-0.134854
15625.000007	-129.885343	0.368869	-79.665895	-0.028145	-116.133262	-0.404447	-121.494924	-0.346163
15667.002696	-124.914301	-0.011674	-98.535826	-0.246667	-125.199060	-0.024303	-133.038278	0.410960
15709.005384	-126.056832	-0.084425	-82.839494	0.197556	-124.027057	0.435282	-125.451865	0.323309
15751.008072	-122.231537	0.062080	-76.087216	0.254850	-120.578206	-0.065420	-119.040629	0.373732
15793.010760	-132.532470	-0.311663	-81.795881	0.379089	-126.612483	0.135945	-124.205158	-0.246838
15835.013448	-119.153819	-0.086708	-85.984979	0.326270	-118.813008	-0.025821	-127.089260	-0.067015
15877.016137	-117.603883	0.373263	-77.273547	0.076086	-123.653053	0.268909	-121.923812	0.049801
15919.018825	-125.963086	-0.362373	-77.313980	0.497903	-120.849818	0.332106	-119.040823	0.466484
15961.021513	-124.790561	0.266394	-76.641235	-0.057321	-130.691280	-0.066462	-131.658666	0.473997
16003.024201	-121.460440	0.082223	-80.633626	0.196317	-117.200924	0.196833	-118.978482	0.363451
16045.026889	-127.813060	-0.248855	-87.246270	-0.463462	-137.227674	0.307479	-126.691133	-0.167413
16087.029578	-121.918265	0.283041	-77.336201	-0.428549	-121.964943	0.108942	-118.980610	0.196747
16129.032266	-129.852343	0.172142	-77.438967	0.202760	-122.552618	0.326544	-117.791176	0.019413
16171.034954	-120.632799	-0.233393	-81.775873	0.384062	-121.154792	0.353723	-124.468335	0.344090
16213.037642	-125.122159	0.017964	-95.756785	-0.026376	-137.165021	0.116043	-125.439163	-0.497740
16255.040330	-130.307341	0.483486	-81.351531	-0.154327	-120.787367	0.377847	-132.782661	-0.250731
16297.043019	-119.072680	-0.417423	-82.683259	0.352260	-128.803347	-0.180966	-124.669665	0.311000
16339.045707	-120.256164	-0.485943	-75.724272	-0.478244	-126.029177	0.026704	-121.219754	-0.399350
16381.048395	-117.686405	-0.214779	-74.904971	0.168616	-120.585940	-0.273747	-134.386394	-0.471922
16423.051083	-116.303260	-0.457960	-79.103919	-0.185906	-128.247778	-0.201615	-129.391307	-0.061518
16465.053771	-123.259875	0.398931	-81.520515	-0.122522	-124.063074	-0.446054	-122.071129	0.165434
16507.056460	-118.868266	0.390965	-84.184389	0.145927	-121.454331	0.003840	-125.665112	0.216458
16549.059148	-132.396681	-0.124694	-76.035799	-0.251216	-118.510040	-0.194102	-122.137382	0.117952
16591.061836	-122.971519	0.165734	-79.588596	0.047478	-132.602200	-0.199338	-122.174756	-0.246801
16633.064524	-133.414610	-0.133444	-74.110449	0.438409	-123.626100	-0.101771	-127.854877	-0.331183
16675.067212	-124.546909	0.381345	-80.183107	-0.322242	-139.179168	-0.361839	-122.729528	-0.261415
16717.069900	-118.292011	0.325071	-78.193957	-0.320976	-125.144437	0.132088	-123.525735	-0.273394
16759.072589	-121.270022	-0.382656	-78.843199	-0.104312	-124.538676	0.446665	-118.941722	-0.427674
16801.075277	-128.576158	0.384173	-86.029442	-0.278285	-123.914671	-0.075783	-124.714364	0.409635
16843.077965	-130.990600	-0.360485	-79.223530	0.102842	-130.288404	0.021414	-123.913375	-0.070475
16885.080653	-101.797495	-0.237825	-84.682055	0.161699	-133.802911	0.053520	-125.719708	0.209989
16927.083341	-123.172864	-0.460108	-81.646942	0.143731	-116.050254	-0.482794	-118.180134	-0.349797
16969.086030	-124.987313	-0.054653	-76.726199	-0.432896	-118.971794	0.421743	-119.110413	-0.459497
17011.088718	-122.574522	-0.453824	-82.394291	-0.084674	-120.510093	0.194027	-125.355912	-0.449946
17053.091406	-139.449302	-0.052510	-72.899437	-0.084819	-130.018268	-0.322511	-121.107390	-0.374421
17095.094094	-119.601007	0.178965	-79.892168	-0.039700	-120.758963	0.060168	-119.552527	0.392783
17137.096782	-122.666853	-0.033468	-84.137393	0.183214	-128.411882	0.351607	-129.023205	0.393284
17179.099471	-118.543149	-0.258985	-82.894096	0.080314	-121.464586	-0.256050	-132.589180	0.439312
17221.102159	-122.798764	-0.255910	-87.487762	0.293962	-145.863629	0.031573	-125.326008	0.169079
17263.104847	-122.505013	-0.014340	-81.359314	-0.096653	-125.547224	-0.032495	-123.810651	0.439877
17305.107535	-121.658588	0.349101	-81.254833	0.438542	-144.256369	-0.166964	-131.443071	-0.478405
17347.110223	-119.888733	-0.151006	-85.135893	-0.329828	-127.767273	0.243241	-120.780128	-0.302956
17389.112912	-121.991419	0.456815	-85.678527	-0.232842	-127.124286	-0.240361	-120.374476	-0.461390
17431.115600	-115.035646	0.309326	-86.550322	-0.439208	-130.990421	-0.228755	-121.235044	-0.097999
17473.118288	-129.964185	0.223164	-78.487423	-0.068270	-124.384229	-0.006481	-135.946474	-0.202710
17515.120976	-126.213645	0.172974	-88.307273	0.470959	-130.293042	-0.028791	-118.619204	0.431844
17557.123664	-118.035343	0.206084	-72.814806	0.480576	-123.332691	0.357282	-120.380357	0.095039
17599.126353	-124.737023	0.217026	-84.872518	0.283684	-146.302743	0.205699	-154.717765	0.431322
17641.129041	-117.125980	0.221670	-92.335726	-0.327636	-121.167616	-0.171589	-122.464399	0.146762
17683.131729	-127.572323	0.481851	-75.315463	0.499805	-126.239340	-0.378573	-121.413774	-0.053549
17725.134417	-123.876489	0.337679	-78.196426	-0.341885	-123.683669	0.248761	-122.434888	-0.014940
17767.137105	-127.362930	0.024569	-79.565544	0.080902	-119.950555	0.091627	-125.258281	-0.444033
17809.139793	-121.762979	-0.158405	-77.914678	0.065041	-121.756686	0.057628	-121.212134	-0.059767
17851.142482	-135.721667	-0.467289	-88.141803	0.223441	-116.514537	-0.271774	-127.311660	0.034750
17893.145170	-126.543133	0.162200	-79.944980	0.209607	-118.439354	-0.132645	-126.652204	0.154385
17935.147858	-129.957371	-0.211132	-104.385339	-0.409544	-121.902520	0.402470	-119.747535	-0.495635
17977.150546	-122.966859	0.035089	-77.645508	0.372090	-135.053543	-0.318711	-122.503313	0.460928
18019.153234	-118.239772	-0.382078	-77.852823	-0.151316	-116.680002	-0.318780	-119.289247	-0.366278
18061.155923	-128.620647	-0.370622	-86.239758	0.132620	-117.315179	0.451800	-121.153559	-0.449977
18103.158611	-138.395256	0.297836	-77.390321	-0.127411	-129.125179	0.187388	-119.161421	-0.177613
18145.161299	-122.179066	0.471022	-73.138069	-0.302020	-120.209050	0.428939	-117.006513	0.243857
18187.163987	-121.609886	-0.370990	-86.449000	-0.436594	-122.961302	-0.145914	-119.194173	-0.276513
18229.166675	-122.758982	-0.233906	-96.350482	0.103120	-128.065279	0.104975	-120.066145	-0.446358
18271.169364	-130.515681	0.327505	-91.137631	0.287480	-126.959566	-0.459942	-124.819308	0.382785
18313.172052	-121.924549	0.228910	-82.843511	-0.406660	-124.465869	0.090584	-124.446509	-0.377717
18355.174740	-123.332476	-0.497986	-85.565370	-0.363019	-129.986251	0.481579	-126.744813	-0.211708
18397.177428	-127.902444	-0.072735	-80.039813	-0.154946	-124.124664	0.414767	-117.893182	0.233453
18439.180116	-131.745653	-0.002027	-86.393588	0.171437	-126.032435	-0.499689	-120.001789	0.358533
18481.182805	-121.636633	0.357690	-77.554781	0.350732	-134.435114	0.400633	-121.252502	-0.174297
18523.185493	-121.766541	-0.454381	-75.148026	-0.117587	-117.688932	0.362136	-126.706332	-0.396446
18565.188181	-123.535700	-0.011677	-87.013016	-0.101150	-139.942200	0.126390	-129.793717	-0.348687
18607.190869	-123.533311	-0.277261	-77.006627	-0.138381	-124.057326	0.007286	-129.700036	0.442012
18649.193557	-124.424490	0.187903	-77.409752	0.166002	-126.576643	0.135059	-130.124666	0.038228
18691.196246	-120.250939	-0.009266	-76.685985	-0.369043	-124.236639	0.074998	-119.812229	-0.094937
18733.198934	-123.561929	0.107861	-87.131936	0.137652	-128.256996	-0.211840	-120.720260	-0.126357
18775.201622	-126.131592	0.449547	-86.590858	0.127664	-121.554451	-0.386084	-130.764482	0.011337
18817.204310	-128.311372	-0.495785	-74.595513	-0.089900	-123.089730	0.205838	-122.985659	0.055132
18859.206998	-125.982638	0.404346	-92.199218	0.266942	-128.890890	-0.267824	-120.914886	0.226588
18901.209686	-124.951511	-0.240360	-84.683896	-0.360642	-121.778744	-0.312009	-126.580759	-0.048100
18943.212375	-127.720236	0.196102	-82.252450	0.396070	-121.754686	0.089407	-120.014767	0.166389
18985.215063	-125.538125	0.083976	-79.485696	-0.160519	-125.410047	0.068784	-123.326023	0.182971
19027.217751	-133.808690	0.376322	-79.155130	-0.311196	-127.269251	-0.051384	-125.874213	-0.388484
19069.220439	-116.993371	-0.441439	-80.201893	-0.315143	-120.242731	0.243288	-128.135759	0.257580
19111.223127	-116.525825	-0.095208	-79.477843	0.106962	-117.025273	0.144105	-118.480665	-0.283038
19153.225816	-125.357791	-0.029408	-90.101072	-0.484526	-125.906103	-0.013912	-128.318888	-0.268303
19195.228504	-118.516357	0.344941	-83.123692	0.006586	-123.552532	-0.092286	-125.755479	-0.399693
19237.231192	-124.666660	-0.394576	-92.899552	-0.434982	-125.778036	-0.114200	-127.665698	-0.035266
19279.233880	-128.821386	0.220296	-79.990003	0.083525	-119.500565	-0.499444	-121.009895	0.288359
19321.236568	-128.304872	0.164017	-76.268227	-0.154106	-120.420594	0.485177	-123.531903	0.333346
19363.239257	-131.255168	-0.434365	-78.406423	0.429555	-122.356829	-0.344484	-119.541892	0.414123
19405.241945	-127.389403	0.327126	-91.569461	-0.345526	-120.375224	0.187932	-124.778754	0.356294
19447.244633	-117.585443	0.330371	-85.527316	-0.322903	-120.218830	-0.462822	-121.957184	0.433596
19489.247321	-125.285076	0.460518	-83.041307	0.379237	-123.640680	0.022290	-116.496830	-0.106407
19531.250009	-118.285222	-0.180596	-75.686332	0.108811	-120.904024	0.013645	-126.220099	0.383755
19573.252698	-128.961528	0.126167	-91.621693	-0.217592	-123.025178	-0.015240	-119.410668	0.407478
19615.255386	-126.379626	-0.336307	-78.402061	0.324763	-119.654428	0.398630	-120.141257	-0.262060
19657.258074	-125.364011	-0.485811	-74.833018	0.002008	-123.028704	0.096265	-137.131434	-0.177725
19699.260762	-109.957543	-0.472057	-77.750471	-0.233369	-127.913155	-0.190788	-118.719058	0.263847
19741.263450	-137.944120	0.272511	-85.728953	-0.391496	-127.608520	0.206555	-123.664775	0.189270
19783.266139	-140.421708	0.149071	-83.075588	0.235097	-123.127239	-0.481169	-122.499139	-0.181432
19825.268827	-152.473795	0.468570	-77.429296	-0.112033	-125.072339	0.365601	-118.853505	-0.108869
19867.271515	-114.873456	0.387990	-86.212131	-0.058293	-124.680345	0.475699	-123.388960	0.388130
19909.274203	-132.393482	0.257611	-81.442251	0.332679	-119.206380	0.036927	-122.161315	-0.252597
19951.276891	-127.505281	-0.393513	-78.928370	-0.209931	-123.651313	-0.213935	-123.082326	0.047250
19993.279579	-119.215346	-0.162396	-92.835334	-0.147489	-118.669184	-0.332816	-119.322515	0.137208
20035.282268	-127.385737	-0.425983	-84.579534	0.132240	-127.360367	0.280562	-124.193556	0.146980
20077.284956	-121.409664	-0.299286	-82.056393	-0.494172	-131.514237	0.216550	-127.763457	0.167493
20119.287644	-122.463837	-0.392564	-78.995441	0.329586	-139.004416	0.300528	-121.547533	-0.283326
20161.290332	-121.970853	0.271163	-81.537671	-0.208623	-130.591987	0.176984	-134.590183	0.053037
20203.293020	-124.834697	0.175555	-88.347084	0.370694	-124.215765	0.072974	-120.365739	0.058434
20245.295709	-121.505685	0.103949	-81.936460	-0.063745	-125.361678	-0.447139	-119.479090	-0.080257
20287.298397	-120.793148	-0.032582	-78.984485	0.201894	-124.588434	-0.442540	-125.600202	-0.083262
20329.301085	-132.565599	0.383554	-84.988046	0.153408	-118.783022	0.498373	-128.630474	0.113433
20371.303773	-120.234118	0.212849	-84.141013	-0.253808	-123.757747	-0.254930	-119.416805	0.343657
20413.306461	-118.484707	-0.036449	-81.132603	0.450977	-128.273139	-0.385664	-123.013007	0.073648
20455.309150	-129.055679	-0.268838	-82.216306	0.225919	-117.650211	-0.252233	-119.724224	-0.455948
20497.311838	-117.488985	0.146844	-77.750250	0.433583	-132.553436	0.364608	-134.017474	-0.008737
20539.314526	-125.955947	0.489996	-78.580023	0.185881	-121.285427	0.162072	-124.911135	0.106129
20581.317214	-122.132785	-0.046902	-76.962345	-0.431264	-123.465350	-0.317677	-119.333282	-0.044945
20623.319902	-121.801728	0.487233	-82.038434	-0.204593	-124.602139	0.247998	-128.573969	-0.385945
20665.322591	-120.468537	-0.179377	-79.714242	0.008307	-131.018493	0.365732	-118.325464	-0.062833
20707.325279	-119.974959	-0.442345	-89.670636	0.314730	-131.355288	-0.027152	-128.751062	-0.038296
20749.327967	-126.605450	-0.234264	-78.772417	-0.329468	-120.607739	-0.154894	-120.600890	-0.452929
20791.330655	-123.161181	0.160115	-78.604516	-0.188565	-119.207763	-0.051392	-116.684582	0.433362
20833.333343	-121.915652	-0.228038	-87.388155	-0.203715	-127.471477	0.306032	-122.014959	-0.146730
20875.336032	-133.269132	0.013624	-77.043720	-0.388143	-131.355809	0.394333	-127.837224	-0.422318
20917.338720	-121.060257	0.388638	-81.645939	-0.129476	-121.557316	-0.207327	-126.097538	0.001192
20959.341408	-129.007191	-0.380046	-83.574329	-0.368570	-128.216993	-0.012149	-123.698994	-0.433279
21001.344096	-126.066417	0.228253	-91.172626	-0.075888	-121.482413	-0.055441	-119.766730	-0.226105
21043.346784	-125.015630	-0.483844	-79.025259	-0.498823	-122.291742	-0.355483	-119.789095	-0.455320
21085.349472	-121.317561	-0.095387	-76.972077	0.459000	-130.119058	0.102955	-139.572115	0.126811
21127.352161	-128.084335	-0.218291	-93.800873	0.093250	-123.455354	0.390902	-130.230528	0.145043
21169.354849	-124.720596	-0.134654	-84.933017	0.041959	-120.305173	0.374894	-129.853414	0.462697
21211.357537	-121.922542	0.314070	-90.017803	0.429133	-125.638257	0.333715	-119.829086	-0.011366
21253.360225	-122.348679	-0.492338	-84.127617	-0.322119	-121.840779	0.080004	-123.351690	0.361526
21295.362913	-123.351643	-0.341153	-93.142205	-0.236686	-117.928675	-0.099354	-126.754441	-0.277637
21337.365602	-134.141489	0.369442	-79.014030	0.215670	-121.361188	0.003091	-121.552375	-0.369138
21379.368290	-117.399983	-0.423302	-87.556089	-0.015352	-122.511143	-0.362410	-120.588187	-0.059029
21421.370978	-133.432409	0.499996	-83.760069	0.035301	-122.017426	-0.093982	-133.626488	0.384018
21463.373666	-127.988980	0.134538	-80.536011	-0.277396	-129.151905	-0.109476	-124.387494	0.237183
21505.376354	-140.941430	-0.053913	-77.660626	0.243312	-121.596476	-0.287710	-118.804347	0.009904
21547.379043	-119.910292	0.497537	-87.327625	-0.082399	-127.566953	-0.357462	-116.698090	-0.326106
21589.381731	-119.984293	0.020252	-82.413473	-0.052386	-121.635653	0.411804	-117.181663	-0.217643
21631.384419	-123.864107	0.005849	-78.817532	-0.089943	-122.264595	0.081598	-121.138687	0.146456
21673.387107	-127.664231	0.108491	-83.229259	-0.109112	-124.956560	-0.367721	-124.666073	-0.195302
21715.389795	-121.374021	0.126713	-88.505937	0.003935	-120.583636	0.057112	-127.656602	0.225087
21757.392484	-122.424235	-0.074599	-83.084072	-0.046154	-135.018161	0.337603	-122.717215	-0.072646
21799.395172	-123.701246	0.019964	-84.140878	-0.192752	-125.180149	0.234675	-124.707206	0.014458
21841.397860	-127.477548	0.221522	-98.230390	-0.378150	-123.003999	0.226853	-121.543716	-0.326203
21883.400548	-125.760495	0.247202	-81.085249	0.459823	-130.047797	0.218649	-123.024684	0.097106
21925.403236	-118.765409	-0.411622	-77.904649	-0.020293	-126.778201	0.180491	-128.790220	0.367095
21967.405924	-121.350682	-0.406576	-81.902568	0.403828	-122.538867	-0.107285	-124.861279	-0.100130
22009.408613	-121.551513	-0.198556	-92.306608	0.179474	-117.697251	0.494346	-127.063127	0.254499
22051.411301	-116.241643	-0.370200	-83.491518	0.034649	-123.989023	0.240778	-122.141322	-0.486045
22093.413989	-122.516333	-0.131670	-104.815685	0.256870	-132.702917	0.053705	-121.282021	-0.329512
22135.416677	-122.628476	0.199586	-92.198636	0.238105	-115.878141	-0.287774	-131.572654	0.052316
22177.419365	-127.800257	-0.366907	-78.126426	-0.165531	-120.029994	0.080060	-131.990820	-0.078960
22219.422054	-122.891479	-0.461156	-81.726994	0.127995	-120.946625	0.334106	-142.679356	-0.179481
22261.424742	-130.100887	0.085760	-83.167191	0.481156	-127.118314	0.464505	-122.052637	0.250640
22303.427430	-128.277188	0.364775	-92.523997	0.224709	-134.404717	0.198933	-123.641256	0.439629
22345.430118	-129.419777	-0.242457	-89.880490	-0.050076	-135.568205	-0.021307	-121.840324	-0.145044
22387.432806	-132.132870	0.257156	-90.901763	0.013926	-118.691472	0.347771	-125.961212	0.248436
22429.435495	-129.148297	0.369123	-77.459926	-0.211960	-116.821842	0.154344	-124.923041	0.355210
22471.438183	-129.314160	0.465578	-82.209355	0.050683	-115.513230	0.406496	-127.257581	-0.354322
22513.440871	-108.545567	-0.150519	-78.415982	-0.412413	-126.639229	-0.294554	-129.789094	-0.077867
22555.443559	-124.172829	-0.484363	-87.362476	0.314947	-114.650856	0.295963	-120.568522	-0.194342
22597.446247	-118.170551	-0.316368	-82.072164	-0.259702	-121.789428	-0.487082	-119.830082	0.154087
22639.448936	-135.429186	0.397552	-81.497926	-0.072610	-124.085138	-0.303586	-123.779852	-0.375782
22681.451624	-121.075583	0.084811	-78.748451	-0.419214	-118.515552	-0.191824	-123.500634	-0.377871
22723.454312	-122.650698	-0.154279	-81.952712	0.493159	-119.227517	0.045887	-129.824278	-0.494628
22765.457000	-121.205734	0.002458	-79.341808	-0.205249	-116.555015	0.150137	-128.168408	0.485390
22807.459688	-125.867284	-0.199174	-84.555998	0.376706	-120.731915	-0.321519	-123.387248	-0.227586
22849.462377	-123.370874	0.402715	-84.250257	-0.309696	-132.164262	0.183038	-125.066794	0.232223
22891.465065	-124.719441	0.411929	-85.872439	0.241535	-127.267464	-0.336205	-118.025862	-0.129414
22933.467753	-126.848898	-0.225506	-80.937859	0.291928	-120.652435	-0.393310	-124.728802	0.290897
22975.470441	-124.104534	-0.364397	-82.029574	0.108564	-129.053900	-0.291278	-124.443558	-0.411592
23017.473129	-120.618568	-0.196727	-79.497182	0.151666	-131.268954	0.391370	-125.464882	0.005835
23059.475817	-124.761541	0.269950	-84.280542	-0.180477	-116.517942	0.418797	-117.725703	-0.399653
23101.478506	-126.132110	-0.129045	-81.208064	0.327461	-121.608215	-0.054878	-125.197105	-0.398067
23143.481194	-123.836503	-0.032383	-81.445686	0.378877	-120.713893	0.395464	-126.178732	-0.008857
23185.483882	-138.033462	-0.032386	-87.045217	-0.465281	-129.788652	0.196242	-123.500351	-0.296618
23227.486570	-116.361578	0.499524	-80.549948	-0.148262	-118.041482	-0.370563	-117.247241	-0.295563
23269.489258	-118.929685	-0.076746	-80.659773	-0.337828	-123.070298	-0.162247	-120.878662	-0.121506
23311.491947	-120.431580	0.479419	-79.501507	0.243490	-127.138722	-0.473435	-127.314437	0.020953
23353.494635	-120.307665	-0.439369	-83.558086	-0.498538	-128.891875	-0.394691	-124.406084	-0.395636
23395.497323	-124.538530	0.449019	-80.735105	0.489407	-119.040094	-0.373164	-131.714121	-0.210572
23437.500011	-135.705962	-0.097104	-87.745080	-0.461223	-122.603622	0.200695	-125.027247	0.364879
23479.502699	-122.260252	0.036629	-85.681074	-0.107156	-123.593483	0.185456	-121.986055	0.366838
23521.505388	-128.425516	-0.093245	-82.200735	0.111719	-120.223341	0.306803	-122.556524	0.214230
23563.508076	-124.113354	0.055095	-84.258847	-0.334965	-126.773813	-0.204225	-125.409675	0.091152
23605.510764	-126.342683	0.302661	-83.556328	-0.321234	-120.872978	0.247957	-119.515216	0.243972
23647.513452	-126.631919	-0.233129	-78.366475	-0.040239	-119.866774	0.145227	-128.012857	0.077702
23689.516140	-122.492304	-0.060342	-85.210726	0.077813	-120.306540	0.203328	-122.771544	-0.089201
23731.518829	-115.332151	-0.160122	-85.423250	0.465223	-115.293792	-0.254973	-123.665211	0.385312
23773.521517	-119.875317	0.007274	-80.534540	0.269160	-125.125953	-0.276794	-125.125904	-0.221917
23815.524205	-121.524226	0.016833	-87.384491	-0.116614	-127.816686	-0.101282	-120.585545	0.051861
23857.526893	-125.839569	-0.488176	-87.433718	-0.081551	-125.947402	-0.318474	-118.959490	-0.166122
23899.529581	-124.570622	0.312040	-83.181181	0.478168	-119.664420	0.067483	-129.184450	0.064178
23941.532270	-126.100047	0.396433	-86.777302	-0.242022	-132.897028	0.014776	-129.509779	-0.330142
23983.534958	-117.867014	0.304180	-89.828427	-0.246974	-133.369787	0.108889	-122.851329	0.167885
24025.537646	-121.299304	-0.000858	-77.930555	0.180725	-124.626973	-0.322505	-132.803594	-0.085984
24067.540334	-124.125412	-0.304400	-94.856356	0.127753	-130.408088	0.323446	-120.573602	-0.351939
24109.543022	-121.628639	-0.091068	-86.153628	2.287297E-5	-133.549229	0.026546	-141.062592	0.032509
24151.545710	-119.592510	0.097533	-85.386999	-0.308394	-121.538900	0.171359	-128.893401	-0.487216
24193.548399	-125.001171	0.102544	-92.189141	0.339036	-117.841487	-0.383896	-121.403731	-0.018049
24235.551087	-127.906348	0.199260	-89.132928	-0.221848	-123.817734	-0.427702	-123.139936	-0.274023
24277.553775	-115.826951	0.174506	-84.987732	0.233739	-120.414681	0.084526	-120.593457	-0.331638
24319.556463	-121.611842	0.126225	-95.211161	0.167044	-122.244686	-0.498436	-126.710768	0.131635
24361.559151	-119.817073	-0.497298	-80.230970	0.128637	-116.142956	-0.276714	-129.572548	0.272953
24403.561840	-120.481624	-0.100681	-91.586743	0.380206	-122.644181	0.049594	-125.150791	-0.035633
24445.564528	-120.368864	0.049115	-85.835353	0.336572	-121.243313	-0.130499	-126.131232	-0.008998
24487.567216	-123.837082	0.094882	-87.289224	-0.463453	-126.161600	-0.359647	-118.361375	0.294336
24529.569904	-138.668029	0.376700	-90.124432	0.263617	-119.925113	-0.364214	-124.848123	-0.340288
24571.572592	-126.258320	-0.064999	-81.288546	-0.070450	-117.255143	0.313087	-131.710087	0.078540
24613.575281	-136.302214	0.064327	-84.811164	-0.264629	-117.787848	0.417688	-123.009097	-0.083966
24655.577969	-119.791584	0.315954	-89.639208	0.167529	-126.955813	0.256608	-121.730345	0.018717
24697.580657	-137.534678	0.260105	-90.731726	-0.406979	-134.104204	-0.358129	-120.630162	0.256894
24739.583345	-120.481244	0.470468	-85.477985	0.281557	-127.006822	0.198693	-122.552917	0.265254
24781.586033	-131.262331	-0.212141	-87.626684	-0.079553	-130.026101	0.357735	-124.910016	-0.336838
24823.588722	-129.008653	-0.043597	-84.197037	-0.395105	-131.811409	0.072752	-118.561356	0.351139
24865.591410	-119.001493	-0.194784	-91.228483	0.453972	-119.405010	-0.197549	-120.735991	0.398082
24907.594098	-117.061652	-0.160194	-80.261523	0.413484	-128.568060	0.105273	-124.217426	-0.315728
24949.596786	-137.471830	0.335295	-81.631030	0.065608	-122.907786	0.238367	-133.605277	0.258053
24991.599474	-125.593533	-0.134329	-84.297760	0.354974	-124.706760	-0.465845	-118.386887	0.462158
25033.602163	-133.011582	0.407627	-84.773859	0.375845	-123.082062	-0.274733	-142.504062	0.398822
25075.604851	-127.530559	0.125729	-85.351599	0.324701	-123.918204	-0.321187	-123.558025	-0.337783
25117.607539	-137.177239	-0.223587	-83.452446	0.018799	-118.070748	0.285471	-123.633655	-0.375270
25159.610227	-130.113543	-0.356858	-81.563648	0.113279	-128.772784	0.429479	-118.504511	0.206347
25201.612915	-121.533415	-0.099773	-82.161309	-0.173217	-121.607423	-0.078915	-124.552246	0.273068
25243.615603	-123.778189	-0.173886	-82.374025	-0.200794	-120.905682	0.145890	-132.636533	0.392643
25285.618292	-123.831662	0.284823	-78.916312	0.287378	-116.759413	-0.333554	-130.094007	0.434142
25327.620980	-115.274626	-0.437389	-81.509084	0.373337	-118.568790	0.324288	-123.777074	0.494128
25369.623668	-120.929781	0.400470	-79.213260	0.420349	-121.232494	-0.186944	-134.467168	-0.483759
25411.626356	-121.245361	-0.157321	-83.967036	-0.269666	-131.426161	-0.280185	-119.286966	-0.208358
25453.629044	-134.731028	0.291838	-92.613747	0.210786	-117.777462	0.422183	-124.933303	-0.314384
25495.631733	-123.314761	0.212003	-74.796083	-0.096119	-119.592435	-0.155943	-121.245009	0.030266
25537.634421	-120.023324	0.068550	-78.808570	-0.188522	-127.064370	-0.436280	-121.508929	-0.204124
25579.637109	-125.155139	0.026023	-79.029689	-0.490334	-123.633294	0.107259	-132.087753	-0.170874
25621.639797	-118.815297	0.408655	-81.162407	-0.438314	-130.191351	-0.016045	-124.937792	-0.116255
25663.642485	-116.955544	0.330834	-88.691824	-0.216044	-126.190462	-0.154789	-120.616049	0.156888
25705.645174	-118.238178	-0.331579	-84.349952	0.183814	-126.224514	-0.270061	-118.859252	-0.345238
25747.647862	-124.888160	0.114446	-82.522622	0.005807	-132.747463	0.312794	-124.479804	0.233951
25789.650550	-116.082098	0.106453	-80.552652	-0.340416	-120.938829	0.194360	-122.127328	-0.095156
25831.653238	-122.677369	-0.374439	-81.776420	0.000591	-127.985160	-0.387251	-118.914730	0.396977
25873.655926	-140.266020	-0.146144	-84.112013	0.422452	-119.099019	0.496583	-130.818658	-0.164159
25915.658615	-130.669080	-0.050310	-78.096768	0.234462	-128.491730	-0.233699	-123.899133	0.225433
25957.661303	-126.718467	0.486413	-85.558704	-0.285634	-122.120520	-0.271253	-134.507945	0.089412
25999.663991	-122.833272	0.029025	-80.660310	0.218531	-121.662602	-0.147025	-126.635817	0.463407
26041.666679	-119.295402	-0.374941	-84.733730	-0.444472	-139.973004	0.380435	-120.169325	-0.403155
26083.669367	-125.949411	-0.096714	-89.178555	-0.423374	-122.535982	-0.373029	-125.030268	-0.495594
26125.672056	-126.038173	-0.220044	-80.890753	0.014148	-119.328037	0.339385	-118.071494	0.242372
26167.674744	-119.595527	0.480133	-85.116800	0.191086	-125.006404	0.369249	-122.604510	-0.274793
26209.677432	-125.379854	-0.333618	-88.686668	0.469766	-123.743833	0.362128	-116.263895	-0.489201
26251.680120	-136.882858	0.385626	-76.850158	-0.420443	-119.771562	-0.079698	-119.529922	-0.252049
26293.682808	-127.453390	0.458554	-100.133667	0.312938	-135.559031	0.325422	-121.873820	-0.208199
26335.685496	-122.401269	0.337731	-83.397973	-0.456801	-130.655065	-0.040744	-128.375014	-0.443610
26377.688185	-127.423694	0.466231	-87.944665	-0.497597	-133.738136	-0.165715	-119.835695	-0.114954
26419.690873	-127.591911	-0.390682	-100.657804	0.019251	-122.898908	0.024221	-128.831000	-0.426345
26461.693561	-120.061053	-0.050592	-87.103476	-0.361842	-125.020302	0.121047	-133.800496	-0.405546
26503.696249	-124.413027	0.143631	-84.558744	-0.036106	-131.357375	0.455737	-119.880038	-0.310560
26545.698937	-119.926673	-0.466108	-83.250970	0.486649	-131.547735	0.204512	-134.383595	-0.178425
26587.701626	-118.953178	0.366129	-87.309364	0.219526	-123.316390	-0.174361	-129.248717	0.124626
26629.704314	-131.692038	0.185844	-82.148047	0.497042	-129.891915	0.377372	-119.337148	0.200904
26671.707002	-122.825782	-0.489532	-93.457765	0.144865	-121.253683	0.410645	-120.953398	-0.062513
26713.709690	-120.492413	0.004050	-85.453275	-0.105621	-135.856672	0.353772	-127.942718	0.320274
26755.712378	-116.653781	0.018796	-82.169008	-0.371604	-123.006406	-0.163650	-119.684870	-0.040905
26797.715067	-116.812775	-0.379497	-82.627184	0.145705	-119.124977	0.052899	-136.451308	0.184072
26839.717755	-126.931497	0.092418	-81.298867	-0.325610	-126.332587	0.036880	-132.573715	0.171080
26881.720443	-124.666731	-0.304633	-90.464894	-0.180167	-120.581625	-0.318461	-116.241116	-0.442586
26923.723131	-131.394392	0.464636	-86.205126	0.223389	-125.628551	-0.489768	-130.492797	0.394481
26965.725819	-132.898138	-0.326749	-84.191313	-0.298558	-123.739755	-0.204317	-120.638501	0.400502
27007.728508	-122.764919	-0.215342	-86.508888	-0.231350	-126.495153	-0.291817	-126.975897	0.229288
27049.731196	-123.478727	0.002003	-92.088046	-0.258543	-128.293117	-0.437735	-121.458380	0.322706
27091.733884	-118.468249	-0.473878	-87.601335	-0.371036	-121.982499	-0.041724	-134.387196	-0.373736
27133.736572	-121.919201	0.406360	-81.134924	0.325860	-127.330118	-0.363241	-126.745053	-0.049528
27175.739260	-119.377225	0.442178	-93.086070	0.086633	-121.785781	0.363538	-119.415606	0.473560
27217.741949	-125.804713	-0.235455	-83.512535	-0.098139	-119.896594	0.143997	-144.766755	-0.460150
27259.744637	-122.046032	-0.192112	-82.636878	-0.452661	-125.891970	-0.090835	-120.637927	-0.276780
27301.747325	-119.179375	0.474455	-87.541046	-0.206574	-121.410939	-0.289965	-126.550297	0.041318
27343.750013	-122.339574	0.463755	-79.792562	-0.472303	-126.899152	-0.110344	-126.890941	-0.059925
27385.752701	-118.647273	0.142396	-82.130044	-0.271761	-119.375740	0.414894	-121.729349	0.158117
27427.755389	-128.891790	0.213616	-91.736641	0.409674	-122.838111	0.182705	-135.837640	0.185653
27469.758078	-126.211613	-0.136913	-86.224336	0.410820	-124.179243	-0.140669	-121.219975	0.390797
27511.760766	-132.603158	0.472614	-79.987473	0.154781	-128.239344	-0.477325	-123.647768	-0.344421
27553.763454	-118.915573	-0.409318	-91.276617	0.309940	-125.465110	-0.326603	-120.205700	-0.074620
27595.766142	-126.147834	-0.485063	-88.972684	0.283842	-123.153799	0.365291	-123.538542	-0.263194
27637.768830	-119.987843	0.229545	-82.301935	0.188712	-129.840999	0.099656	-121.367726	0.110015
27679.771519	-117.328120	-0.351793	-84.684881	-0.255089	-129.772562	-0.284595	-118.322500	-0.356152
27721.774207	-127.925291	0.077370	-84.263463	0.100601	-126.118491	0.237312	-125.014744	-0.313117
27763.776895	-121.508778	-0.003516	-82.189829	-0.400122	-139.603601	-0.074967	-122.953861	0.025598
27805.779583	-122.950726	0.246831	-92.468772	-0.489292	-120.312919	0.367889	-127.036597	0.237806
27847.782271	-127.668401	-0.263330	-103.910332	-0.375557	-124.375622	0.242579	-119.303411	0.041916
27889.784960	-134.020694	0.320101	-86.293700	-0.081684	-134.964544	0.092241	-135.096990	-0.419503
27931.787648	-126.848899	-0.320056	-83.619951	0.434773	-117.564339	-0.323819	-125.932180	-0.276761
27973.790336	-124.995378	0.194575	-86.186927	-0.476865	-125.596797	0.260445	-129.106346	-0.406076
28015.793024	-122.705569	-0.372755	-90.823569	0.494288	-123.653042	0.003145	-115.847067	0.089783
28057.795712	-122.744978	0.220996	-83.836740	0.041415	-132.184212	-0.236781	-123.431983	-0.155656
28099.798401	-121.228347	-0.274111	-81.747855	0.034523	-122.373863	0.125651	-118.107970	0.015418
28141.801089	-110.549159	-0.068871	-85.425643	-0.396439	-130.396108	0.301429	-118.120371	0.034725
28183.803777	-128.635587	0.129333	-87.018817	0.285815	-131.686706	-0.423308	-126.348209	0.088851
28225.806465	-117.238437	-0.023567	-82.695874	0.054033	-121.924992	-0.370044	-134.861304	-0.159817
28267.809153	-120.060127	0.332956	-86.720326	0.402563	-117.765197	-0.476784	-121.955783	0.486082
28309.811842	-119.806365	-0.013011	-84.272105	-0.431092	-117.300524	-0.244602	-138.670156	0.213896
28351.814530	-121.973935	-0.141446	-78.954046	0.067726	-117.327650	0.459993	-121.983172	0.052820
28393.817218	-121.513318	-0.033091	-85.934680	-0.175122	-125.219000	0.062203	-127.684279	-0.475360
28435.819906	-120.600496	0.354400	-88.988909	0.227416	-124.243158	-0.124197	-132.572962	-0.461983
28477.822594	-119.637563	-0.490464	-81.341579	-0.332288	-123.873391	0.450758	-139.923467	-0.001252
28519.825282	-120.991469	0.046235	-92.755124	-0.427267	-140.256067	-0.476392	-131.192400	-0.366633
28561.827971	-123.397072	0.024965	-90.539160	0.034824	-140.067973	-0.141665	-123.283885	0.272685
28603.830659	-125.549623	0.447160	-87.872876	0.166354	-126.036573	0.285371	-123.096321	-0.393619
28645.833347	-137.400239	0.047523	-82.137664	0.380627	-124.714818	0.481563	-127.415791	0.295190
28687.836035	-118.014166	-0.280232	-78.745200	-0.146724	-119.105516	0.261671	-126.001249	0.412712
28729.838723	-115.613618	0.255663	-90.610973	0.453188	-127.646316	0.242448	-130.950967	0.060546
28771.841412	-114.548953	0.213658	-92.628024	-0.108607	-122.678943	0.375051	-123.357066	0.334075
28813.844100	-133.221251	0.114811	-79.672404	0.067070	-122.323918	0.290074	-117.744992	0.028849
28855.846788	-117.649371	0.389881	-89.998676	-0.374719	-136.307400	-0.249537	-125.001919	-0.191104
28897.849476	-122.814274	0.371925	-98.018057	0.261780	-124.913961	0.183439	-119.092997	0.101561
28939.852164	-126.494798	-0.154648	-84.752301	-0.255908	-132.530869	0.241830	-127.824167	0.321521
28981.854853	-119.191520	-0.090834	-89.165502	-0.470652	-118.120850	0.169682	-126.744059	-0.413099
29023.857541	-118.866774	0.145322	-83.751312	0.113938	-121.756150	-0.243959	-124.145915	0.267770
29065.860229	-119.603450	-0.086472	-79.500678	0.020424	-135.596463	-0.403475	-118.427676	-0.350530
29107.862917	-122.863689	0.154999	-88.342839	-0.252419	-118.402910	0.207247	-120.171964	0.113538
29149.865605	-119.559194	0.297318	-92.831447	-0.287151	-137.979357	-0.452513	-119.119241	0.098988
29191.868294	-118.459625	-0.325989	-83.214444	-0.243872	-124.190167	0.370767	-121.965832	-0.229596
29233.870982	-121.146333	0.215954	-78.328727	0.314670	-128.590303	0.376162	-130.341427	-0.344082
29275.873670	-127.983011	0.133357	-87.415772	-0.059272	-130.441297	0.413370	-131.239759	0.490517
29317.876358	-121.923015	0.323271	-86.199662	-0.199077	-122.760191	0.315667	-127.654831	0.007545
29359.879046	-120.431427	-0.128665	-90.425535	-0.288350	-125.587270	-0.366669	-118.387380	-0.139116
29401.881735	-119.506091	0.142069	-96.524326	-0.479706	-139.917662	-0.238135	-120.075510	-0.248947
29443.884423	-120.459132	-0.282224	-86.729668	-0.287615	-119.856473	0.420577	-121.666994	0.478747
29485.887111	-122.037510	-0.189750	-88.147449	-0.115176	-119.357612	0.225093	-130.349750	-0.225030
29527.889799	-134.707446	-0.193548	-83.022259	-0.160625	-126.255400	0.005815	-118.929458	0.155369
29569.892487	-118.652719	0.255245	-93.191197	-0.120637	-128.965870	0.281965	-124.976702	-0.351669
29611.895175	-138.385118	-0.450258	-85.015368	-0.090097	-121.766357	0.301321	-122.501013	-0.318125
29653.897864	-122.943977	-0.234639	-81.495455	-0.084802	-125.833241	-0.351861	-134.225297	0.477268
29695.900552	-127.427953	0.239526	-88.259297	0.459927	-114.630834	0.164073	-133.378229	0.162743
29737.903240	-122.650321	-0.484760	-92.393841	-0.226627	-122.867762	-0.165679	-138.418344	-0.229061
29779.905928	-116.768948	-0.407117	-99.300092	-0.275087	-132.481712	-0.397209	-122.269698	-0.290048
29821.908616	-125.367300	0.409928	-87.908035	0.434457	-128.648005	0.246026	-122.910065	-0.214398
29863.911305	-126.215531	0.445483	-86.324913	0.230574	-123.076217	-0.252048	-127.532484	0.060540
29905.913993	-124.776555	-0.106390	-85.858528	-0.336888	-128.116287	-0.411288	-122.666254	0.302513
29947.916681	-121.720482	-0.213401	-84.732193	0.405196	-119.672426	0.090811	-125.596768	-0.191264
29989.919369	-116.207809	-0.213174	-81.823329	0.296277	-122.922996	-0.163680	-126.296477	-0.126829
30031.922057	-118.203583	0.405905	-88.804623	-0.139829	-126.815681	-0.028789	-126.270067	-0.370655
30073.924746	-135.528984	-0.367034	-79.324431	0.336264	-125.386953	0.061729	-139.723105	-0.122408
30115.927434	-122.701248	0.277441	-93.101071	-0.380852	-139.244390	0.246185	-121.929807	-0.381530
30157.930122	-122.978852	0.324842	-85.874745	-0.218747	-119.337539	-0.227796	-124.351248	-0.088830
30199.932810	-118.423366	0.462502	-101.254640	-0.313431	-122.983362	0.186041	-136.961832	-0.407754
30241.935498	-121.103802	0.130491	-85.277631	-0.004178	-123.964869	-0.058496	-118.950852	0.192300
30283.938187	-119.523863	-0.097941	-80.567820	0.329556	-122.691511	0.002437	-124.118739	-0.108634
30325.940875	-117.843703	-0.440849	-110.737906	-0.360762	-131.639004	0.375972	-117.010258	-0.293155
30367.943563	-125.869761	0.011435	-92.174138	0.392361	-120.657648	-0.129521	-122.859185	0.002841
30409.946251	-126.577025	0.206922	-94.467374	0.347695	-131.061768	-0.223035	-115.426204	0.071791
30451.948939	-124.824212	0.140451	-90.435972	0.160888	-129.343709	-0.124315	-133.394411	-0.084239
30493.951628	-124.678947	0.100707	-89.563009	0.363033	-124.199190	-0.411227	-123.707123	-0.394714
30535.954316	-121.182882	-0.253119	-88.794307	-0.325908	-130.172253	0.081917	-127.168227	-0.337395
30577.957004	-140.590524	-0.206379	-87.099999	0.322718	-120.949691	0.338226	-119.758794	-0.046268
30619.959692	-123.719497	-0.269964	-96.287281	0.012078	-135.987995	0.429656	-130.503122	-0.385997
30661.962380	-126.994057	-0.288822	-93.417209	-0.313483	-121.972227	0.287878	-134.308500	0.038196
30703.965068	-125.374282	0.424633	-84.621155	-0.058153	-128.757868	-0.355864	-122.055841	-0.084569
30745.967757	-131.015497	-0.197974	-88.803906	-0.250098	-129.847073	-0.209655	-119.282477	-0.086535
30787.970445	-127.538311	0.376740	-103.650996	0.317860	-120.332117	-0.498887	-127.922356	0.278515
30829.973133	-136.406870	0.265888	-99.519068	0.486347	-122.599183	-0.455840	-125.976505	0.028887
30871.975821	-117.998148	0.195521	-90.282802	-0.041237	-124.801961	-0.282056	-124.444921	-0.190433
30913.978509	-125.080117	-0.471270	-87.204745	0.016115	-120.898610	0.366627	-125.479777	0.093495
30955.981198	-111.863523	0.245781	-86.518362	-0.105865	-119.809368	0.491032	-119.568316	-0.431729
30997.983886	-131.949767	0.161265	-81.866871	0.005347	-134.194019	0.313159	-124.695242	-0.175546
31039.986574	-136.673256	-0.252015	-84.046101	-0.456492	-116.416223	0.491086	-115.311226	-0.488630
31081.989262	-137.792079	0.008765	-89.287776	0.226353	-120.391957	0.061968	-127.765142	-0.301752
31123.991950	-119.002719	-0.315060	-91.173370	0.468331	-123.710510	-0.246119	-129.210158	-0.157594
31165.994639	-122.102618	-0.034973	-88.265988	-0.484121	-116.479852	0.293769	-119.765206	-0.014937
31207.997327	-118.818936	0.444223	-85.184676	-0.344053	-127.448699	-0.261476	-125.514222	0.471409
31250.000015	-120.004491	0.058910	-86.824828	-0.358344	-128.543842	0.420964	-130.090135	-0.191365
31292.002703	-134.169324	-0.331818	-94.428277	0.016539	-121.614810	0.120213	-121.280589	-0.372721
31334.005391	-127.262975	-0.485835	-86.363751	0.488871	-123.884714	-0.496885	-129.267834	-0.448693
31376.008080	-121.863387	-0.170263	-84.603128	0.065372	-117.824900	-0.045620	-121.066307	0.221198
31418.010768	-123.259187	0.094897	-79.129703	0.367518	-122.597875	0.419250	-118.943956	0.404420
31460.013456	-125.114340	0.074598	-90.091220	0.159419	-120.308693	0.357823	-124.164371	0.073854
31502.016144	-118.453211	-0.142457	-86.753620	0.489322	-123.163879	-0.136155	-121.370775	-0.405015
31544.018832	-126.809694	0.360333	-83.833635	-0.072487	-119.466772	0.029534	-131.281980	-0.155810
31586.021521	-129.691622	-0.409274	-90.393805	0.153486	-122.644288	-0.223540	-120.330689	-0.347941
31628.024209	-119.152763	0.488748	-85.908417	0.186766	-122.603702	0.137548	-135.821419	-0.434719
31670.026897	-115.392049	-0.232613	-87.677478	-0.350410	-121.177069	0.466882	-120.658266	0.430764
31712.029585	-127.852308	0.365220	-90.905161	0.255169	-124.180955	-0.000497	-121.102390	0.047813
31754.032273	-118.255625	-0.365297	-86.026335	-0.288261	-130.403032	-0.332814	-121.024573	0.493592
31796.034961	-116.632358	0.421455	-81.833507	-0.487538	-123.375015	0.491789	-118.688460	0.302048
31838.037650	-142.557456	0.257798	-96.554493	-0.407025	-128.037902	0.084137	-123.706356	-0.253209
31880.040338	-126.798965	-0.374472	-88.062551	0.063486	-121.867032	-0.168306	-119.064260	0.183854
31922.043026	-119.973173	0.042050	-88.280359	-0.096201	-137.381150	-0.451387	-131.311653	0.189977
31964.045714	-126.298287	-0.156078	-92.014842	-0.091505	-120.266283	-0.099446	-135.258098	0.132507
32006.048402	-120.549955	-0.443632	-85.261017	-0.493887	-116.910339	0.090239	-128.365248	0.039622
32048.051091	-120.773443	0.434233	-79.908357	-0.232467	-124.916679	-0.161536	-122.361364	0.410887
32090.053779	-124.897489	0.013509	-84.719510	-0.296197	-121.212068	0.184483	-120.819500	0.079783
32132.056467	-127.003476	-0.063609	-94.969776	-0.490925	-132.299636	0.277363	-119.415073	0.222755
32174.059155	-123.922251	0.204390	-90.469894	-0.262004	-119.147781	-0.131883	-119.457172	-0.108631
32216.061843	-126.886460	0.152105	-82.516606	-0.474743	-132.741676	0.139790	-124.952401	-0.285255
32258.064532	-122.821712	0.191176	-95.055494	0.129690	-132.283950	0.488202	-138.121700	0.113542
32300.067220	-120.687904	-0.359019	-86.596819	0.392956	-129.334543	0.276742	-121.052329	0.205567
32342.069908	-128.390633	0.274558	-90.876481	-0.193168	-123.965254	-0.057485	-124.108307	0.039354
32384.072596	-129.219056	-0.331716	-92.098505	0.033405	-123.443522	0.026990	-129.714773	0.079773
32426.075284	-131.749007	0.057158	-83.361659	-0.388825	-123.098226	-0.219308	-137.252337	0.356630
32468.077973	-126.048904	0.152970	-85.861383	0.219537	-127.675390	0.085163	-131.583255	0.246735
32510.080661	-128.247060	0.380751	-84.271048	0.062695	-114.951889	0.314398	-129.490742	-0.084381
32552.083349	-114.093699	-0.403863	-88.844943	0.279830	-121.590659	0.416657	-121.182293	0.147501
32594.086037	-119.063535	0.180203	-91.509699	0.245852	-129.196374	-0.105268	-119.591424	0.316956
32636.088725	-123.484834	0.321114	-100.624958	0.311922	-119.004245	0.376768	-116.982853	0.375432
32678.091413	-127.675144	-0.339428	-88.495688	0.269354	-139.608170	0.273988	-124.622839	-0.095982
32720.094102	-122.950081	0.109625	-87.329506	-0.066782	-130.056692	-0.132442	-133.121285	-0.449681
32762.096790	-117.535804	0.458236	-93.756649	0.058177	-125.447521	0.097842	-127.200750	-0.496936
32804.099478	-121.653618	0.076353	-84.015782	0.260347	-117.462342	-0.268020	-121.698707	-0.433762
32846.102166	-120.223582	0.050607	-89.531480	0.495621	-124.565106	-0.075733	-118.634733	0.123007
32888.104854	-130.320018	-0.140199	-86.405553	0.495956	-121.608968	0.047601	-121.257762	-0.195261
32930.107543	-123.754521	0.298378	-92.728300	0.259552	-123.307455	-0.370641	-124.082225	0.028896
32972.110231	-115.646337	0.275809	-92.625532	-0.406454	-135.927914	-0.362018	-128.945418	0.448954
33014.112919	-140.477937	-0.462248	-82.741823	-0.079935	-122.575025	0.099859	-131.515626	0.297818
33056.115607	-122.153864	0.001710	-85.577938	-0.209227	-123.546581	-0.043826	-125.670361	-0.000669
33098.118295	-137.127285	-0.072793	-87.637211	-0.159111	-122.504514	0.364787	-120.271348	-0.339841
33140.120984	-116.575327	0.159944	-91.757352	-0.283729	-118.515490	-0.310935	-121.700099	0.222869
33182.123672	-120.775225	-0.385964	-85.531055	-0.045393	-126.030177	-0.497376	-119.410048	-0.297270
33224.126360	-120.552462	0.385197	-92.267651	0.317060	-130.210331	-0.402738	-119.988027	0.309282
33266.129048	-120.983088	0.411024	-86.929120	0.249874	-128.959872	0.333861	-120.389581	0.403923
33308.131736	-121.793199	-0.044277	-96.995381	-0.026745	-122.788137	0.179275	-118.562844	0.262299
33350.134425	-122.799093	0.223135	-89.250086	-0.130726	-117.825449	0.400235	-117.728174	0.318501
33392.137113	-124.471818	0.279964	-85.842915	-0.107533	-122.671407	-0.026457	-121.082816	0.296522
33434.139801	-133.368731	-0.148999	-86.460336	0.244354	-123.541899	-0.475408	-125.262699	0.347765
33476.142489	-123.514524	0.160691	-84.674978	-0.430727	-121.781698	0.335250	-121.928246	0.379436
33518.145177	-129.334557	-0.015244	-108.132995	0.013441	-117.863512	0.439559	-125.442595	-0.066144
33560.147866	-127.325787	-0.289843	-85.984387	-0.404528	-127.954030	0.456444	-139.496351	-0.401905
33602.150554	-124.604592	0.260155	-86.782419	-0.184424	-123.018362	-0.318427	-125.118208	0.432394
33644.153242	-121.810208	-0.415648	-93.569085	0.083507	-123.800761	0.377564	-126.192316	-0.404182
33686.155930	-125.820652	-0.050235	-86.180750	-0.356858	-126.991308	0.227579	-121.624839	-0.198886
33728.158618	-120.190986	0.442750	-89.686665	-0.493750	-126.899277	0.263582	-124.317383	0.122153
33770.161306	-106.112515	0.042832	-93.327823	0.337783	-121.260894	-0.344115	-118.497693	-0.498045
33812.163995	-126.787780	0.346535	-96.978696	-0.371580	-130.826162	-0.457496	-131.507260	0.385753
33854.166683	-118.198868	0.329126	-92.447775	0.262298	-133.299454	-0.092348	-125.596516	0.394043
33896.169371	-119.013951	-0.267425	-87.508908	-0.499371	-124.739427	-0.091360	-121.346956	-0.317131
33938.172059	-125.546257	0.043979	-89.554210	0.224876	-119.593475	0.269679	-134.307667	0.099124
33980.174747	-127.350316	-0.247621	-87.347127	0.036391	-123.971182	0.265850	-121.794908	0.364683
34022.177436	-125.072529	0.249605	-89.921922	0.300195	-115.021326	-0.271451	-129.050955	0.440900
34064.180124	-118.787383	0.309480	-85.496409	-0.028119	-126.530854	0.058731	-127.358031	0.193479
34106.182812	-123.141040	0.149777	-92.807347	-0.152319	-130.276144	0.103612	-122.886626	-0.220502
34148.185500	-124.419225	0.157574	-86.987561	0.326511	-119.391452	-0.259416	-133.868037	0.010136
34190.188188	-121.207196	-0.341586	-97.980302	0.129902	-141.157017	-0.356550	-128.807396	0.326071
34232.190877	-126.133773	0.427477	-83.724238	-0.082703	-126.605552	-0.276549	-129.257523	0.307869
34274.193565	-122.024249	0.246139	-89.251207	0.012243	-124.734254	-0.275417	-133.176064	0.351926
34316.196253	-123.120958	-0.240089	-87.353596	0.343490	-124.087291	-0.205626	-128.278883	-0.469540
34358.198941	-118.025358	-0.020267	-86.302995	0.267494	-123.862395	0.482213	-122.522799	-0.240405
34400.201629	-128.426512	-0.494560	-89.351661	0.269131	-123.479562	-0.356269	-123.020928	-0.145713
34442.204318	-127.415328	0.321964	-101.171883	0.187745	-126.398588	-0.416677	-121.472443	-0.499386
34484.207006	-128.761959	-0.439434	-99.348110	0.209947	-127.614417	0.465718	-127.940213	-0.017960
34526.209694	-128.584253	-0.186666	-92.682993	-0.459156	-124.822281	-0.108802	-120.596961	-0.435051
34568.212382	-120.242541	0.074630	-85.008060	-0.037756	-120.677094	0.414141	-122.163800	0.125036
34610.215070	-131.362760	-0.430903	-85.304122	0.473198	-130.351205	-0.059712	-121.097430	-0.303032
34652.217759	-119.038355	-0.307669	-88.212465	0.084599	-123.349999	0.067773	-116.333411	-0.047668
34694.220447	-119.870632	-0.063982	-91.462853	0.141725	-124.285655	0.088284	-122.645181	-0.375124
34736.223135	-123.881738	0.017176	-80.600900	0.094919	-123.428184	-0.358081	-123.998693	-0.495548
34778.225823	-123.067427	-0.487091	-89.001544	-0.346733	-118.675793	-0.444527	-128.947106	0.346718
34820.228511	-123.171416	0.139090	-87.700322	-0.301575	-120.644400	0.209592	-123.038104	0.239703
34862.231199	-129.609151	0.469316	-94.364052	-0.218981	-122.362298	-0.249159	-122.048869	0.291283
34904.233888	-120.517087	-0.244027	-93.785915	-0.363917	-118.279543	-0.067488	-119.451030	-0.342927
34946.236576	-121.597280	-0.003417	-88.425117	0.288191	-127.052393	-0.372801	-121.360315	-0.117248
34988.239264	-124.585331	0.341728	-88.891071	0.398877	-133.794587	0.203548	-125.827112	-0.042407
35030.241952	-132.420403	-0.417391	-86.701821	0.217227	-121.987131	-0.271308	-127.196082	-0.106001
35072.244640	-120.898720	0.414744	-86.117204	0.170525	-119.910808	0.156327	-122.060463	-0.472380
35114.247329	-120.704783	0.382536	-89.177523	-0.049396	-122.167459	0.400461	-118.672319	0.107063
35156.250017	-125.663740	-0.290161	-89.222047	0.070217	-121.757385	-0.489002	-122.550887	-0.104629
35198.252705	-127.605146	-0.442793	-93.926403	-0.002598	-123.742422	0.210736	-122.039578	-0.084113
35240.255393	-121.378691	0.179960	-92.069044	0.193113	-121.321629	-0.079773	-128.040079	-0.110596
35282.258081	-125.105964	-0.278290	-85.286280	-0.059652	-122.299941	0.213035	-121.174629	-0.320565
35324.260770	-119.982270	0.025774	-95.934009	0.074782	-120.494347	-0.255818	-137.075452	0.125103
35366.263458	-129.652732	0.120460	-85.764117	0.044171	-123.204399	-0.019512	-128.281463	-0.254939
35408.266146	-119.154088	0.467156	-87.119306	-0.138375	-119.049491	0.418476	-130.714425	-0.144548
35450.268834	-123.614662	0.024673	-107.195709	0.021811	-121.108430	0.109281	-126.779072	-0.155777
35492.271522	-119.241004	-0.251503	-86.607907	-0.301960	-123.640235	0.054012	-123.218529	0.026137
35534.274211	-121.616736	0.369092	-89.522183	-0.140910	-126.459480	-0.294216	-130.357516	-0.071656
35576.276899	-119.919557	0.328712	-84.827161	-0.429296	-119.468400	0.268934	-133.760510	-0.079491
35618.279587	-130.709420	-0.295251	-100.009584	-0.320131	-119.995400	-0.292313	-121.930537	-0.094265
35660.282275	-122.933967	0.260340	-88.055757	-0.177449	-123.674496	-0.265561	-124.483765	-0.154764
35702.284963	-120.457655	0.275221	-93.536329	-0.444621	-121.707329	0.495645	-115.841038	0.241350
35744.287652	-125.285130	-0.205397	-85.154329	0.012248	-121.083890	0.293955	-126.528940	-0.003581
35786.290340	-139.466200	-0.137149	-90.342812	-0.362070	-121.312605	0.054036	-123.287356	0.055250
35828.293028	-118.321559	-0.446915	-93.272295	0.445687	-127.677259	-0.416032	-142.193803	-0.237067
35870.295716	-119.645899	-0.271561	-89.199979	-0.140490	-118.058629	-0.237540	-121.701393	-0.291130
35912.298404	-128.836875	0.331514	-81.804834	0.088072	-128.856910	0.016254	-126.004535	0.362993
35954.301092	-127.672582	-0.149465	-87.609884	-0.311611	-126.351565	0.143476	-119.199886	0.270496
35996.303781	-126.693552	0.186098	-87.792287	0.366109	-120.459398	0.018333	-120.801167	-0.402405
36038.306469	-123.370250	0.068338	-83.316127	-0.105804	-122.155463	-0.244555	-122.792005	0.499585
36080.309157	-117.110502	-0.067596	-86.801197	0.066459	-133.853453	0.371292	-125.421113	0.299011
36122.311845	-115.383852	-0.452843	-99.008580	-0.369843	-122.886959	-0.467943	-124.141809	-0.452647
36164.314533	-126.687974	0.009575	-92.735192	-0.388584	-119.665471	0.200172	-126.531323	0.239764
36206.317222	-127.373638	-0.392797	-88.132160	-0.009736	-122.424774	-0.118962	-118.815872	0.407575
36248.319910	-125.725491	0.214091	-88.142289	-0.294170	-117.557439	-0.035733	-127.678953	0.403257
36290.322598	-127.894088	0.270230	-87.835679	0.243237	-122.049338	-0.260513	-121.525098	-0.417635
36332.325286	-130.368599	-0.050062	-86.529555	-0.263007	-126.468931	0.222150	-132.870599	-0.494621
36374.327974	-126.545210	0.072529	-90.209406	-0.092532	-122.143886	0.113277	-120.754327	0.185390
36416.330663	-130.517108	0.277513	-91.104813	-0.251648	-124.226949	0.384891	-119.410909	0.276604
36458.333351	-126.004867	-0.304690	-91.706793	-0.362179	-125.419143	0.370740	-126.953041	0.422496
36500.336039	-124.832792	0.074378	-88.606523	0.188255	-124.884588	0.165248	-125.669664	0.334328
36542.338727	-120.654782	0.311578	-87.644120	-0.128358	-128.502107	0.122003	-117.824903	0.149815
36584.341415	-126.443662	0.278419	-97.237883	-0.331459	-126.362259	0.409502	-130.839549	-0.436616
36626.344104	-127.966588	-0.327425	-94.214884	0.324486	-129.467263	-0.253334	-116.636843	0.410486
36668.346792	-121.837901	0.094488	-99.864766	0.127406	-121.507214	-0.121651	-128.205000	0.181058
36710.349480	-118.783332	0.177747	-101.022360	0.180963	-124.291078	0.011255	-125.234482	-0.266080
36752.352168	-123.650537	0.404818	-85.723578	0.413312	-119.472658	0.262493	-122.883180	0.329480
36794.354856	-126.403833	-0.495475	-91.855610	-0.072031	-120.750863	0.411234	-121.833866	-0.427054
36836.357545	-121.291295	-0.140865	-89.115835	0.470438	-121.785136	-0.472200	-118.874742	0.137363
36878.360233	-120.612388	-0.391773	-95.136627	-0.419999	-131.121820	0.083426	-127.383027	0.319523
36920.362921	-127.354267	-0.113416	-90.198900	-0.462430	-122.843675	-0.344050	-115.407533	0.014269
36962.365609	-122.892472	-0.419001	-84.060040	0.300350	-119.976862	-0.480226	-127.500313	0.194123
37004.368297	-129.197083	0.412139	-99.689417	0.286414	-132.149914	0.385164	-126.145818	0.479110
37046.370985	-131.739352	0.110646	-91.437768	0.112738	-124.219710	-0.329598	-133.723510	-0.326822
37088.373674	-129.207098	-0.074752	-104.667125	0.319936	-124.293956	0.090034	-127.545184	-0.310608
37130.376362	-121.591465	-0.099181	-86.910713	-0.483417	-126.434250	0.291242	-122.463557	0.443479
37172.379050	-126.581846	0.270865	-87.654396	-0.231405	-137.427830	-0.277112	-127.932156	0.429821
37214.381738	-142.371327	-0.455763	-81.653542	-0.496935	-129.082137	0.407919	-125.293611	0.127981
37256.384426	-121.369136	0.470995	-109.035345	-0.445973	-121.552267	0.036467	-127.543840	-0.496155
37298.387115	-127.279674	-0.268233	-91.306952	0.018322	-118.526403	-0.499238	-126.346533	0.303721
37340.389803	-131.878431	0.249606	-86.715223	-0.313252	-118.379662	0.178482	-126.152241	0.004066
37382.392491	-126.300531	-0.299705	-95.341076	0.257414	-129.397848	0.324668	-122.602101	0.379161
37424.395179	-135.453175	0.099495	-86.919262	-0.159938	-115.127485	-0.252518	-126.690605	-0.349932
37466.397867	-119.272737	0.110666	-86.339425	0.396755	-116.324627	0.130627	-119.810434	0.136398
37508.400556	-136.583304	0.438196	-92.467477	0.039345	-120.825000	0.468927	-125.871315	-0.318428
37550.403244	-123.122624	-0.396961	-110.327770	0.057686	-131.923980	-0.399975	-125.655824	-0.103868
37592.405932	-128.158653	0.431517	-98.514831	-0.397753	-125.676195	-0.478247	-128.082890	0.409881
37634.408620	-141.761265	-0.211848	-92.645450	0.226573	-122.180335	-0.378607	-128.390783	-0.396788
37676.411308	-124.622412	0.456714	-105.952432	0.098737	-117.009240	0.373332	-125.029028	-0.333855
37718.413997	-120.108824	0.278404	-96.235919	-0.264867	-134.416862	-0.185006	-129.338686	-0.305133
37760.416685	-127.015327	0.228683	-86.909946	0.064274	-122.694265	0.157481	-127.621483	-0.149246
37802.419373	-122.584003	0.129744	-89.120161	0.422579	-134.802029	0.041541	-126.623135	-0.090205
37844.422061	-125.579384	0.028129	-86.722555	-0.408603	-122.604236	0.388547	-119.783731	0.427394
37886.424749	-118.202084	-0.333729	-92.907977	0.062929	-120.648788	-0.279184	-122.279671	-0.430122
37928.427438	-126.171582	-0.267376	-90.711310	-0.483244	-128.425891	-0.410367	-121.544856	-0.029223
37970.430126	-119.430764	0.336886	-95.303433	-0.489825	-123.659614	-0.173249	-121.684210	-0.188389
38012.432814	-128.553673	-0.075794	-89.186845	-0.398643	-129.609975	-0.234264	-124.586273	0.025717
38054.435502	-119.521596	-0.445486	-84.016972	0.164441	-123.917327	0.194073	-127.500550	-0.422316
38096.438190	-120.297518	0.053847	-90.538045	-0.118378	-130.112684	-0.359366	-118.421242	-0.331986
38138.440878	-126.085123	-0.030147	-93.077087	0.220340	-121.623718	0.013291	-128.832533	0.032972
38180.443567	-125.745060	0.180924	-101.765544	-0.144379	-132.112918	-0.400436	-126.232930	-0.115722
38222.446255	-129.807443	0.022307	-84.849965	-0.422862	-139.527278	-0.059000	-126.883415	0.051507
38264.448943	-114.411695	0.499126	-83.529817	0.068329	-125.646489	0.425040	-123.775337	0.435992
38306.451631	-123.048155	0.437044	-84.801844	0.006432	-126.061169	-0.089607	-126.241585	0.144384
38348.454319	-124.553783	-0.169861	-94.744989	-0.456074	-125.898345	0.399532	-129.902634	-0.064037
38390.457008	-126.099199	0.152564	-107.959985	-0.112518	-133.652187	0.259125	-126.696182	0.080131
38432.459696	-135.997914	-0.369395	-92.839454	0.047235	-127.352454	-0.487817	-124.175541	0.052911
38474.462384	-134.875064	-0.197641	-95.469414	-0.351476	-120.857166	-0.146899	-132.051593	-0.199331
38516.465072	-118.418494	0.085533	-88.212277	-0.016001	-127.888977	-0.497838	-133.259159	-0.026935
38558.467760	-123.965912	-0.095291	-88.787334	-0.474811	-127.890175	0.214991	-120.151714	0.394655
38600.470449	-119.156559	-0.410578	-88.344156	0.412571	-124.948251	0.475156	-122.194462	-0.445376
38642.473137	-122.765985	-0.311862	-86.957557	-0.075752	-120.278803	-0.208573	-115.351861	-0.068130
38684.475825	-129.625973	0.135565	-98.264540	-0.122218	-123.994876	-0.399707	-121.089161	-0.082219
38726.478513	-137.977999	0.470749	-97.559351	0.272364	-119.963521	-0.498653	-142.801707	-0.248326
38768.481201	-123.751649	-0.314977	-86.884133	0.064486	-123.084588	0.023472	-123.121323	0.417137
38810.483890	-126.684716	0.182584	-87.727411	0.297521	-133.892523	0.308773	-117.988656	-0.445250
38852.486578	-123.056779	0.462371	-91.080396	0.467661	-118.112184	0.343313	-122.628536	-0.267884
38894.489266	-133.106644	0.049654	-94.544217	-0.223104	-128.056697	-0.299807	-123.016489	-0.134602
38936.491954	-120.571255	0.160040	-85.586551	0.497602	-121.752430	-0.164490	-126.922571	-0.137073
38978.494642	-122.111850	-0.201762	-91.374942	0.105469	-126.798382	-0.225408	-126.461950	0.182762
39020.497331	-125.342977	0.208399	-90.886984	-0.078786	-118.252785	-0.003936	-119.631533	-0.396231
39062.500019	-127.981465	0.185707	-85.603362	-0.340632	-125.857094	-0.003806	-138.573136	-0.413909
39104.502707	-123.023114	-0.262531	-92.514927	0.159441	-121.480498	-0.473727	-126.292265	-0.048775
39146.505395	-118.936010	-0.291810	-85.607879	-0.224020	-118.325185	-0.133742	-126.465819	0.159158
39188.508083	-121.810457	0.128374	-91.600789	0.254430	-125.977885	-0.201145	-124.455877	-0.248101
39230.510771	-121.478080	0.149639	-91.986365	-0.393184	-125.000430	-0.110949	-131.582945	-0.313290
39272.513460	-124.596520	-0.360190	-84.312921	-0.361096	-130.396402	-0.020485	-122.727605	0.034380
39314.516148	-129.111875	-0.248460	-98.051215	-0.330555	-118.686807	0.062927	-120.336426	-0.042634
39356.518836	-119.771053	0.281258	-94.830907	0.075336	-133.002192	-0.027939	-126.738916	-0.260258
39398.521524	-118.316283	-0.128329	-90.203075	-0.328662	-121.958313	-0.021436	-119.100774	-0.020172
39440.524212	-131.781885	-0.156961	-90.480229	-0.173387	-118.738202	-0.342795	-119.098106	-0.269128
39482.526901	-117.967273	-0.199663	-93.045695	0.337357	-129.604222	0.207336	-127.482185	0.392044
39524.529589	-123.355666	-0.133305	-108.741224	-0.159347	-126.479797	-0.108294	-125.203974	-0.269974
39566.532277	-121.174957	0.092914	-84.502537	0.120097	-127.320856	0.283390	-119.150584	-0.307734
39608.534965	-132.468428	0.377803	-88.362994	-0.025804	-124.188831	-0.046931	-130.429635	-0.445762
39650.537653	-117.280033	-0.359842	-95.824480	-0.252916	-132.550041	0.392311	-119.386142	-0.377860
39692.540342	-124.263602	0.239550	-85.911280	0.286786	-121.355384	0.206749	-129.002530	-0.099039
39734.543030	-124.163867	0.167640	-87.323616	-0.343452	-119.903827	-0.198346	-120.863896	0.057171
39776.545718	-122.454664	0.248139	-90.337015	-0.195257	-124.098013	-0.362313	-125.943376	-0.121695
39818.548406	-128.355183	-0.270278	-96.879894	0.299738	-121.711853	0.240321	-124.644961	-0.269462
39860.551094	-122.774265	0.489436	-97.635532	0.170047	-131.768242	-0.075677	-122.021889	0.216254
39902.553783	-123.703384	0.351919	-101.756782	0.171458	-120.771428	-0.304975	-143.250012	0.350693
39944.556471	-126.391749	0.157187	-87.689814	0.144997	-124.000291	-0.383351	-125.539204	0.365788
39986.559159	-121.122679	-0.264801	-89.259953	-0.012338	-126.596387	0.029073	-119.833491	-0.401017
