% f464.txt
% Date Thu, Jul 15, 2021 4:45 PM
% Sine seq
% Response spectrum
% Stim level (V pk) 0.100, 0 dB filter gain, 120.0 dB attenuation
% Stim RMS (V) 0.000
% Freq [Hz]	Ch0 Mag [dB]	Ch0 Phase [cyc]	Ch1 Mag [dB]	Ch1 Phase [cyc]	Ch2 Mag [dB]	Ch2 Phase [cyc]	Ch3 Mag [dB]	Ch3 Phase [cyc]
%%end
42.002688	-113.469999	-0.368694	-62.292559	0.333752	-97.350849	-0.113173	-115.548901	-0.450106
84.005376	-126.767644	0.271058	-52.875818	-0.338945	-93.542657	-0.122647	-113.025485	0.464878
126.008065	-125.337645	-0.024757	-52.942763	-0.284771	-98.905418	-0.263150	-124.665255	-0.083244
168.010753	-121.803340	0.009286	-50.703563	0.003776	-101.072526	-0.095724	-114.816678	0.050596
210.013441	-133.528813	0.247926	-61.906967	-0.296594	-103.448435	0.480632	-115.767689	-0.171102
252.016129	-120.177320	-0.041753	-47.139454	0.354893	-103.985376	-0.001588	-129.023722	-0.111579
294.018817	-125.142451	0.216633	-57.101545	0.487739	-107.434665	0.037588	-128.892227	-0.063479
336.021506	-114.510102	0.414550	-52.642328	0.215019	-103.616424	0.230871	-121.017170	-0.165825
378.024194	-127.362686	-0.394037	-63.580228	-0.343918	-109.904278	-0.282624	-123.821442	-0.391931
420.026882	-113.829697	-0.107412	-59.845179	-0.338104	-110.267121	0.077435	-113.155454	-0.340729
462.029570	-129.838032	-0.462510	-54.565939	0.074132	-121.571680	0.487523	-128.295307	-0.494146
504.032258	-120.701942	-0.020735	-53.070049	-0.452540	-113.209436	0.255562	-122.403105	-0.121844
546.034946	-121.498648	0.078484	-56.505115	-0.360119	-107.740647	0.480669	-117.847504	0.052402
588.037635	-120.915477	-0.132558	-69.484499	-0.116646	-111.296800	-0.051514	-115.741530	-0.359735
630.040323	-116.658744	0.454660	-73.274111	0.256333	-105.807162	0.457040	-114.545237	-0.233632
672.043011	-118.826386	0.001192	-53.077001	0.024884	-110.305507	-0.127336	-118.914760	-0.335501
714.045699	-117.337291	0.322992	-53.857156	0.191006	-118.288354	-0.456962	-121.229040	-0.485878
756.048387	-127.573512	-0.210353	-58.076593	-0.342505	-121.167924	-0.158790	-119.157513	0.497638
798.051076	-117.311024	-0.339648	-59.791951	0.035207	-110.258453	0.190345	-138.447750	0.248804
840.053764	-124.888238	-0.157059	-58.491735	-0.014376	-111.897030	0.026188	-119.364668	-0.048218
882.056452	-126.810752	-0.433052	-59.401800	0.348713	-109.735012	-0.382018	-132.624035	-0.499950
924.059140	-120.084107	-0.082012	-56.409086	0.470070	-124.671545	0.181666	-118.223046	-0.497041
966.061828	-119.811838	-0.146069	-78.788102	0.245231	-129.891710	-0.302728	-147.355362	-0.181595
1008.064517	-136.285225	-0.408046	-61.928373	-0.310578	-111.894205	-0.029248	-121.286847	0.316208
1050.067205	-130.068901	0.312133	-55.964232	-0.260102	-115.097930	0.114368	-122.838008	0.334936
1092.069893	-121.300216	0.290887	-61.368613	-0.276251	-118.828589	0.037750	-125.237771	0.195075
1134.072581	-121.137090	0.400418	-53.786125	0.201015	-119.487553	0.175889	-120.461607	-0.210909
1176.075269	-120.867046	-0.244864	-63.565830	-0.379393	-119.878339	0.406342	-148.296580	-0.149104
1218.077958	-122.985519	-0.141813	-66.587992	0.324436	-119.813842	-0.077865	-119.477300	0.210067
1260.080646	-116.057543	-0.407029	-62.619620	0.475526	-117.362650	-0.396980	-126.408616	0.379450
1302.083334	-117.859142	0.393333	-69.004589	0.311985	-122.699785	-0.138845	-126.906415	0.453735
1344.086022	-127.673172	0.412521	-57.790106	0.341567	-118.309294	0.443236	-123.359755	-0.035051
1386.088710	-122.812358	-0.322194	-64.875452	0.201817	-115.751167	-0.497511	-121.268916	0.275193
1428.091399	-116.394972	0.297741	-68.166242	0.166150	-115.513869	0.069380	-122.609871	0.408422
1470.094087	-117.653654	0.383236	-71.709545	-0.101624	-122.575688	0.251523	-124.680640	0.413220
1512.096775	-124.783096	0.167597	-71.554170	0.493932	-115.763975	-0.037167	-139.515362	0.282865
1554.099463	-119.507736	-0.147006	-75.458296	0.191640	-121.121822	0.430839	-125.245486	-0.266250
1596.102151	-121.181859	0.117283	-60.666221	0.492493	-118.837016	-0.373259	-121.132787	0.243459
1638.104839	-117.898472	0.053425	-74.040994	0.468768	-118.241854	-0.360877	-133.059125	0.316996
1680.107528	-123.054858	0.197031	-67.589162	0.103799	-128.076120	0.245290	-128.504608	-0.364827
1722.110216	-120.555082	0.447561	-73.022520	0.100580	-132.523490	0.059079	-130.923882	-0.467790
1764.112904	-126.942478	-0.307361	-57.452845	0.402992	-117.609744	-0.298361	-125.816082	0.350922
1806.115592	-123.142155	-0.196216	-63.757084	-0.189712	-123.655934	-0.005632	-119.023304	-0.194559
1848.118280	-118.481028	-0.022325	-67.706769	0.492199	-119.060117	0.356829	-129.980448	-0.062542
1890.120969	-120.265247	-0.028338	-62.638925	0.369275	-118.202364	0.411557	-125.730132	-0.188462
1932.123657	-120.206169	-0.264161	-60.795941	0.031520	-121.155543	0.006107	-126.497794	-0.179621
1974.126345	-124.860218	-0.046391	-63.715276	-0.258008	-128.273347	-0.024610	-122.535273	0.381582
2016.129033	-119.877828	0.173265	-80.210637	0.183774	-116.475258	0.127495	-123.171565	-0.472167
2058.131721	-125.587821	-0.088201	-66.273579	0.467237	-121.404538	-0.396687	-123.780027	-0.253367
2100.134410	-121.005776	0.128972	-70.644139	-0.041282	-115.713944	-0.408315	-120.336874	0.086347
2142.137098	-128.844650	0.209808	-67.953993	-0.201362	-126.223043	-0.066854	-130.445676	-0.005388
2184.139786	-121.532361	-0.202386	-66.184389	-0.210925	-120.307883	-0.321971	-135.653264	-0.210585
2226.142474	-127.199585	0.032797	-68.839600	-0.007092	-114.795989	-0.052532	-130.454835	0.257294
2268.145162	-115.783270	-0.450977	-62.642642	-0.136262	-118.415774	0.431651	-123.207373	-0.263486
2310.147851	-122.218553	0.177683	-64.720272	0.205899	-138.181301	0.437526	-132.820936	0.210803
2352.150539	-117.382095	0.038624	-67.057729	-0.098978	-134.893863	-0.024518	-121.443882	-0.165130
2394.153227	-130.038940	0.048075	-68.765982	-0.493036	-114.905010	0.314793	-118.632679	-0.473328
2436.155915	-121.016803	0.166982	-64.882973	-0.244967	-119.008638	-0.265950	-132.345942	0.252175
2478.158603	-128.833685	0.049555	-71.828342	-0.121173	-121.995420	0.467012	-127.296826	-0.340678
2520.161292	-120.902852	0.020234	-70.902229	0.129079	-127.189578	-0.043504	-124.371377	-0.089025
2562.163980	-121.608946	0.087336	-67.239933	0.188961	-118.571967	0.295113	-141.394923	0.141597
2604.166668	-119.263514	-0.264590	-72.379221	-0.017628	-127.900955	-0.190140	-122.247049	-0.382367
2646.169356	-123.288885	0.289114	-67.087163	-0.222051	-124.801624	0.461954	-118.939761	-0.496537
2688.172044	-126.653277	0.173489	-65.664121	-0.236376	-118.667985	-0.015075	-127.147576	0.315094
2730.174732	-124.161664	-0.447047	-82.980752	0.122362	-120.530093	0.235159	-129.426559	0.243348
2772.177421	-125.686017	0.036655	-85.348747	-0.158640	-118.691869	-0.006519	-122.946541	0.146701
2814.180109	-123.625403	0.360431	-67.248640	-0.065112	-130.014809	0.270467	-146.667565	0.322029
2856.182797	-119.970521	0.072005	-64.459661	-0.015586	-135.050479	-0.428860	-120.966143	-0.105792
2898.185485	-123.079069	-0.226064	-71.785185	0.119309	-117.247528	0.436959	-126.585756	-0.403198
2940.188173	-118.641177	0.271215	-69.761863	0.196414	-117.527484	-0.409564	-129.073770	0.232511
2982.190862	-117.453490	0.031751	-69.876217	0.081476	-118.115826	-0.435145	-122.203152	0.428295
3024.193550	-124.118886	0.320234	-73.557005	0.071343	-122.145037	0.237301	-121.945029	0.034885
3066.196238	-128.048229	-0.077583	-75.536857	-0.117278	-127.482421	0.146065	-126.109108	0.413791
3108.198926	-116.334898	0.251698	-63.914935	-0.188371	-115.544053	-0.486781	-128.152111	-0.466330
3150.201614	-119.679578	0.006257	-64.396081	-0.438312	-117.284767	-0.248057	-116.783554	-0.295057
3192.204303	-126.375568	-0.085576	-75.662623	0.329484	-117.347434	-0.159763	-115.664173	0.366629
3234.206991	-121.203404	0.119205	-65.537582	-0.062696	-122.434452	0.423503	-123.417270	0.435680
3276.209679	-116.685784	0.223616	-68.348509	0.387623	-134.763872	-0.049508	-124.824964	0.163788
3318.212367	-129.549159	0.493010	-82.674773	0.424580	-123.511575	-0.405527	-130.394579	0.479056
3360.215055	-126.490189	-0.322328	-70.299760	-0.279209	-116.768302	-0.354995	-132.397736	0.328721
3402.217744	-120.095255	-0.138254	-78.446586	-0.075244	-123.003222	0.209534	-125.500679	-0.102269
3444.220432	-128.843860	-0.441566	-75.054950	-0.276796	-123.036052	0.483142	-122.850251	-0.301525
3486.223120	-36.438381	-0.204922	-17.573170	0.392776	-109.940901	0.391906	-120.639865	0.408450
3528.225808	-123.840094	-0.115349	-66.243708	0.037235	-120.066408	-0.458136	-118.070331	-0.331128
3570.228496	-131.952349	0.049386	-64.700553	-0.296092	-119.294104	0.127889	-121.384172	-0.245513
3612.231185	-126.485676	-0.159511	-67.176278	0.300179	-134.675909	-0.045149	-123.180210	0.106948
3654.233873	-124.936309	-0.288553	-76.798554	0.298117	-118.236681	-0.208598	-116.299377	-0.286719
3696.236561	-126.777693	-0.358220	-70.818781	-0.191206	-134.170609	-0.056873	-135.708518	0.022760
3738.239249	-121.643476	0.206597	-67.131046	0.409380	-125.471301	0.440976	-128.558256	-0.087168
3780.241937	-120.830820	0.315343	-71.500485	-0.474555	-120.171279	0.453862	-120.890350	-0.371189
3822.244625	-128.411785	0.485593	-74.720686	-0.344529	-128.249779	0.418697	-121.729548	-0.445846
3864.247314	-124.724859	-0.456347	-75.995002	0.193026	-128.982722	-0.424481	-126.051723	-0.352751
3906.250002	-122.468092	-0.452280	-63.552434	-0.284638	-118.716093	-0.159232	-134.609427	-0.269538
3948.252690	-115.007132	-0.282497	-74.601780	0.311486	-119.273129	-0.268524	-132.706363	-0.113973
3990.255378	-120.275366	0.380433	-64.108663	0.385585	-130.739503	-0.106099	-123.882036	0.141100
4032.258066	-126.511460	-0.153006	-65.856584	-0.422961	-131.226017	0.293097	-120.699427	-0.395107
4074.260755	-118.130857	0.275619	-69.944684	-0.007350	-123.754098	-0.349034	-122.148788	0.221874
4116.263443	-121.934534	0.378822	-68.748824	0.407459	-121.424804	-0.233848	-121.542219	0.458190
4158.266131	-117.567238	0.150340	-69.660065	-0.222304	-126.702812	0.075961	-118.793898	0.159698
4200.268819	-116.220614	-0.161757	-68.192095	0.212886	-137.919855	0.061195	-119.954037	-0.158960
4242.271507	-116.154646	-0.095933	-70.555388	-0.409439	-127.830723	-0.206303	-122.362727	-0.015737
4284.274196	-132.121096	0.418918	-70.174849	-0.458432	-133.450918	-0.306584	-131.193470	0.168350
4326.276884	-127.993884	0.439079	-70.945677	-0.063504	-135.014698	0.495707	-129.398085	0.366639
4368.279572	-122.765715	0.236042	-71.301997	0.456003	-118.688149	0.018264	-125.131642	-0.015635
4410.282260	-132.409498	-0.351863	-69.887369	0.197506	-121.413320	0.376972	-121.853481	0.246433
4452.284948	-140.150728	0.238874	-64.084969	-0.060611	-122.300517	0.393578	-122.793842	0.272813
4494.287637	-120.798482	0.241875	-72.798238	0.072967	-129.333744	0.256995	-120.808614	0.158173
4536.290325	-132.050791	-0.172846	-72.426026	-0.490805	-127.098719	-0.247998	-120.948059	0.473059
4578.293013	-117.522450	0.365707	-69.482231	0.252846	-120.622560	-0.409024	-118.586694	0.458469
4620.295701	-123.493997	-0.192871	-73.926429	-0.014414	-122.927948	0.210548	-127.306090	-0.033127
4662.298389	-125.619635	0.169267	-73.194581	0.066438	-123.261341	0.232066	-116.012406	-0.448491
4704.301078	-123.911321	-0.004714	-70.675323	-0.154657	-125.985392	0.001228	-115.431640	-0.009782
4746.303766	-120.732278	0.169216	-67.956524	0.138071	-118.443562	0.204481	-128.127739	0.174535
4788.306454	-122.502903	-0.056859	-81.500718	-0.382440	-122.067327	-0.184228	-123.066569	-0.224339
4830.309142	-123.707109	0.433848	-70.667128	0.196492	-122.717102	-0.469687	-123.181208	0.179598
4872.311830	-121.424031	0.270501	-72.951015	-0.390514	-121.382855	0.441264	-127.740575	-0.215562
4914.314518	-122.104900	0.403963	-73.177196	-0.379445	-128.344968	0.016056	-119.613794	0.073744
4956.317207	-124.831600	-0.343393	-68.793285	0.232048	-121.001364	-0.105863	-121.576145	-0.225310
4998.319895	-125.167754	0.251820	-69.015065	-0.119065	-119.592959	0.309521	-116.193507	0.266212
5040.322583	-117.526274	-0.085621	-68.372075	0.386925	-117.981191	0.387736	-122.855292	0.128062
5082.325271	-122.574735	-0.290032	-70.996428	0.365629	-119.490367	0.452123	-120.740476	-0.085993
5124.327959	-125.750732	0.463977	-65.735553	0.418622	-125.282269	0.119252	-125.174893	0.401664
5166.330648	-126.722814	0.151715	-66.896167	-0.196635	-120.260355	0.231298	-134.933599	0.217151
5208.333336	-128.624447	0.336526	-69.715668	-0.000466	-123.242467	-0.451613	-129.516673	0.312644
5250.336024	-119.268716	0.238057	-72.607082	-0.116527	-119.674374	0.144362	-119.485682	-0.059867
5292.338712	-128.621615	0.227761	-74.297416	-0.311767	-127.957195	-0.258386	-132.920748	0.273808
5334.341400	-121.066942	-0.480186	-66.555094	0.151340	-123.292303	0.312987	-123.419183	0.276705
5376.344089	-129.456169	-0.494418	-79.964237	0.332804	-118.520398	-0.189018	-128.442918	0.119601
5418.346777	-119.310467	0.427181	-74.632986	0.320444	-132.220244	0.053282	-117.479545	0.416523
5460.349465	-119.456576	0.439840	-66.660952	0.372705	-122.352963	0.097320	-115.857897	0.094431
5502.352153	-117.262435	0.077927	-79.207615	0.315451	-120.796001	0.081030	-119.419743	0.128493
5544.354841	-120.104548	0.199035	-72.878382	0.074168	-119.834539	0.130844	-130.045727	-0.038109
5586.357530	-120.617297	-0.090805	-74.910153	0.317443	-126.802271	-0.499780	-118.099801	-0.375057
5628.360218	-127.194862	0.087069	-80.856062	-0.290746	-122.646054	-0.294375	-126.001655	0.295445
5670.362906	-125.559999	0.036484	-73.806339	0.084283	-126.395655	0.181493	-116.402144	0.165049
5712.365594	-131.303045	0.102290	-74.690961	-0.399303	-124.873440	-0.448392	-125.706341	0.239942
5754.368282	-114.724693	-0.401826	-74.809394	-0.209805	-118.660139	-0.300900	-123.006373	-0.205584
5796.370971	-123.748757	-0.289521	-75.465971	-0.068526	-118.672515	-0.006082	-119.213303	-0.179045
5838.373659	-138.957175	-0.152359	-70.625429	0.428557	-116.268657	0.404825	-129.777784	0.337443
5880.376347	-120.113599	-0.312136	-82.071607	0.341613	-116.475232	0.324785	-114.312554	0.101349
5922.379035	-124.092200	0.426536	-69.356414	-0.296553	-129.812828	-0.471042	-127.567423	-0.242975
5964.381723	-128.433359	-0.089936	-71.708086	0.001043	-121.695961	-0.398820	-121.673217	0.117086
6006.384411	-129.324547	0.412340	-72.640626	-0.134117	-132.679273	0.274388	-133.536755	0.090334
6048.387100	-122.716359	-0.302686	-70.924173	-0.172788	-116.059886	-0.341110	-126.009165	0.173613
6090.389788	-125.366165	0.103033	-66.845862	0.372962	-121.486183	-0.039667	-124.062789	0.404419
6132.392476	-121.781781	-0.342326	-82.443195	0.168974	-125.824629	0.385282	-119.428903	0.450744
6174.395164	-125.273393	-0.367423	-76.746360	-0.356199	-127.023939	-0.071756	-122.825623	0.002669
6216.397852	-121.292365	0.069089	-78.160156	0.335745	-124.058443	0.440463	-122.967759	0.259261
6258.400541	-122.592982	-0.293352	-66.984016	0.493233	-122.699016	-0.058582	-120.730037	0.328550
6300.403229	-125.355511	-0.408600	-81.887951	-0.431128	-127.081670	-0.078625	-125.901198	0.440824
6342.405917	-122.677301	-0.300870	-74.466589	-0.443483	-121.374620	-0.274881	-125.599658	0.044462
6384.408605	-123.009695	-0.067184	-83.306247	0.499667	-126.776843	-0.005669	-117.858116	0.104488
6426.411293	-130.439981	-0.011465	-81.250649	0.428047	-123.290275	-0.147422	-133.656447	-0.182677
6468.413982	-121.033792	-0.046625	-74.411497	0.453022	-126.064581	0.283841	-122.698559	0.344322
6510.416670	-119.471195	-0.174983	-74.452119	0.303575	-125.027039	-0.135505	-121.830733	-0.156569
6552.419358	-132.614074	-0.472140	-68.132476	0.145887	-120.148390	-0.095721	-125.899650	0.030685
6594.422046	-146.858685	-0.053980	-72.714896	-0.330767	-129.257501	-0.074740	-121.696367	-0.431719
6636.424734	-120.676189	0.287125	-76.808868	-0.036786	-125.695804	0.217059	-126.229270	0.377194
6678.427423	-129.397795	0.056976	-72.412255	0.022150	-123.906457	0.053607	-121.796592	-0.161882
6720.430111	-119.835235	0.281635	-83.698319	0.438026	-129.613506	-0.275230	-126.823383	-0.349458
6762.432799	-130.408089	0.428503	-75.143421	-0.254520	-123.729942	0.379810	-124.304737	-0.067980
6804.435487	-139.659509	-0.307372	-80.401568	-0.353910	-120.985807	0.303953	-120.883755	-0.444955
6846.438175	-120.586844	0.109678	-68.462456	-0.335546	-136.414086	-0.096912	-121.097782	-0.268820
6888.440864	-127.351305	-0.079546	-73.740860	-0.380887	-118.977605	-0.322822	-124.807907	-0.294351
6930.443552	-128.013374	0.395928	-72.520566	-0.332904	-127.893707	0.427961	-120.618739	0.141742
6972.446240	-120.188428	0.093794	-70.782151	-0.023464	-121.409427	0.318590	-132.039233	0.367836
7014.448928	-122.041607	0.322159	-68.888666	0.228464	-128.897574	0.271147	-128.366447	0.045027
7056.451616	-121.810673	-0.391753	-80.623396	0.107308	-120.889413	0.121854	-132.557083	-0.046892
7098.454304	-121.571063	0.077150	-70.669203	0.147798	-120.738233	0.163559	-121.997818	-0.039222
7140.456993	-128.539488	0.327799	-79.475996	-0.253661	-118.598595	0.304769	-146.889201	-0.392840
7182.459681	-122.015624	-0.334686	-74.339724	0.197502	-118.694287	-0.241869	-121.477138	-0.195723
7224.462369	-138.425741	-0.140736	-73.642879	0.411865	-123.742602	-0.016963	-119.616342	0.220553
7266.465057	-120.584030	-0.200193	-86.249181	-0.176851	-126.935092	0.254258	-122.421797	0.120132
7308.467745	-121.280014	-0.492109	-78.057805	-0.199256	-128.252684	0.033014	-124.979735	-0.043522
7350.470434	-126.575943	-0.308440	-75.579728	-0.013942	-124.128971	0.097243	-124.412110	0.093953
7392.473122	-131.607477	-0.284875	-76.969293	0.247115	-133.299797	-0.292855	-122.044152	0.282860
7434.475810	-117.235176	-0.426697	-71.350874	0.444986	-123.880477	-0.139228	-119.418421	0.334233
7476.478498	-125.433992	-0.225884	-71.020160	-0.002883	-123.842331	-0.404747	-124.268957	-0.248662
7518.481186	-120.961036	-0.018178	-85.745069	0.424555	-120.515710	-0.153673	-125.236455	0.305711
7560.483875	-123.723035	-0.118475	-95.835637	-0.458065	-122.025384	0.059112	-124.436101	0.090952
7602.486563	-125.060907	-0.015895	-85.066612	0.279986	-135.592622	0.493893	-126.772430	-0.076238
7644.489251	-117.880391	0.181433	-85.861881	-0.367065	-123.378215	-0.483992	-128.249779	0.079695
7686.491939	-127.040332	-0.031653	-69.467038	-0.128806	-122.248708	0.080008	-122.513402	0.343258
7728.494627	-120.046173	-0.213076	-91.977846	0.125472	-136.531353	-0.082287	-124.699436	0.098483
7770.497316	-120.372921	0.016960	-78.276082	-0.004569	-120.489362	-0.081357	-118.682014	0.190696
7812.500004	-125.375722	-0.470524	-70.208620	-0.104618	-126.845993	0.001191	-123.350881	-0.081903
7854.502692	-130.543346	0.319695	-79.109873	0.387390	-139.438828	-0.353569	-125.378355	0.036528
7896.505380	-127.413872	-0.164312	-70.582518	0.337626	-120.623950	0.015212	-141.271951	-0.124067
7938.508068	-132.474125	-0.059510	-81.065855	-0.411025	-129.178983	-0.286485	-117.593347	-0.394670
7980.510757	-119.538222	-0.441597	-68.760758	0.277798	-129.472387	-0.080708	-131.213065	-0.448890
8022.513445	-143.959433	0.282908	-76.655151	-0.383324	-117.196453	-0.492305	-125.774237	-0.168957
8064.516133	-125.199580	-0.378511	-71.589950	0.142378	-125.175061	-0.425466	-136.712078	0.153932
8106.518821	-120.743538	-0.128145	-81.775130	0.112088	-134.165080	-0.058330	-130.982105	0.350410
8148.521509	-119.236816	0.486552	-74.886173	-0.080253	-123.021735	0.205989	-131.431652	0.109806
8190.524197	-133.039774	0.239860	-75.200965	-0.323445	-117.483705	-0.390896	-127.753283	0.336310
8232.526886	-124.026015	0.145713	-74.399932	-0.243668	-123.534100	0.285901	-127.092302	0.287110
8274.529574	-131.357388	0.027552	-71.118306	-0.372764	-124.393821	0.472401	-123.791089	-0.415228
8316.532262	-119.398533	0.081689	-78.444717	0.118980	-122.694657	-0.205091	-125.478506	0.217122
8358.534950	-123.016319	-0.463948	-86.125050	-0.318517	-125.386380	0.280605	-127.638923	-0.359934
8400.537638	-120.696343	-0.056922	-75.232312	0.351977	-157.507893	0.257225	-120.094600	-0.084191
8442.540327	-120.400499	0.093226	-79.363303	-0.183683	-125.683960	-0.229986	-122.600552	-0.107941
8484.543015	-118.916713	-0.307786	-75.797995	-0.276930	-122.772584	0.419116	-127.349850	0.406462
8526.545703	-124.739004	0.442741	-72.762284	0.468182	-117.382400	-0.497533	-122.502850	0.117578
8568.548391	-124.311763	0.317745	-72.387419	0.368474	-119.927205	0.421291	-121.942538	0.172819
8610.551079	-116.887021	-0.479419	-76.961954	-0.305635	-124.386294	0.488654	-125.878070	-0.349459
8652.553768	-132.234329	-0.439318	-69.166316	0.484890	-129.619857	-0.311114	-123.599243	-0.314736
8694.556456	-118.562513	-0.312356	-80.488369	-0.290204	-125.352049	-0.324635	-120.291677	0.010210
8736.559144	-126.964506	-0.392151	-70.261281	0.349259	-119.677805	-0.465660	-131.548800	-0.048844
8778.561832	-123.629849	-0.250028	-73.896065	0.115154	-128.975639	-0.322337	-129.051414	0.300436
8820.564520	-128.358853	0.491618	-71.511775	-0.115042	-131.358871	-0.010529	-122.232049	-0.302245
8862.567209	-121.712991	-0.422661	-78.679710	0.138391	-125.445195	0.244899	-124.110142	-0.240539
8904.569897	-129.938827	-0.214456	-71.575156	-0.397626	-125.600772	-0.196868	-133.258203	-0.430282
8946.572585	-126.260887	-0.433327	-90.828944	-0.471538	-129.881636	0.232163	-132.274926	0.429431
8988.575273	-126.143365	-0.160806	-82.567454	0.258861	-129.515324	-0.193152	-125.686322	0.338918
9030.577961	-121.600336	0.093570	-72.204026	0.312623	-125.615188	0.315184	-144.314348	-0.164344
9072.580650	-127.483258	-0.101558	-78.282539	0.333722	-128.984937	-0.426161	-121.147245	-0.147936
9114.583338	-131.673127	-0.268500	-70.345601	-0.053762	-124.672396	0.221726	-117.592679	-0.101923
9156.586026	-120.214214	0.372575	-77.231531	-0.126427	-118.140620	0.314072	-125.960150	0.294881
9198.588714	-140.630425	-0.311426	-75.200534	0.027917	-120.542387	0.418292	-127.077800	-0.036478
9240.591402	-135.734884	0.160852	-74.114890	-0.451678	-130.538645	-0.043085	-120.611154	0.487825
9282.594090	-136.085447	0.093434	-80.030215	0.367215	-127.037080	-0.076165	-130.102344	0.386050
9324.596779	-125.083612	-0.331837	-81.714376	-0.320239	-124.876739	-0.368461	-118.702557	-0.486275
9366.599467	-131.802814	-0.440752	-72.632384	0.108050	-125.272103	-0.428599	-127.563511	-0.085990
9408.602155	-124.784475	0.115535	-69.360469	0.391541	-125.873223	0.163926	-118.229512	0.056284
9450.604843	-117.398414	-0.316533	-72.324207	0.121369	-121.759025	-0.426922	-122.353352	-0.439256
9492.607531	-125.885451	0.433437	-72.889227	0.410266	-125.915610	-0.203180	-127.262016	0.078792
9534.610220	-116.224854	0.236956	-73.425599	-0.401306	-132.549117	-0.124722	-118.181093	0.388706
9576.612908	-128.606852	0.013265	-72.912566	0.471555	-118.652355	0.144356	-116.762677	0.240304
9618.615596	-121.330182	-0.350167	-78.641252	-0.354036	-128.898106	-0.142926	-123.066192	-0.122557
9660.618284	-125.599400	0.305195	-78.920196	-0.457501	-120.313184	-0.317346	-131.152458	0.359265
9702.620972	-128.775350	-0.105687	-73.880708	0.417522	-125.342189	-0.333008	-119.010910	-0.017391
9744.623661	-124.653096	0.027310	-74.583557	-0.385843	-117.922573	-0.020118	-123.738095	-0.338397
9786.626349	-117.654139	0.191815	-78.571781	-0.386740	-129.712882	0.191034	-125.861270	-0.294164
9828.629037	-127.532217	0.472236	-77.782712	0.355578	-120.436740	-0.315571	-117.663129	-0.210555
9870.631725	-128.709626	-0.199710	-73.977424	-0.203054	-121.843573	0.138759	-120.828196	-0.077919
9912.634413	-120.083717	-0.039246	-66.930124	-0.261167	-124.569431	0.097817	-122.879887	-0.023630
9954.637102	-118.207665	-0.353498	-75.637053	-0.499049	-123.672303	0.356179	-120.291618	-0.118806
9996.639790	-119.145138	0.048423	-93.397528	0.343546	-120.252258	-0.302482	-127.129556	0.453561
10038.642478	-119.913659	-0.163301	-76.448138	-0.118404	-123.743750	-0.206331	-125.215045	0.274617
10080.645166	-119.719321	-0.220875	-76.572993	0.413705	-125.601816	-0.359754	-122.806767	0.148756
10122.647854	-119.210646	0.187523	-81.744945	-0.057441	-122.506155	0.355738	-119.573876	0.451056
10164.650543	-121.174128	0.075294	-75.165687	-0.140688	-127.148015	0.271825	-122.222906	-0.087575
10206.653231	-125.804988	-0.206510	-70.848391	0.255082	-126.664611	0.452731	-131.828668	-0.227493
10248.655919	-119.589949	-0.148018	-75.051073	0.121530	-118.449510	0.031930	-123.734148	-0.317795
10290.658607	-124.578298	-0.141243	-81.262690	0.123749	-131.138875	-0.338562	-124.266320	-0.323707
10332.661295	-122.684639	-0.016969	-77.224992	-0.429161	-122.597449	0.008035	-133.545291	0.017150
10374.663983	-124.437496	-0.099571	-81.485026	-0.014208	-131.587931	0.166659	-132.388345	-0.017763
10416.666672	-134.078622	0.201584	-73.526469	0.082723	-131.678887	-0.476355	-121.012187	0.142598
10458.669360	-98.021267	0.403575	-77.951630	0.201841	-121.104635	-0.273369	-122.833167	0.347712
10500.672048	-122.113043	-0.402206	-77.759142	0.403530	-121.678020	0.207506	-124.268000	0.445844
10542.674736	-118.046202	0.404180	-74.895089	0.446910	-118.852492	-0.087881	-116.843464	0.017401
10584.677424	-138.198369	-0.261538	-72.830462	0.239450	-128.653191	0.107981	-133.456264	-0.477116
10626.680113	-119.130796	0.215856	-69.082003	-0.203926	-122.568470	-0.359374	-119.665975	-0.245604
10668.682801	-119.138439	-0.240754	-89.210587	0.420906	-121.141977	-0.051932	-118.865680	-0.219604
10710.685489	-121.331741	0.326974	-76.143711	-0.075313	-120.132358	-0.206933	-128.047542	-0.047420
10752.688177	-118.888965	0.087199	-72.168470	0.454759	-135.730663	-0.315146	-123.034968	0.349764
10794.690865	-119.486318	-0.111916	-75.857644	-0.015572	-118.278399	0.341828	-121.824610	-0.106510
10836.693554	-127.164160	-0.188902	-86.516793	0.041885	-121.539658	-0.155215	-130.796740	-0.090669
10878.696242	-113.523751	-0.498804	-77.140598	0.040819	-121.117672	-0.490589	-121.315513	-0.496864
10920.698930	-119.914016	-0.402021	-80.554806	0.231597	-126.450346	0.079828	-121.335923	0.318576
10962.701618	-118.032520	0.076592	-83.160072	0.234206	-125.107895	-0.009053	-125.892572	0.089528
11004.704306	-120.636935	-0.226494	-83.619432	-0.025747	-117.086993	-0.296264	-124.567357	-0.143590
11046.706995	-120.463891	0.403835	-75.911688	-0.321919	-120.731608	0.432283	-124.710106	0.192031
11088.709683	-119.491718	0.029134	-75.271381	-0.185833	-119.589632	0.124246	-132.663242	0.324429
11130.712371	-129.497227	-0.438843	-74.857180	-0.431028	-117.288955	-0.237512	-127.436804	-0.090041
11172.715059	-115.684020	0.464869	-71.498310	-0.063218	-116.168046	0.235776	-121.464678	0.368488
11214.717747	-120.838995	-0.142356	-71.927007	0.315854	-118.447538	0.277930	-126.093410	-0.277747
11256.720435	-124.022056	0.443853	-90.150533	-0.439195	-122.628927	0.480883	-125.215494	-0.373064
11298.723124	-125.502525	-0.482901	-72.305081	-0.349461	-123.644965	-0.169845	-121.844402	0.080002
11340.725812	-120.295791	-0.139013	-67.568774	0.155694	-117.991053	0.294019	-115.214440	0.332649
11382.728500	-123.934685	-0.018688	-82.981616	0.461280	-124.518504	0.125655	-125.950100	-0.228244
11424.731188	-133.586401	0.020439	-74.645927	0.370917	-123.309187	-0.074609	-135.003417	-0.144939
11466.733876	-122.824754	0.143513	-79.589133	-0.385429	-120.866448	0.058862	-122.213788	0.240754
11508.736565	-122.261635	-0.355120	-75.109543	0.126765	-119.117212	-0.144506	-123.144693	-0.030946
11550.739253	-131.481967	0.013406	-74.264942	0.068227	-117.117761	-0.248403	-120.005431	0.182014
11592.741941	-124.904911	-0.406793	-72.042367	0.498942	-118.838645	-0.171907	-126.578433	0.455783
11634.744629	-121.136577	-0.051925	-72.264595	-0.426894	-133.841788	-0.211565	-118.031167	-0.481589
11676.747317	-116.427806	-0.283473	-84.550125	-0.157502	-129.842763	0.404273	-127.874494	-0.459492
11718.750006	-128.987841	0.471838	-79.657311	0.396364	-125.025764	-0.345774	-126.202348	-0.078166
11760.752694	-128.559928	0.437601	-73.892546	0.001365	-125.467809	-0.196494	-123.546686	-0.370966
11802.755382	-116.159842	-0.249273	-98.680718	0.472777	-125.721286	0.376086	-126.994777	-0.007661
11844.758070	-119.212336	0.171094	-75.336315	0.477092	-118.338422	0.029671	-129.600682	0.283349
11886.760758	-142.523627	-0.223514	-84.043689	-0.016134	-123.023999	-0.029926	-120.366494	-0.297064
11928.763447	-119.411069	-0.075969	-90.417358	-0.103628	-128.305380	0.007205	-126.762884	0.211986
11970.766135	-118.994454	0.193311	-81.142138	0.489779	-131.502096	-0.385303	-125.351273	0.453061
12012.768823	-124.288891	-0.016352	-76.081414	0.346228	-119.030349	-0.158541	-125.971567	-0.159908
12054.771511	-117.749153	0.400778	-76.202603	-0.362875	-122.824745	0.155306	-129.610786	-0.453280
12096.774199	-121.813369	-0.038578	-79.930966	-0.154349	-117.646698	-0.445238	-120.577328	0.037536
12138.776888	-120.655152	-0.176629	-82.243074	-0.319795	-133.636808	-0.195634	-134.176182	-0.278374
12180.779576	-120.270405	0.259891	-84.286727	-0.462741	-141.086315	-0.090822	-119.572370	0.030628
12222.782264	-127.225664	-0.400654	-89.565978	-0.004941	-130.511749	0.001841	-119.673665	0.413045
12264.784952	-122.248016	0.234768	-87.940435	-0.335345	-129.956696	0.268057	-119.311034	0.206000
12306.787640	-116.440121	0.365924	-86.723602	-0.263059	-119.850222	-0.289995	-122.399330	-0.034497
12348.790328	-120.224674	0.334154	-80.049632	0.020614	-123.688488	-0.337922	-127.032624	0.105778
12390.793017	-131.894293	-0.390428	-75.153447	0.276076	-130.006117	-0.283214	-129.360274	-0.210420
12432.795705	-120.740544	0.049976	-83.654755	0.020938	-119.935393	0.242532	-122.526894	-0.112049
12474.798393	-142.949717	-0.067976	-73.353472	-0.365679	-138.143939	0.253927	-115.997000	-0.148815
12516.801081	-121.582179	-0.185158	-75.262608	-0.077941	-115.076823	-0.249411	-125.811851	-0.313166
12558.803769	-116.996475	-0.467131	-80.154876	-0.045911	-126.753778	-0.127063	-123.022959	-0.218328
12600.806458	-122.024079	0.223747	-73.631547	0.060666	-121.015910	0.241814	-136.784375	0.117724
12642.809146	-119.877205	0.290060	-80.394795	-0.366994	-121.804894	-0.463004	-127.291814	-0.317100
12684.811834	-125.560467	-0.349920	-82.833786	-0.496262	-125.417776	-0.167060	-126.620971	0.487762
12726.814522	-115.354627	-0.369886	-80.421049	0.259041	-114.797619	-0.305295	-125.871626	0.276286
12768.817210	-120.251943	-0.411276	-86.811708	-0.473033	-139.916434	-0.284916	-116.957952	-0.442142
12810.819899	-121.285365	-0.340590	-74.968940	-0.176564	-115.817889	-0.115351	-128.793764	-0.036310
12852.822587	-134.998147	0.362619	-76.491322	0.108431	-121.757011	-0.018355	-126.325618	0.193312
12894.825275	-127.355773	-0.197637	-80.939278	-0.119658	-125.948991	0.302406	-120.522749	0.206354
12936.827963	-128.578258	-0.272599	-73.618810	0.075534	-140.443399	0.163340	-131.586142	-0.404784
12978.830651	-127.571272	0.323986	-74.853753	0.060052	-122.720797	0.385509	-128.722678	-0.370048
13020.833340	-118.397254	0.094665	-82.926688	-0.442464	-129.482883	-0.015230	-128.871278	0.430594
13062.836028	-134.879985	-0.124695	-85.867270	-0.417392	-129.699898	0.238240	-125.425788	-0.364115
13104.838716	-147.415076	-0.392884	-77.747136	-0.106599	-123.401459	-0.388104	-128.352050	-0.470251
13146.841404	-127.044380	0.355180	-78.557560	-0.026221	-123.697128	-0.181626	-124.513466	-0.414121
13188.844092	-119.431971	0.189048	-97.944820	-0.400800	-125.066957	0.014777	-126.022481	0.332699
13230.846781	-128.437091	0.268325	-79.435636	0.450415	-129.611318	-0.086381	-125.457845	-0.001939
13272.849469	-125.225917	-0.161718	-77.863704	0.095029	-119.157632	-0.360829	-122.958344	-0.228356
13314.852157	-121.494398	-0.495696	-107.723282	-0.314777	-129.143835	-0.413183	-121.916916	-0.424890
13356.854845	-130.858111	0.233851	-79.595988	0.063825	-133.306683	0.200241	-124.956322	0.263417
13398.857533	-129.902510	0.253348	-82.191061	-0.108484	-133.481090	0.460019	-119.008779	0.044366
13440.860221	-120.580670	-0.385813	-81.624563	-0.464816	-124.441324	-0.163972	-128.692196	-0.168135
13482.862910	-120.104454	-0.262378	-74.766825	-0.452530	-123.260843	-0.211790	-131.172326	-0.018792
13524.865598	-118.998209	0.075748	-79.585097	-0.330026	-119.952497	-0.032095	-136.953356	-0.350203
13566.868286	-125.447442	-0.203257	-84.547339	-0.289538	-124.825101	0.136277	-125.461509	0.090234
13608.870974	-136.822570	0.077533	-86.058791	0.364946	-132.922664	-0.350697	-122.715804	0.075435
13650.873662	-125.512878	-0.229409	-83.676184	-0.481956	-120.160079	0.443675	-126.664216	0.190937
13692.876351	-124.860813	0.281900	-80.017315	-0.089816	-125.306738	0.199636	-126.917900	0.024956
13734.879039	-123.773470	-0.058440	-82.576981	-0.432822	-117.682750	0.082108	-119.959266	-0.222492
13776.881727	-122.708362	0.470113	-79.028454	-0.231640	-122.246658	0.460368	-139.369461	-0.270757
13818.884415	-120.398955	-0.124772	-86.576827	-0.453186	-121.442260	0.107050	-120.481767	0.123204
13860.887103	-130.160158	-0.303660	-91.345505	-0.294207	-114.046351	-0.183447	-123.226011	-0.322915
13902.889792	-132.680310	0.481704	-78.510372	0.313610	-133.258809	-0.459083	-128.525328	-0.404932
13944.892480	-101.618401	-0.347954	-80.618778	0.366780	-123.373720	-0.215921	-119.167112	-0.190409
13986.895168	-125.808232	0.033075	-73.668849	0.218759	-121.544779	-0.089690	-117.533948	0.143266
14028.897856	-120.867304	-0.250165	-77.649054	0.318398	-129.726133	0.043834	-124.599967	0.059123
14070.900544	-114.549038	-0.235749	-89.912599	0.274696	-117.778077	0.467000	-132.758482	-0.384593
14112.903233	-120.225524	0.092276	-85.843864	-0.487977	-117.070175	0.076484	-115.226650	0.025066
14154.905921	-120.953736	-0.101010	-72.360545	0.409823	-125.768757	0.236574	-118.574953	-0.208393
14196.908609	-120.905836	-0.294479	-78.690250	0.137196	-120.480752	-0.294684	-124.002413	0.221978
14238.911297	-129.646140	-0.237480	-79.448937	0.436296	-118.401977	-0.430920	-123.738088	0.393038
14280.913985	-127.550097	0.482024	-83.831300	-0.027996	-124.353769	-0.071343	-132.319331	-0.139679
14322.916674	-124.711618	-0.243050	-75.156088	0.213243	-121.846913	-0.308145	-122.561845	-0.339613
14364.919362	-121.554002	0.337307	-75.786164	-0.404430	-116.432426	0.085339	-124.386310	0.310920
14406.922050	-117.124204	0.325721	-83.992096	-0.357860	-123.364236	-0.393349	-117.516861	0.393890
14448.924738	-123.317376	-0.071287	-79.946710	0.265294	-121.152936	-0.017810	-121.680746	-0.367399
14490.927426	-130.625334	-0.204938	-89.128167	0.146467	-135.671757	-0.321492	-118.852106	0.460095
14532.930114	-118.009258	0.215320	-81.518726	0.335744	-130.087624	-0.168008	-119.671407	-0.231808
14574.932803	-127.440356	-0.021081	-81.529588	0.159535	-123.385601	0.229793	-127.348508	-0.361324
14616.935491	-118.718499	0.339078	-78.311770	0.124863	-131.449587	-0.148685	-120.206506	-0.466025
14658.938179	-123.716182	0.319547	-77.864839	0.167108	-118.784022	0.293406	-126.714090	-0.388479
14700.940867	-124.949575	0.307860	-74.105300	0.360898	-125.482397	0.042389	-123.148745	0.189008
14742.943555	-128.055402	-0.161353	-86.471635	0.195220	-123.278727	0.439129	-127.274736	0.315474
14784.946244	-124.265328	-0.099112	-74.349454	0.036591	-121.442763	-0.125843	-124.037288	0.301419
14826.948932	-130.707295	0.150425	-81.493167	-0.228685	-119.124426	0.139986	-127.433090	-0.311061
14868.951620	-122.295381	0.112250	-83.302796	-0.199390	-121.064482	-0.309186	-125.531005	0.072691
14910.954308	-121.392940	0.235397	-77.369986	-0.414504	-128.374398	-0.326072	-121.941454	0.022969
14952.956996	-119.767794	-0.446180	-89.697564	-0.121563	-125.511616	0.090995	-127.643110	-0.028905
14994.959685	-131.588090	-0.203303	-75.241327	0.000375	-123.504140	0.346096	-119.597777	0.178890
15036.962373	-126.914066	-0.481902	-84.289616	0.496902	-123.926402	0.265279	-136.194060	0.405376
15078.965061	-120.692401	-0.373349	-78.683521	-0.080600	-118.238028	-0.410344	-118.189550	-0.421773
15120.967749	-120.133216	0.123382	-75.346770	0.482205	-123.480447	0.029746	-118.618523	0.112628
15162.970437	-134.148622	-0.071306	-85.836073	-0.452343	-130.258743	0.140327	-130.854468	-0.367497
15204.973126	-133.185038	-0.090483	-81.719916	0.394663	-127.202997	0.260972	-116.236390	0.089433
15246.975814	-128.766908	-0.424146	-71.420455	-0.172727	-119.039240	-0.403774	-122.107779	-0.255346
15288.978502	-120.263343	-0.304233	-73.918619	0.385944	-118.395270	-0.052642	-124.732013	-0.296634
15330.981190	-133.344122	0.319076	-80.775366	-0.291699	-139.757917	-0.247908	-131.094537	-0.493416
15372.983878	-129.921485	0.352730	-85.295209	0.261796	-128.313110	0.129900	-120.967716	0.285058
15414.986567	-116.600298	-0.185510	-99.827310	-0.025055	-127.065171	-0.422229	-135.823586	-0.006734
15456.989255	-119.815140	0.095109	-78.331746	0.023504	-124.246397	-0.280992	-121.754017	-0.144741
15498.991943	-128.124612	0.165829	-78.283935	0.418890	-126.472934	0.079140	-129.695942	0.228831
15540.994631	-116.479750	-0.113980	-84.316333	0.029295	-128.159232	-0.162876	-119.562028	-0.160323
15582.997319	-131.172689	0.075822	-72.347225	-0.069216	-120.370795	-0.343064	-131.891913	-0.021373
15625.000007	-118.647254	0.058160	-78.295260	-0.418735	-126.892903	0.188322	-122.028144	0.198573
15667.002696	-118.376807	-0.360001	-74.204822	-0.125908	-113.758692	0.372395	-120.468997	-0.156951
15709.005384	-129.703909	0.458568	-74.289480	0.014952	-123.935393	-0.106829	-131.084170	-0.316130
15751.008072	-117.292231	-0.096692	-84.811639	-0.155909	-117.096977	0.276065	-122.139152	0.116343
15793.010760	-126.048231	0.389518	-85.739950	0.367246	-123.575753	0.167784	-133.584889	-0.492643
15835.013448	-122.856710	0.424597	-82.901181	-0.039339	-118.610417	0.430320	-127.504131	0.390743
15877.016137	-128.954499	-0.043837	-84.203561	-0.017603	-154.904183	0.425309	-124.173086	-0.146433
15919.018825	-124.140325	0.299009	-80.640401	0.222876	-120.401053	0.082901	-130.438482	-0.293866
15961.021513	-119.874331	0.006816	-89.388350	0.266112	-124.192510	-0.290454	-145.737355	0.386302
16003.024201	-132.240871	-0.009344	-86.384934	0.323085	-119.022812	-0.290658	-120.849057	-0.484444
16045.026889	-126.862526	0.308003	-85.504007	0.252313	-119.986346	0.361771	-125.147797	-0.244119
16087.029578	-126.309575	-0.082050	-83.011217	-0.373644	-132.035291	-0.384829	-129.282890	0.080240
16129.032266	-119.493764	0.436725	-75.310263	0.391855	-117.007329	-0.410740	-120.095237	0.324265
16171.034954	-123.551933	0.121967	-80.595473	-0.303463	-119.356746	0.120302	-125.620750	0.241475
16213.037642	-115.154769	0.357595	-82.200239	-0.111788	-130.431418	-0.146071	-127.695946	-0.035836
16255.040330	-128.144102	0.103119	-85.146913	-0.361948	-122.626117	0.149455	-122.246741	-0.208840
16297.043019	-126.234484	-0.280808	-88.813236	-0.244185	-124.697802	-0.139411	-123.226816	0.081247
16339.045707	-129.739092	-0.173805	-84.065070	0.222935	-130.984284	0.207792	-120.539180	-0.046112
16381.048395	-132.389493	0.053724	-85.545377	-0.278579	-129.725704	0.180263	-120.819793	0.392251
16423.051083	-119.076323	-0.226332	-84.314421	0.465339	-128.370406	0.016266	-121.091880	0.485659
16465.053771	-127.754061	-0.499641	-76.369840	0.095318	-125.369403	0.448345	-128.511446	0.039243
16507.056460	-116.625168	-0.018225	-86.625614	0.462668	-129.211837	-0.368784	-137.704042	0.349281
16549.059148	-119.071889	0.037422	-81.833395	0.432799	-119.689745	-0.108793	-127.217046	-0.377805
16591.061836	-125.589195	0.004123	-82.156632	0.373852	-122.659125	-0.092094	-119.139392	-0.375120
16633.064524	-119.557357	0.092742	-82.582434	0.209655	-121.173884	-0.452941	-124.850858	-0.285434
16675.067212	-133.350096	0.295966	-78.920724	-0.397083	-122.609144	-0.014052	-124.821719	0.025074
16717.069900	-128.578158	0.312359	-84.330648	0.171324	-128.804109	-0.383002	-131.167953	0.022574
16759.072589	-119.492366	-0.465231	-82.323579	0.488892	-117.537288	0.297481	-120.579543	0.142482
16801.075277	-118.667308	-0.290051	-76.802164	0.387367	-134.573182	-0.433274	-142.176899	-0.361526
16843.077965	-121.745942	0.246101	-84.387802	-0.132212	-122.532441	0.015619	-121.497421	-0.398363
16885.080653	-135.864582	0.445990	-91.301510	0.229690	-131.467360	0.446442	-124.473498	-0.288677
16927.083341	-122.714450	-0.187748	-76.975455	-0.037090	-130.289416	0.122477	-132.082716	-0.094751
16969.086030	-119.920091	-0.052659	-78.021509	0.059083	-122.408150	-0.123466	-116.957790	-0.109246
17011.088718	-115.073141	-0.094604	-81.055467	-0.073996	-118.867460	-0.216685	-124.148406	0.362505
17053.091406	-127.609615	-0.021984	-81.667266	0.018511	-119.712216	-0.126280	-124.986981	0.268056
17095.094094	-132.404325	0.009555	-82.458307	-0.489792	-122.814177	0.053922	-143.594225	-0.379974
17137.096782	-119.287654	0.235372	-77.418153	-0.235432	-127.785071	0.400780	-120.264855	0.276957
17179.099471	-127.963616	0.213794	-79.511979	0.435012	-119.526654	-0.462618	-121.737171	0.390536
17221.102159	-122.569038	0.164537	-77.565256	0.364393	-121.796061	0.103823	-124.337216	-0.276064
17263.104847	-121.361975	-0.260445	-79.128810	0.496597	-121.495533	-0.437036	-125.032331	0.479062
17305.107535	-135.868776	0.415438	-87.483414	0.333889	-119.465361	0.117936	-123.376701	0.067066
17347.110223	-122.712513	0.327394	-80.540835	-0.429732	-117.813432	0.475418	-119.530383	-0.429980
17389.112912	-132.945964	0.242859	-85.367387	0.105934	-121.342140	-0.230785	-128.875092	-0.415426
17431.115600	-105.946514	0.489028	-77.284932	0.463160	-118.208818	0.089889	-118.640617	-0.309763
17473.118288	-118.357637	0.406856	-84.177327	0.293293	-125.884507	-0.110822	-122.462637	0.085886
17515.120976	-125.863608	-0.478871	-78.335753	0.182433	-115.434502	0.447918	-134.835329	0.018381
17557.123664	-114.944058	-0.356577	-78.890952	0.440692	-119.422497	0.062700	-129.281715	0.435958
17599.126353	-122.780655	0.421684	-87.801136	-0.275357	-124.590880	0.321715	-128.190321	0.478756
17641.129041	-124.742828	-0.140051	-82.516910	0.339659	-121.147347	-0.187522	-117.267634	-0.477525
17683.131729	-146.935186	0.142139	-84.296934	0.248147	-123.043805	-0.371752	-122.398490	-0.309336
17725.134417	-118.009621	-0.091294	-87.765103	-0.479797	-128.452374	-0.305954	-126.179238	-0.017555
17767.137105	-121.470334	0.400423	-83.656775	0.349758	-123.753121	-0.463296	-120.685221	0.257751
17809.139793	-123.646286	0.099071	-89.654412	0.010892	-125.023053	0.337940	-117.491664	0.048411
17851.142482	-123.942834	0.439213	-85.162938	0.220738	-128.683395	0.155972	-126.917062	0.045718
17893.145170	-129.819377	-0.121960	-79.035885	-0.398159	-145.913000	-0.141689	-120.925311	-0.021299
17935.147858	-126.893819	0.053722	-85.142477	0.151775	-124.126076	-0.165422	-125.110614	-0.445997
17977.150546	-126.042002	0.354242	-83.725622	-0.382273	-119.391890	-0.118760	-128.198903	0.133689
18019.153234	-120.718382	-0.100665	-75.224153	-0.033248	-125.623693	-0.042065	-133.267360	-0.127377
18061.155923	-120.416430	-0.125663	-82.017136	0.320899	-122.568208	0.219717	-126.319130	-0.240251
18103.158611	-127.973490	-0.251133	-91.276707	-0.356846	-117.915855	-0.314518	-120.798094	-0.369680
18145.161299	-119.079783	-0.218624	-76.121257	-0.193442	-127.560643	-0.042047	-118.978605	-0.074857
18187.163987	-117.531480	0.154036	-85.499811	-0.017514	-127.430782	-0.399888	-125.040936	-0.437114
18229.166675	-126.297347	0.271445	-82.283933	0.250979	-122.939468	0.199627	-121.087319	0.376445
18271.169364	-126.995509	0.028652	-79.207405	-0.176854	-120.541565	-0.231856	-119.359437	-0.217733
18313.172052	-124.505433	0.375088	-81.990334	-0.192667	-131.889086	0.347574	-129.631906	-0.130918
18355.174740	-118.418857	-0.085431	-80.475828	-0.338267	-118.916663	0.018248	-123.555503	0.057788
18397.177428	-121.434213	-0.259805	-87.416611	-0.171386	-128.782164	0.443289	-138.202869	0.047245
18439.180116	-137.187286	0.198461	-80.674494	0.117007	-118.940384	-0.424995	-131.003463	-0.336520
18481.182805	-122.218284	0.190442	-81.705592	-0.315454	-117.017375	0.193422	-119.272043	0.201198
18523.185493	-121.487602	0.129957	-85.846986	-0.319981	-141.587903	-0.341152	-115.448654	-0.121384
18565.188181	-133.174932	-0.418507	-76.924802	-0.488166	-121.412087	0.155886	-123.142715	-0.276482
18607.190869	-120.444822	-0.341183	-91.843416	-0.045778	-125.601716	-0.314293	-124.884788	-0.024966
18649.193557	-123.128123	0.321028	-80.010575	-0.161102	-113.681863	-0.055561	-120.496166	-0.461765
18691.196246	-126.380736	0.346513	-81.749321	-0.431391	-141.978123	0.150544	-122.559198	0.225646
18733.198934	-119.129242	-0.168271	-84.039905	-0.250950	-116.573819	-0.332913	-121.772688	-0.493438
18775.201622	-128.578431	-0.331646	-83.243755	-0.292998	-126.611205	-0.180084	-124.928944	-0.035308
18817.204310	-123.609455	0.332000	-76.180879	0.171948	-121.817445	-0.110304	-124.826551	0.057527
18859.206998	-123.100306	-0.247471	-84.759593	0.048955	-128.607462	0.111454	-118.501346	-0.007337
18901.209686	-127.895512	0.330681	-82.984332	0.028247	-117.987524	-0.380042	-127.208753	0.422076
18943.212375	-123.888641	-0.443567	-81.571727	0.290959	-125.016432	-0.432208	-120.008811	-0.231013
18985.215063	-126.210370	0.402458	-76.986956	-0.167516	-118.345032	0.056749	-120.344004	0.064356
19027.217751	-134.215220	0.196762	-89.647043	0.269464	-137.246829	0.127516	-120.350138	-0.414190
19069.220439	-120.187695	-0.216282	-85.099695	0.174945	-128.057779	-0.144340	-126.815352	0.008002
19111.223127	-132.388668	-0.495501	-79.924794	0.045068	-126.622843	-0.221909	-131.738853	0.085230
19153.225816	-122.705484	-0.149648	-80.473335	-0.193236	-127.537683	-0.496658	-122.652504	-0.038719
19195.228504	-118.202951	0.378003	-77.963238	-0.233263	-123.368008	0.194421	-116.844899	0.112720
19237.231192	-118.699893	-0.328674	-78.230865	0.183657	-127.836758	0.236282	-121.269779	0.124132
19279.233880	-126.442853	-0.016540	-84.530497	0.161609	-122.967905	0.003166	-117.843384	-0.137215
19321.236568	-122.009373	-0.259772	-90.499446	0.424624	-118.002590	0.045970	-118.934056	-0.404465
19363.239257	-122.733340	-0.181424	-79.353221	0.287489	-122.187515	0.252000	-117.833870	0.002788
19405.241945	-116.709077	0.449333	-95.750961	0.072749	-123.286053	0.434575	-123.999231	-0.322037
19447.244633	-127.283111	-0.032491	-84.689124	-0.250045	-126.299602	-0.123875	-127.404513	0.344235
19489.247321	-119.312335	0.428437	-78.660248	-0.220999	-118.521965	0.494435	-133.252838	-0.469056
19531.250009	-122.998352	0.354816	-81.200256	0.369449	-123.720044	-0.272523	-118.488000	-0.212225
19573.252698	-120.936690	0.384202	-91.678501	0.244425	-127.424036	0.366764	-122.670802	0.341511
19615.255386	-140.457992	-0.210922	-87.552901	0.163593	-112.979280	0.246523	-126.661425	-0.413177
19657.258074	-131.045414	-0.377148	-86.502368	-0.147237	-123.400671	0.029505	-123.317417	-0.496366
19699.260762	-123.698825	0.407409	-85.186642	-0.325620	-125.203948	-0.327939	-125.993426	0.261526
19741.263450	-128.135150	0.284662	-85.291539	0.331157	-134.872460	0.149622	-157.640527	0.381539
19783.266139	-120.144953	-0.098514	-102.277966	-0.486178	-119.004661	0.333372	-128.755221	0.121934
19825.268827	-124.411816	0.309336	-78.608684	-0.061640	-124.619891	0.234416	-120.762825	0.228472
19867.271515	-120.881962	-0.109685	-80.242611	-0.118767	-121.266434	0.018345	-132.104584	0.165962
19909.274203	-122.710902	0.271706	-90.899721	0.433266	-118.586013	0.218758	-116.833487	-0.080040
19951.276891	-118.346719	-0.271105	-79.963734	-0.489047	-121.817480	-0.325357	-119.253077	-0.234492
19993.279579	-114.995525	-0.125881	-80.962761	-0.113693	-119.950267	-0.314215	-119.199910	-0.323265
20035.282268	-124.509434	-0.480761	-85.797194	0.466139	-125.935459	-0.178594	-128.813701	-0.251847
20077.284956	-123.674274	-0.280268	-83.146391	0.417565	-123.853096	-0.378705	-127.372840	-0.296178
20119.287644	-126.458746	0.041218	-79.463068	-0.069263	-123.925836	0.182972	-121.597882	0.201133
20161.290332	-124.575993	-0.244768	-83.524415	0.466854	-126.926084	-0.470073	-119.692856	-0.296645
20203.293020	-130.640537	0.039661	-85.974348	-0.241168	-127.351928	-0.477240	-125.796859	-0.082528
20245.295709	-126.103253	-0.219973	-82.492028	0.040282	-122.805380	0.064389	-121.876443	0.092714
20287.298397	-124.695192	0.424958	-80.718792	-0.267280	-126.045989	-0.399246	-129.940422	0.297247
20329.301085	-122.387503	-0.248253	-82.472430	0.070744	-120.994456	-0.219128	-118.642566	-0.042480
20371.303773	-137.522019	-0.016902	-76.936061	0.363862	-119.981680	0.387083	-122.158960	-0.245360
20413.306461	-135.972809	0.389874	-84.870861	0.388697	-120.358607	-0.423814	-124.988100	-0.134829
20455.309150	-117.694537	-0.396197	-93.418768	0.061879	-128.019799	0.426118	-131.118579	-0.302608
20497.311838	-121.939811	0.309687	-77.225947	-0.158530	-130.157743	-0.207898	-126.414991	0.084955
20539.314526	-127.373765	-0.048063	-87.777570	-0.109394	-127.450915	-0.393512	-131.513484	-0.220429
20581.317214	-121.090303	-0.191389	-81.226429	-0.152229	-122.490116	0.271683	-125.145421	0.203634
20623.319902	-123.886842	-0.125108	-82.599139	-0.011229	-121.005712	-0.135564	-128.050983	0.238490
20665.322591	-125.467054	-0.156737	-93.280501	-0.007385	-124.083330	0.054941	-121.290591	-0.249256
20707.325279	-122.156924	0.216949	-91.816804	-0.283184	-120.577469	0.011859	-132.452765	-0.172925
20749.327967	-119.255478	-0.349567	-87.287190	0.363780	-122.599285	0.165263	-117.964236	-0.455985
20791.330655	-127.520906	-0.051554	-78.974196	0.180791	-131.427150	-0.343865	-120.883411	0.060338
20833.333343	-121.894055	-0.234839	-84.069562	0.371387	-124.143254	-0.446340	-134.466935	-0.476472
20875.336032	-124.103758	0.257808	-88.984109	0.140853	-118.203374	-0.319333	-120.381829	-0.228319
20917.338720	-102.887252	-0.234085	-82.277428	0.487281	-122.272418	-0.218252	-117.681397	0.226419
20959.341408	-121.667801	-0.292664	-85.627806	0.017120	-129.596437	-0.287900	-125.738311	0.131991
21001.344096	-115.473040	-0.222603	-82.706127	0.346623	-126.983341	0.475402	-118.494276	-0.093544
21043.346784	-128.701673	-0.188305	-84.723913	-0.345601	-121.851173	-0.143021	-120.334883	-0.442515
21085.349472	-126.919252	-0.348010	-79.549810	-0.112796	-118.040361	-0.109554	-129.233566	-0.293817
21127.352161	-122.023207	-0.406857	-82.725081	-0.164009	-131.018019	-0.433730	-124.285182	-0.463078
21169.354849	-123.127311	0.498054	-76.252208	0.295202	-128.099223	0.472073	-119.098689	0.487365
21211.357537	-129.008153	0.200352	-85.420778	-0.491397	-119.264773	0.374757	-121.957377	0.272049
21253.360225	-126.276548	-0.475902	-79.107125	0.171813	-121.026434	0.155528	-121.192762	-0.423449
21295.362913	-129.773239	0.462191	-78.788927	0.439362	-126.266530	0.179581	-124.892876	0.267407
21337.365602	-117.778771	-0.459062	-83.142796	0.120986	-122.834693	0.326824	-120.216922	-0.364125
21379.368290	-129.409580	-0.221247	-83.362446	-0.001010	-130.949929	-0.287687	-118.112215	-0.107839
21421.370978	-127.071314	0.039502	-78.309461	-0.349130	-125.890232	-0.212881	-118.228284	-0.289539
21463.373666	-119.865658	-0.420779	-85.606127	-0.199084	-134.697751	-0.308745	-132.558027	-0.432558
21505.376354	-124.680927	0.130491	-83.217416	0.360854	-135.833918	0.312228	-124.749033	0.368314
21547.379043	-136.531654	0.275910	-82.827331	-0.110181	-127.930994	-0.316917	-137.355312	0.426723
21589.381731	-128.414753	0.456995	-84.296455	0.459764	-121.879900	-0.053267	-128.814525	0.188835
21631.384419	-117.950585	-0.429953	-87.320340	-0.427380	-119.458844	-0.361874	-127.234398	0.079404
21673.387107	-128.545958	-0.474188	-86.628445	-0.079902	-121.064490	0.306680	-123.750255	0.277901
21715.389795	-121.868984	-0.016272	-85.019358	-0.419370	-123.010385	-0.045882	-133.609157	0.211562
21757.392484	-121.809505	0.427799	-82.335508	0.110199	-121.109296	-0.198562	-133.756121	-0.365959
21799.395172	-124.769365	0.169341	-81.928298	0.243337	-124.218935	0.074040	-121.226856	-0.301091
21841.397860	-131.470704	0.495205	-86.289780	-0.060270	-128.222471	-0.320379	-127.821544	-0.146977
21883.400548	-117.766445	-0.058659	-79.245327	-0.017707	-134.469711	-0.135307	-129.013723	0.357770
21925.403236	-119.413353	-0.240242	-79.757702	0.118117	-124.119136	-0.331615	-120.037041	0.022982
21967.405924	-122.515519	-0.255822	-79.692639	0.347242	-134.404925	-0.283112	-122.770850	-0.431266
22009.408613	-115.749417	-0.380524	-79.013555	0.266746	-118.123489	-0.084832	-130.480634	-0.105053
22051.411301	-130.147795	-0.396970	-82.448868	0.461038	-128.416205	0.286536	-131.404833	0.047642
22093.413989	-115.931444	-0.208551	-78.776963	0.449523	-125.406998	-0.165345	-125.505236	0.178360
22135.416677	-130.062635	0.370853	-79.342982	0.123911	-131.181698	-0.375865	-124.156216	0.196693
22177.419365	-118.934157	-0.192897	-80.843562	0.016394	-118.617456	0.453518	-118.695739	0.471413
22219.422054	-126.917493	0.023708	-84.575149	-0.174111	-126.270208	-0.201166	-121.861133	-0.107144
22261.424742	-121.618744	0.194355	-93.291117	0.145691	-124.963766	0.362860	-125.583341	0.203734
22303.427430	-121.360835	0.268469	-81.658036	-0.021014	-152.701980	-0.274128	-132.596848	-0.311918
22345.430118	-126.873586	-0.475494	-82.752040	0.049930	-119.634485	-0.265693	-136.814099	-0.044729
22387.432806	-131.519693	-0.380015	-76.610618	-0.288020	-123.985463	-0.443188	-127.025335	-0.404018
22429.435495	-130.890620	0.316852	-85.939697	-0.090323	-121.909633	-0.405089	-123.088811	0.398380
22471.438183	-122.166164	0.134752	-77.254556	-0.454187	-129.695103	-0.468898	-121.401550	-0.319866
22513.440871	-121.823510	0.193333	-78.345883	-0.325759	-119.471033	0.116936	-126.523332	0.214931
22555.443559	-134.103322	0.004287	-86.514301	0.166907	-130.362727	0.384408	-124.826451	-0.261633
22597.446247	-129.472827	0.244456	-81.559405	0.024779	-133.456859	0.415542	-126.725745	0.391396
22639.448936	-119.151343	0.288664	-82.420214	0.304813	-116.806157	0.143358	-134.003660	-0.030225
22681.451624	-130.591658	0.348163	-81.598920	-0.465025	-119.051592	0.122836	-120.925246	0.467346
22723.454312	-122.559150	0.264145	-77.165072	0.415801	-130.221882	-0.471399	-124.579908	0.295322
22765.457000	-129.845532	0.394716	-84.161949	-0.329697	-129.253409	0.481269	-123.898397	-0.123340
22807.459688	-125.173354	0.084607	-85.569565	-0.047451	-118.634859	-0.191004	-122.756932	0.378790
22849.462377	-138.142651	0.394816	-94.418973	-0.138699	-126.970072	-0.412088	-123.216659	-0.064136
22891.465065	-125.343166	0.258752	-91.223404	0.114478	-126.448972	-0.427085	-127.550391	-0.281227
22933.467753	-123.852015	0.250847	-79.399052	-0.277191	-122.290708	0.255627	-118.101907	0.486699
22975.470441	-124.331572	-0.045930	-103.524317	-0.081367	-119.160556	0.178585	-124.578249	-0.026225
23017.473129	-125.704217	0.441135	-79.671209	0.085046	-128.204814	-0.017547	-140.447362	0.326628
23059.475817	-127.954486	-0.053181	-87.999620	0.124166	-121.651071	0.300538	-138.653119	0.118685
23101.478506	-123.721830	-0.196426	-80.646481	0.431376	-130.244008	-0.236577	-129.545669	0.460696
23143.481194	-133.380843	0.319887	-80.513396	0.388207	-118.433155	0.181536	-137.023360	-0.392564
23185.483882	-129.372866	0.178345	-85.190191	0.444695	-121.356008	0.128405	-127.855237	0.298677
23227.486570	-117.967865	-0.017603	-88.886537	0.160451	-126.318716	-0.289450	-127.141385	0.367231
23269.489258	-123.739434	0.063860	-85.110492	-0.245077	-123.505231	-0.178335	-128.688090	0.263233
23311.491947	-127.596986	-0.226034	-79.169865	-0.491119	-122.660749	-0.484208	-131.978752	0.169638
23353.494635	-121.494983	-0.015048	-82.683529	0.096366	-137.025311	-0.323746	-127.982494	0.390531
23395.497323	-128.895007	0.277935	-87.200015	-0.410827	-125.628063	0.270932	-128.275709	-0.026154
23437.500011	-133.766434	-0.391065	-80.150685	0.224221	-126.652153	-0.428876	-119.851874	-0.059411
23479.502699	-115.810670	0.300364	-89.068095	-0.347982	-119.736570	-0.274474	-119.529096	0.497002
23521.505388	-128.969739	0.319359	-84.266268	0.256632	-125.145273	-0.174865	-122.778339	-0.000170
23563.508076	-135.540036	-0.387901	-80.354862	-0.065819	-126.001856	0.156931	-130.728419	0.104930
23605.510764	-126.432871	-0.119065	-80.639312	-0.189608	-119.878825	-0.363658	-132.513616	-0.391934
23647.513452	-124.857626	-0.443191	-81.365392	-0.317658	-119.880214	-0.398665	-125.653014	-0.105976
23689.516140	-133.160800	0.479628	-91.984696	-0.029076	-120.450355	0.285506	-124.141425	0.204892
23731.518829	-124.907627	0.474435	-85.827227	0.115230	-122.167065	-0.426463	-118.930868	-0.226738
23773.521517	-121.910493	-0.033368	-84.037655	0.126525	-125.231006	0.018212	-122.157525	-0.345129
23815.524205	-126.830438	0.452710	-78.344792	-0.493881	-129.256750	-0.306811	-122.181274	-0.430067
23857.526893	-127.538898	0.053079	-90.329896	-0.446895	-120.504722	0.197978	-124.690330	-0.005311
23899.529581	-129.943857	0.211058	-86.044246	0.197567	-129.766014	-0.233593	-126.080622	0.483218
23941.532270	-115.604595	0.423097	-88.263924	0.294488	-126.703353	-0.346624	-124.909798	0.162175
23983.534958	-115.059359	0.260687	-84.354421	0.125281	-122.605516	-0.400043	-118.232029	0.444299
24025.537646	-123.676897	-0.423006	-80.544962	0.032105	-123.441547	-0.485617	-125.939721	0.270678
24067.540334	-143.683299	-0.053166	-85.356145	0.009036	-121.300296	0.047749	-131.282371	0.277083
24109.543022	-117.500427	-0.053756	-83.643129	0.447666	-125.588517	0.110216	-130.428750	-0.061371
24151.545710	-120.002499	0.107696	-85.698230	0.070571	-131.341487	0.382935	-130.969605	0.242403
24193.548399	-121.307474	0.178473	-80.815445	-0.230329	-119.681054	-0.177860	-123.243691	-0.166463
24235.551087	-129.393132	0.107181	-88.092196	0.448547	-127.773426	-0.403933	-117.912333	-0.405546
24277.553775	-126.129232	-0.307811	-78.487296	-0.260286	-126.410319	-0.469221	-128.854304	0.060100
24319.556463	-122.817638	0.344267	-80.582662	0.089196	-134.521049	0.327957	-126.111415	-0.310296
24361.559151	-130.746248	0.268166	-83.705994	0.393576	-119.536958	-0.258588	-136.963075	0.025474
24403.561840	-107.413864	-0.445095	-84.837241	-0.092445	-132.817038	0.238666	-119.294275	0.362448
24445.564528	-128.084356	0.194607	-80.991257	-0.128689	-127.707814	-0.238392	-117.629571	-0.418616
24487.567216	-117.498531	0.408776	-81.742594	0.328093	-125.315184	-0.195018	-117.838715	0.048790
24529.569904	-118.710204	-0.004485	-88.205765	-0.295885	-125.631640	0.013252	-123.291447	0.275449
24571.572592	-129.003676	-0.466408	-82.410530	0.194599	-127.811142	0.275889	-124.624137	-0.210539
24613.575281	-118.264307	-0.424518	-91.113018	-0.414961	-120.252814	0.092441	-128.723968	0.021466
24655.577969	-132.285049	0.377513	-85.483665	0.140047	-127.323359	0.333988	-127.878450	0.284901
24697.580657	-122.755119	0.232252	-81.657206	0.388387	-119.078695	-0.186083	-127.476123	0.084570
24739.583345	-124.023069	0.165046	-87.133223	0.430299	-133.536614	-0.315047	-120.668467	-0.276021
24781.586033	-122.154855	-0.069897	-80.565383	-0.140567	-124.638976	-0.246629	-127.451560	-0.258636
24823.588722	-121.247643	-0.395052	-83.737558	0.131282	-118.606359	0.474430	-120.177466	0.246476
24865.591410	-124.059348	-0.224782	-85.841139	-0.487340	-127.216379	-0.010753	-122.604796	-0.124319
24907.594098	-123.920608	-0.017773	-88.657547	0.148958	-131.453274	-0.072884	-120.707906	-0.007521
24949.596786	-125.991864	-0.336944	-82.908732	0.050841	-120.715009	-0.225152	-125.853394	-0.141921
24991.599474	-124.248552	0.200472	-85.968993	0.120820	-123.788102	0.200974	-131.729271	-0.159465
25033.602163	-125.063596	-0.447646	-76.851757	-0.052642	-119.158358	-0.327200	-136.288880	0.347798
25075.604851	-126.073188	0.009220	-89.743022	0.131124	-121.083763	0.030503	-117.816220	0.228900
25117.607539	-129.292760	-0.002120	-87.556100	-0.195030	-127.250912	0.398716	-130.480832	-0.177401
25159.610227	-133.202053	-0.494535	-84.341673	-0.342912	-121.236352	0.466808	-131.735810	-0.220703
25201.612915	-120.039714	0.118155	-80.533366	-0.383146	-119.355490	-0.090702	-118.563996	0.121931
25243.615603	-124.885583	0.244559	-87.129253	0.085749	-122.068386	-0.245526	-124.127493	-0.060095
25285.618292	-132.901441	0.307459	-82.211627	-0.001904	-147.810281	-0.472081	-121.913365	-0.087635
25327.620980	-130.662118	-0.428488	-99.239157	0.116337	-125.120465	0.060009	-118.876855	0.001734
25369.623668	-119.866141	0.080922	-84.098317	-0.405340	-116.791802	-0.245497	-121.734258	-0.098009
25411.626356	-128.138142	0.316597	-90.613048	-0.368055	-122.926442	-0.200755	-127.368476	-0.370164
25453.629044	-118.368714	0.320500	-88.150615	0.485453	-119.871888	0.383306	-129.904855	0.086218
25495.631733	-125.455563	0.154118	-90.305274	0.408822	-118.885369	-0.304175	-119.860664	-0.275195
25537.634421	-120.098810	-0.059907	-83.450935	-0.091984	-122.377838	0.019309	-123.173830	0.168610
25579.637109	-124.710271	0.061725	-89.130647	0.165324	-123.514658	0.196599	-123.013621	-0.021305
25621.639797	-118.785599	-0.465844	-87.328994	0.067139	-123.644235	-0.398803	-125.564532	-0.371846
25663.642485	-121.306888	0.062128	-79.671614	-0.050072	-122.360730	0.382178	-129.029447	0.446990
25705.645174	-117.518315	-0.443282	-86.016279	-0.281458	-146.357026	0.474104	-123.587564	-0.387593
25747.647862	-126.028463	-0.133095	-97.593387	-0.449477	-124.721015	-0.078823	-124.409551	-0.256562
25789.650550	-120.276450	-0.316196	-90.718498	-0.324465	-130.387057	0.050684	-118.913882	-0.345206
25831.653238	-123.449510	-0.194123	-82.859530	0.150916	-127.638321	0.022993	-131.416428	0.385215
25873.655926	-124.915948	-0.162821	-95.558684	-0.087966	-119.831616	-0.065699	-126.290103	0.094440
25915.658615	-125.087779	-0.367058	-81.393518	-0.494264	-126.618312	0.479453	-123.509659	-0.329715
25957.661303	-129.159161	-0.134611	-88.093651	-0.006824	-118.544554	-0.403449	-123.725867	0.132349
25999.663991	-120.961855	0.394140	-83.639558	0.429981	-127.148896	0.479904	-122.581501	0.354320
26041.666679	-126.220523	-0.259907	-84.642114	0.130498	-126.350697	0.422470	-125.660797	0.218370
26083.669367	-134.216463	-0.384302	-82.546914	-0.077249	-139.106851	-0.115076	-131.227230	0.311450
26125.672056	-118.156639	-0.114232	-81.907588	0.039369	-128.092258	0.282577	-126.263695	-0.100609
26167.674744	-118.972741	-0.449339	-84.384970	0.336538	-126.125739	-0.122124	-133.346530	0.426674
26209.677432	-129.955593	0.381328	-77.392419	0.224592	-122.317770	-0.279571	-122.667032	-0.104591
26251.680120	-117.018118	-0.232686	-86.572223	-0.252042	-126.753530	-0.188761	-123.983427	0.460969
26293.682808	-125.058853	0.089859	-88.512731	-0.166027	-124.759340	0.089710	-147.752290	0.072761
26335.685496	-121.169411	-0.272003	-101.880010	-0.317321	-126.496975	-0.245191	-124.319617	-0.479376
26377.688185	-129.813190	-0.353084	-92.159544	-0.054390	-127.463530	-0.418131	-124.076356	0.423355
26419.690873	-121.427354	0.085877	-79.973489	0.304806	-127.605631	-0.060230	-128.283159	0.062576
26461.693561	-122.092434	-0.148527	-89.739249	-0.277908	-124.992182	0.086044	-140.473867	-0.471423
26503.696249	-129.651654	-0.317895	-84.886745	0.335416	-121.041340	0.084694	-124.942424	-0.105850
26545.698937	-119.112379	0.098974	-94.514750	0.422500	-143.871562	0.479505	-134.182035	-0.109819
26587.701626	-125.869056	-0.382064	-77.664532	-0.321684	-132.923445	0.240005	-124.503989	-0.123676
26629.704314	-126.199893	0.139548	-80.650627	-0.494416	-125.138545	0.135486	-118.776465	0.113811
26671.707002	-123.441864	-0.424204	-84.489589	0.306455	-122.363657	0.214040	-125.421963	-0.019921
26713.709690	-121.446145	0.181367	-97.760763	0.232427	-124.384799	0.462362	-126.072957	0.444242
26755.712378	-118.858961	-0.381027	-84.510266	0.278385	-118.569988	-0.248427	-123.199078	-0.317645
26797.715067	-123.896527	-0.395634	-86.901512	-0.216298	-122.466026	-0.190471	-121.526137	0.172314
26839.717755	-116.128370	0.440089	-87.322200	0.301026	-122.342237	0.447368	-125.370134	0.336785
26881.720443	-125.664083	-0.055801	-83.791145	0.016739	-128.923980	-0.055517	-141.151633	-0.245251
26923.723131	-122.969760	-0.153406	-80.130967	0.138860	-119.801924	0.092744	-119.740536	0.278042
26965.725819	-123.981480	0.197712	-81.033595	0.327384	-121.944666	-0.459748	-125.414800	-0.379214
27007.728508	-129.412371	-0.421056	-86.848956	-0.404126	-127.054831	-0.158288	-119.532984	-0.213306
27049.731196	-128.284063	-0.417781	-82.903683	0.249104	-126.769029	0.296449	-117.366132	0.029955
27091.733884	-117.854640	-0.135391	-78.595477	0.022823	-119.727551	0.417625	-122.089138	-0.198667
27133.736572	-122.734875	0.263752	-82.204198	0.451082	-123.918983	-0.297879	-135.312909	0.013850
27175.739260	-120.371926	-0.070787	-92.803658	-0.333399	-125.502302	-0.266779	-123.053286	-0.113983
27217.741949	-122.836628	-0.099093	-83.896113	0.159763	-119.659189	0.487153	-126.485420	0.376237
27259.744637	-121.491866	-0.289198	-82.805138	0.319589	-120.173229	-0.009522	-126.729481	-0.191746
27301.747325	-125.448656	0.249609	-82.240420	0.162490	-125.303630	0.372590	-121.599592	-0.056253
27343.750013	-122.717392	-0.198676	-89.004171	0.413815	-121.679041	0.009888	-122.443807	-0.238865
27385.752701	-123.571939	0.307343	-88.005670	0.421415	-123.682339	-0.499881	-120.547385	0.334065
27427.755389	-126.340584	0.206255	-91.216717	-0.284464	-127.668997	0.424251	-122.845718	0.004693
27469.758078	-125.058640	-0.439070	-83.708173	-0.266846	-122.221306	-0.453586	-123.641143	0.497784
27511.760766	-131.062768	-0.399521	-85.737701	0.063611	-118.449774	0.493187	-123.736163	0.473905
27553.763454	-122.194262	0.440078	-81.910595	0.043292	-114.671532	-0.321312	-124.406762	0.282967
27595.766142	-123.230398	-0.490669	-89.095509	0.329033	-121.913156	-0.474235	-124.648967	0.091726
27637.768830	-118.922940	-0.176280	-98.435459	0.378862	-126.997403	0.470947	-120.931273	-0.018199
27679.771519	-122.560482	0.195612	-88.073821	-0.215975	-119.145192	-0.212569	-122.578712	0.059850
27721.774207	-128.799130	0.133412	-113.250898	-0.275857	-120.955681	-0.045181	-121.407672	0.208018
27763.776895	-121.789000	-0.297238	-82.275884	-0.102939	-127.195718	0.140798	-129.267085	0.159180
27805.779583	-122.631120	0.445435	-91.790957	-0.088745	-121.159728	0.277070	-128.431812	-0.470694
27847.782271	-130.199140	-0.388226	-83.215942	-0.456763	-122.518305	0.086293	-120.348542	-0.252081
27889.784960	-106.130828	-0.114160	-86.050562	-0.363824	-134.535512	0.148247	-131.273724	-0.066760
27931.787648	-125.534603	0.217482	-87.717346	0.183159	-142.684474	0.226244	-120.130636	0.386913
27973.790336	-120.916400	-0.450896	-82.999110	-0.029466	-129.495638	-0.061491	-125.870756	0.011773
28015.793024	-133.017777	0.326363	-93.075938	-0.037959	-123.436045	-0.403938	-135.326137	0.365417
28057.795712	-123.786232	-0.055185	-83.534503	-0.475137	-128.373676	-0.217790	-124.539413	-0.097498
28099.798401	-126.434254	0.144984	-85.264028	-0.042406	-127.378214	-0.105837	-127.092558	-0.302591
28141.801089	-124.139412	-0.109983	-81.576172	0.314957	-119.809346	-0.195284	-125.792396	-0.070201
28183.803777	-119.475221	0.085392	-86.651182	0.320033	-129.896974	-0.461170	-119.510068	0.082140
28225.806465	-133.132193	-0.308145	-81.367980	-0.005577	-117.075310	0.148642	-117.720605	-0.051059
28267.809153	-125.736670	-0.401022	-90.529579	-0.370400	-119.397057	0.402152	-128.127467	-0.027285
28309.811842	-117.229491	0.473926	-87.755792	0.480457	-125.113023	0.345768	-119.779749	0.168599
28351.814530	-122.017080	0.259609	-92.344108	0.322106	-122.309747	-0.383535	-141.470267	-0.336355
28393.817218	-115.848665	-0.035566	-90.830396	0.020885	-129.133081	0.430262	-121.377825	-0.010423
28435.819906	-121.137157	0.074252	-91.874724	0.219999	-123.112623	0.176389	-118.787066	0.097622
28477.822594	-120.679358	0.336005	-92.170488	-0.075448	-120.677742	-0.448949	-132.630644	-0.283397
28519.825282	-132.950135	0.036658	-91.873754	0.122462	-126.434343	-0.096689	-128.720794	-0.136878
28561.827971	-121.341111	-0.477822	-87.035427	0.321929	-131.169246	0.460361	-126.680352	0.304998
28603.830659	-124.042742	0.382004	-77.728254	0.003344	-118.656904	0.353671	-128.386763	-0.231782
28645.833347	-128.802682	0.200359	-87.480747	-0.046128	-123.433394	-0.020796	-128.150035	0.202317
28687.836035	-120.021009	-0.417506	-86.376796	-0.403139	-124.472228	0.480074	-125.777633	0.483013
28729.838723	-130.217727	0.198973	-90.927693	-0.067727	-132.698093	-0.017607	-124.419325	-0.450558
28771.841412	-119.824397	0.044583	-96.101627	0.228175	-121.363892	-0.297799	-127.375584	0.471284
28813.844100	-117.266344	0.412113	-87.184923	-0.279953	-126.799330	-0.440610	-129.013629	0.381704
28855.846788	-118.855730	-0.455859	-101.379639	0.154121	-122.733368	-0.398557	-140.010991	0.462835
28897.849476	-123.196734	0.440715	-89.939438	-0.320048	-128.115767	-0.002544	-125.549740	-0.447695
28939.852164	-124.129489	0.302611	-89.401742	0.448385	-120.040942	-0.038147	-126.631559	0.357759
28981.854853	-120.485494	0.183733	-86.112999	-0.222443	-119.154106	-0.071704	-125.772108	0.113617
29023.857541	-117.653148	-0.110389	-94.288860	0.499963	-126.828159	0.115625	-119.038235	0.228876
29065.860229	-124.679475	-0.168066	-89.091373	0.026569	-142.546682	0.351153	-122.250899	-0.048894
29107.862917	-122.081502	-0.427096	-88.890702	0.047288	-124.873564	0.451829	-123.533243	-0.475637
29149.865605	-120.993549	0.449422	-87.104771	-0.235605	-117.656626	-0.162592	-122.532272	0.336532
29191.868294	-125.323368	-0.242762	-85.939520	0.371665	-127.881619	0.483464	-124.604590	-0.123808
29233.870982	-123.461808	-0.011914	-88.913009	0.399058	-118.538837	-0.350821	-127.938830	-0.185271
29275.873670	-123.842677	-0.014701	-82.749632	-0.331597	-126.851362	0.107599	-124.071308	0.188955
29317.876358	-126.906714	0.076728	-92.623182	0.354361	-120.545954	0.404923	-118.405592	-0.018057
29359.879046	-122.124724	0.429125	-83.096045	-0.101053	-122.478924	0.250400	-122.322251	0.421170
29401.881735	-128.810038	-0.357136	-84.084657	0.327815	-121.671876	-0.498229	-125.206261	0.421620
29443.884423	-125.056986	0.038899	-104.270977	-0.405336	-133.894782	0.418837	-121.847460	-0.420694
29485.887111	-123.746504	-0.482238	-93.418295	0.081911	-133.671110	0.400478	-119.385723	-0.198708
29527.889799	-126.055731	-0.398809	-86.301623	-0.270682	-137.252551	0.206637	-120.660299	0.006981
29569.892487	-128.392625	0.031939	-93.743924	-0.278980	-124.505602	0.035424	-119.675165	-0.311186
29611.895175	-127.403608	-0.078265	-96.140689	-0.334690	-125.429317	0.263791	-124.377303	-0.161119
29653.897864	-119.261060	-0.081044	-90.038780	-0.206745	-130.320265	-0.118508	-117.892338	-0.194381
29695.900552	-124.645091	0.443380	-84.174849	0.015593	-123.602990	0.471081	-120.581164	-0.316062
29737.903240	-120.543375	-0.423246	-83.856193	0.385934	-117.561101	0.487018	-126.758619	-0.254469
29779.905928	-125.508545	0.221367	-82.779745	-0.312098	-125.220805	0.093430	-133.388589	-0.161372
29821.908616	-128.509888	-0.375518	-107.631894	0.130289	-124.745751	0.326771	-118.545771	-0.401959
29863.911305	-123.285602	-0.019341	-88.937267	0.144654	-122.297514	0.189883	-124.395575	0.146080
29905.913993	-125.199924	-0.142636	-88.367485	0.399758	-124.174746	-0.289809	-119.392579	-0.109020
29947.916681	-120.567840	0.454144	-87.546988	0.485012	-125.230891	-0.329862	-114.454758	-0.089934
29989.919369	-137.685339	0.198321	-100.795145	0.386142	-124.090552	0.191426	-120.420303	-0.470179
30031.922057	-130.206484	-0.284205	-79.364032	-0.067495	-128.253032	0.185537	-126.207044	0.082416
30073.924746	-119.328645	0.170999	-95.240438	0.187450	-125.988626	-0.384668	-121.983221	0.265009
30115.927434	-125.985906	-0.163147	-90.062585	-0.365742	-121.819394	0.457756	-122.851399	-0.029645
30157.930122	-124.991878	-0.470421	-80.768884	0.370274	-123.658695	0.121824	-129.361531	-0.084585
30199.932810	-125.276516	-0.498116	-85.963396	0.129303	-136.490941	0.333301	-139.561450	0.448612
30241.935498	-119.850458	-0.340345	-85.138885	-0.453149	-125.571389	-0.110244	-127.655681	0.074333
30283.938187	-122.364481	0.233182	-90.899840	-0.441548	-124.604252	0.192543	-120.947695	-0.349297
30325.940875	-132.095275	0.223347	-87.648318	0.199363	-117.303249	-0.240656	-119.251631	-0.385169
30367.943563	-119.280023	-0.153011	-80.195499	0.060761	-119.585634	0.009895	-123.438147	-0.371819
30409.946251	-136.312449	0.380887	-88.326547	0.083894	-131.996286	0.490348	-118.446734	0.331595
30451.948939	-133.373895	0.423571	-86.228140	0.274421	-120.220568	0.311590	-123.699792	-0.423739
30493.951628	-123.435139	-0.159827	-79.439945	-0.274769	-131.293028	-0.008218	-132.708939	0.124956
30535.954316	-122.860556	0.305409	-89.874645	0.458985	-122.235425	0.119789	-127.556727	0.376610
30577.957004	-123.446887	-0.088478	-92.862531	-0.437490	-122.980333	0.088614	-120.356796	0.136645
30619.959692	-128.208923	-0.471152	-98.207522	-0.478531	-122.973603	0.033380	-130.068701	-0.302671
30661.962380	-128.013006	-0.113350	-85.474184	-0.108763	-119.771563	0.409632	-121.759891	0.315043
30703.965068	-127.447804	0.166969	-86.304984	-0.142496	-122.308341	-0.015233	-120.829046	-0.297021
30745.967757	-122.498294	-0.344192	-85.150294	-0.443256	-127.489211	-0.402610	-129.580757	0.203522
30787.970445	-124.646535	-0.170705	-88.224910	-0.425255	-122.245792	0.133369	-136.478581	0.038087
30829.973133	-128.420806	0.437204	-92.429274	0.148099	-122.544889	0.174749	-121.451930	-0.024195
30871.975821	-115.224649	0.336990	-83.712296	0.315315	-132.400227	-0.241887	-122.507016	0.316748
30913.978509	-120.991365	-0.201613	-89.357352	-0.452609	-126.676364	0.093439	-125.670064	0.279134
30955.981198	-116.595420	0.103239	-90.071953	0.249076	-123.561470	0.222293	-120.636562	-0.106506
30997.983886	-128.807093	-0.231647	-103.320406	-0.407371	-124.200998	0.353696	-126.948563	-0.192636
31039.986574	-124.956957	-0.471768	-91.200672	-0.288573	-120.319609	-0.166767	-125.867873	0.022194
31081.989262	-122.189442	-0.031162	-89.729386	0.262746	-117.134473	0.439690	-127.943088	-0.153336
31123.991950	-153.307457	-0.081762	-85.157001	0.286434	-119.741353	-0.442182	-123.812481	-0.418075
31165.994639	-123.440512	0.132433	-84.666999	0.268424	-127.548346	0.216610	-116.919002	-0.333105
31207.997327	-131.168637	-0.466857	-86.902169	0.224521	-127.000270	-0.305960	-124.548000	0.138974
31250.000015	-126.371807	-0.201439	-80.211114	0.212399	-128.175169	-0.024556	-125.664679	-0.408605
31292.002703	-126.143657	0.343336	-86.893838	0.327871	-137.559738	-0.338135	-126.960911	-0.473601
31334.005391	-129.131102	0.380651	-91.453871	-0.182283	-120.018970	-0.320260	-124.628025	0.192168
31376.008080	-121.363224	-0.448941	-93.815590	0.378599	-126.542083	-0.302873	-127.196083	-0.313496
31418.010768	-135.886849	-0.131403	-83.607445	0.127154	-129.315975	-0.205563	-123.964463	-0.298720
31460.013456	-118.891541	0.342961	-87.294990	0.324677	-125.521726	0.124949	-131.766304	-0.263101
31502.016144	-132.045485	-0.492646	-88.180782	0.021133	-125.478594	-0.399524	-125.181497	-0.262352
31544.018832	-126.969628	-0.040900	-89.624851	0.391125	-121.346182	0.425454	-129.562359	0.378201
31586.021521	-125.917953	-0.036492	-100.213454	-0.360425	-124.370754	0.498829	-122.232765	0.262560
31628.024209	-129.266218	-0.048711	-87.838436	0.077361	-123.340376	0.108881	-125.779359	0.139710
31670.026897	-123.155071	0.129208	-85.681362	-0.385402	-118.871111	0.090826	-119.268469	-0.035717
31712.029585	-116.307029	0.364390	-94.361496	0.421768	-129.636612	-0.306600	-126.336611	0.347629
31754.032273	-117.628056	-0.487619	-85.799463	0.419781	-131.193543	-0.348274	-118.396874	0.489161
31796.034961	-120.388990	-0.219754	-85.031590	-0.310476	-122.542346	-0.010429	-123.203511	0.209846
31838.037650	-120.056698	-0.193100	-98.730527	-0.089119	-119.385687	-0.414227	-130.664588	0.216469
31880.040338	-118.693690	-0.092509	-97.347011	0.068934	-123.507795	-0.015488	-133.011562	0.197727
31922.043026	-123.576262	0.231799	-90.589651	0.441985	-122.861491	-0.439886	-124.610673	0.056118
31964.045714	-130.287812	-0.110289	-94.047772	-0.177923	-129.679190	-0.265368	-144.615554	-0.207947
32006.048402	-120.716705	-0.240281	-81.661763	-0.181977	-122.302193	0.056561	-141.731080	0.017418
32048.051091	-118.663469	0.266160	-88.526429	-0.100203	-121.866273	0.442909	-129.988294	0.151355
32090.053779	-118.602509	-0.184215	-85.919054	-0.069173	-117.181236	-0.239910	-126.003530	-0.153270
32132.056467	-130.453869	0.074332	-92.522552	-0.002182	-123.606410	0.222920	-126.154934	0.451501
32174.059155	-119.766761	0.383557	-90.079600	-0.469448	-136.983947	0.412674	-124.205308	0.337826
32216.061843	-121.883292	-0.300340	-86.256436	0.480675	-131.551627	0.373510	-117.840538	0.400065
32258.064532	-119.372187	-0.455560	-79.998352	0.350074	-124.938478	-0.161907	-120.404576	0.168435
32300.067220	-134.220981	0.240910	-95.088323	-0.302497	-118.815730	0.407072	-132.197129	-0.106716
32342.069908	-131.072166	0.122356	-91.673019	-0.253456	-122.200820	-0.111859	-119.683446	-0.484303
32384.072596	-127.320607	-0.247895	-87.399832	0.158989	-118.494457	0.367181	-116.171960	-0.192529
32426.075284	-120.273831	0.101834	-84.440908	0.333969	-125.447926	0.195582	-127.881385	0.134576
32468.077973	-127.331903	-0.402026	-88.924151	-0.244037	-129.351312	-0.488998	-124.088503	-0.224795
32510.080661	-121.653681	-0.316755	-84.296723	-0.363265	-123.132588	0.246347	-129.776216	-0.370945
32552.083349	-119.697177	-0.013601	-87.995061	-0.421811	-119.568228	-0.062658	-132.859282	-0.049496
32594.086037	-120.339360	0.110677	-102.714040	-0.297423	-121.353479	-0.169304	-119.722476	0.072728
32636.088725	-131.989355	-0.395026	-83.921485	0.459880	-125.227308	0.452998	-124.136106	-0.150401
32678.091413	-122.322361	0.325108	-86.381874	0.314725	-128.457470	0.400784	-124.758993	-0.219853
32720.094102	-130.383425	-0.122925	-89.026512	0.487683	-126.662126	-0.314345	-123.444435	-0.040899
32762.096790	-126.655140	0.250563	-94.865255	0.097849	-128.430009	0.156289	-124.835497	-0.412115
32804.099478	-131.899164	-0.183835	-92.472691	0.151827	-132.412747	0.064744	-117.430632	0.191620
32846.102166	-118.378564	0.442831	-85.735218	-0.048923	-121.013764	0.379187	-126.937832	0.142067
32888.104854	-122.088265	0.442531	-88.408829	0.122246	-125.820586	0.200648	-124.463396	-0.492201
32930.107543	-123.667275	0.223217	-82.055285	-0.109662	-123.754490	0.187731	-121.601707	0.374559
32972.110231	-122.928932	-0.065538	-82.682114	0.061961	-125.828768	-0.495936	-120.136988	0.258851
33014.112919	-124.786499	-0.248891	-89.038657	-0.174658	-125.222039	0.039196	-118.112162	-0.086966
33056.115607	-130.321991	-0.089655	-82.719970	0.211922	-120.135736	-0.343650	-120.783151	-0.367975
33098.118295	-121.036837	0.063329	-108.624269	-0.193666	-121.894502	0.432027	-120.364837	-0.155801
33140.120984	-124.423070	0.070062	-83.476124	-0.053239	-121.850062	0.364468	-132.227283	-0.111069
33182.123672	-117.427690	-0.191084	-91.740664	0.052822	-121.719553	0.275523	-122.284582	0.059129
33224.126360	-133.080504	-0.099610	-96.292772	-0.374999	-124.912651	0.113154	-116.359126	0.128502
33266.129048	-120.005690	-0.083933	-94.143439	0.312018	-128.065165	-0.217152	-123.130878	0.470097
33308.131736	-128.814142	0.395152	-91.375786	-0.006741	-126.918418	-0.248123	-122.038600	0.445317
33350.134425	-124.256729	0.006019	-92.754569	-0.460749	-121.145203	-0.360153	-121.756381	-0.265587
33392.137113	-117.457004	0.442890	-86.715532	-0.446520	-119.801740	0.380426	-117.472853	0.414066
33434.139801	-123.385656	-0.153404	-84.260826	0.241399	-121.663048	0.117023	-132.142652	0.304313
33476.142489	-132.366958	0.029026	-86.476913	0.334312	-123.125056	-0.061893	-135.812816	-0.322587
33518.145177	-129.442805	-0.427487	-87.076995	-0.141559	-124.168967	0.172038	-118.872604	-0.051357
33560.147866	-118.719297	0.315242	-83.721492	-0.317133	-119.582079	-0.278953	-126.957661	0.164962
33602.150554	-127.694998	0.488624	-84.644101	-0.464108	-120.381268	-0.292304	-121.991561	-0.063232
33644.153242	-128.437723	0.483997	-88.121105	-0.114931	-136.620303	-0.378599	-115.461609	-0.218199
33686.155930	-121.681454	0.009544	-89.234820	-0.069008	-126.938087	-0.060372	-120.333842	0.351287
33728.158618	-126.023777	-0.135849	-86.860186	0.092960	-124.879136	0.205864	-129.210919	0.298464
33770.161306	-132.882629	-0.480397	-85.060845	0.329234	-120.130741	-0.423634	-126.105787	0.269456
33812.163995	-121.883178	-0.099205	-90.159786	-0.324278	-126.659186	-0.370496	-121.757415	0.445846
33854.166683	-125.271838	0.172140	-89.633547	0.345438	-122.419236	0.058091	-116.698293	-0.190231
33896.169371	-131.190264	-0.226320	-95.638591	0.363860	-132.997714	-0.060097	-126.982637	-0.037915
33938.172059	-120.982413	0.240186	-90.417461	-0.479683	-119.604580	0.029152	-126.533213	-0.046067
33980.174747	-128.448960	-0.035480	-96.770600	0.013009	-126.742970	-0.164021	-133.030674	-0.188491
34022.177436	-122.005555	0.121094	-89.270717	-0.136753	-130.490924	-0.106283	-115.632555	-0.352287
34064.180124	-122.302685	-0.274861	-84.868837	0.377077	-121.591760	-0.150040	-132.251249	-0.117917
34106.182812	-145.923150	0.449026	-84.343062	-0.313453	-126.054967	-0.285311	-128.573585	0.498323
34148.185500	-121.622149	-0.296664	-83.892970	-0.090723	-125.096462	-0.023345	-123.982358	0.185368
34190.188188	-123.611934	-0.293876	-92.123202	-0.023852	-126.430618	0.326736	-124.321978	0.490317
34232.190877	-123.527371	-0.283535	-83.803721	0.058638	-139.955988	-0.368369	-123.799804	-0.232515
34274.193565	-128.464878	0.026614	-93.772814	-0.381110	-123.803201	-0.273619	-136.910633	0.240930
34316.196253	-116.038699	-0.242139	-87.449581	-0.325446	-120.491168	-0.041799	-126.416294	0.115116
34358.198941	-134.487548	0.145661	-84.725849	0.047037	-123.023061	-0.308727	-124.985134	0.044470
34400.201629	-137.784686	-0.010747	-87.927011	0.201335	-127.740026	-0.390094	-120.155285	0.354620
34442.204318	-121.501016	0.274959	-88.663803	0.430324	-131.094299	-0.256558	-118.321704	0.277961
34484.207006	-122.252625	0.072091	-87.204328	0.133903	-123.552071	-0.135457	-119.261132	0.034822
34526.209694	-122.728210	-0.093067	-90.260567	0.030134	-127.106626	0.309460	-129.069217	-0.386336
34568.212382	-128.038154	-0.268639	-86.902633	0.239694	-120.578944	-0.196247	-127.495405	-0.347081
34610.215070	-131.921069	-0.352205	-87.805191	0.022718	-126.320186	0.165501	-123.547028	-0.198928
34652.217759	-126.506115	-0.004113	-85.536402	-0.460384	-122.432403	-0.423112	-120.923233	0.201261
34694.220447	-131.396829	0.197586	-89.303829	-0.433632	-125.538428	-0.137194	-123.931532	-0.184155
34736.223135	-121.144884	0.137603	-91.742298	-0.279043	-130.192413	-0.332899	-121.662253	-0.073428
34778.225823	-121.294022	-0.284709	-84.359494	-0.285981	-121.294142	0.172736	-126.994219	0.000942
34820.228511	-122.289870	-0.211116	-89.447695	-0.392073	-126.378439	0.154107	-122.016651	0.020348
34862.231199	-110.107215	-0.063880	-90.210391	-0.446545	-117.185958	0.099022	-128.847904	-0.173832
34904.233888	-120.870982	-0.038036	-83.823302	-0.167968	-126.199504	0.252319	-118.568678	-0.344481
34946.236576	-127.690445	0.280653	-85.842364	0.184001	-118.968612	-0.317291	-120.745262	-0.099986
34988.239264	-123.028040	0.318491	-89.048310	0.480889	-136.364907	0.125054	-129.282575	0.248269
35030.241952	-119.987422	-0.023259	-92.366465	-0.103145	-131.402073	-0.423067	-126.150803	-0.315986
35072.244640	-127.131331	-0.293451	-92.957879	0.298236	-133.144680	-0.350661	-119.410408	-0.313651
35114.247329	-122.411898	-0.319483	-82.669041	0.046723	-132.829787	0.253530	-120.765340	-0.330831
35156.250017	-122.511977	0.451767	-86.736134	-0.466270	-118.950683	0.158428	-124.440887	-0.185826
35198.252705	-130.401310	-0.220006	-84.306994	-0.071549	-118.857408	-0.219598	-122.792131	-0.398369
35240.255393	-119.991904	0.077746	-90.490704	-0.135372	-133.316868	-0.253397	-119.357962	0.142275
35282.258081	-122.174021	-0.254696	-100.305860	0.241014	-124.038683	0.042805	-121.437235	-0.283618
35324.260770	-122.454227	0.470184	-86.315912	-0.215229	-132.100210	0.260434	-119.723947	-0.151706
35366.263458	-126.846114	-0.197512	-86.735211	0.017411	-122.914210	0.077022	-124.848637	-0.343497
35408.266146	-115.125429	0.237018	-92.719696	0.187479	-127.484094	-0.101544	-122.840973	0.350731
35450.268834	-125.221713	-0.460283	-87.548294	-0.143118	-134.858616	0.262211	-123.396941	0.430928
35492.271522	-130.576613	0.289661	-84.462321	0.335775	-120.206915	-0.156146	-118.951421	0.267828
35534.274211	-120.413280	0.478811	-91.958351	0.118128	-127.476347	0.280094	-127.283605	0.115486
35576.276899	-129.015935	0.199255	-86.436040	0.121463	-118.165602	-0.026568	-123.979722	0.250974
35618.279587	-121.715300	-0.064034	-84.723089	-0.390384	-127.598713	0.350026	-124.554529	0.176793
35660.282275	-123.448041	-0.408026	-88.894602	-0.060200	-126.350850	0.347774	-129.481318	-0.370199
35702.284963	-118.411468	0.424103	-88.028999	0.289642	-119.412840	-0.017329	-124.226235	0.102352
35744.287652	-131.998365	0.393435	-84.397047	-0.154413	-121.261338	0.088851	-124.866524	0.093217
35786.290340	-120.041436	0.360857	-95.394766	-0.038228	-122.829722	0.380499	-124.539009	0.258639
35828.293028	-124.353246	0.232106	-85.511380	0.021089	-122.637675	0.220802	-121.872550	0.155439
35870.295716	-120.421739	0.188989	-90.071800	0.283106	-118.183418	-0.187700	-123.424903	0.119201
35912.298404	-120.553125	-0.336223	-93.798249	-0.231397	-130.978304	-0.283778	-120.797424	-0.467226
35954.301092	-128.995550	0.230688	-85.887290	-0.283412	-116.746156	0.063229	-140.567022	0.239693
35996.303781	-126.300236	-0.011208	-91.163914	-0.214656	-121.753807	-0.472614	-125.925974	0.000971
36038.306469	-124.565242	-0.419300	-84.175950	0.247115	-121.706974	-0.438712	-146.010581	-0.213028
36080.309157	-128.520134	-0.401540	-84.800561	-0.065370	-123.275110	-0.231352	-125.241549	-0.083609
36122.311845	-120.498852	0.344914	-85.806488	-0.060739	-119.065362	-0.485084	-124.559228	-0.326682
36164.314533	-122.032609	-0.109126	-93.354335	0.393818	-123.990753	0.187263	-124.222956	0.127346
36206.317222	-125.056507	0.190618	-126.492501	-0.133304	-130.932058	-0.470983	-121.628749	0.245188
36248.319910	-124.833292	-0.240827	-85.808142	-0.488720	-130.212852	0.127977	-136.607835	-0.492266
36290.322598	-126.414543	0.196624	-95.292865	-0.260111	-126.698841	-0.390856	-127.239976	0.060723
36332.325286	-124.909392	-0.071957	-85.978059	-0.013101	-124.317007	0.309622	-127.563357	0.258203
36374.327974	-125.614360	2.534012E-5	-85.335824	0.016705	-135.488109	0.392837	-116.920675	-0.065579
36416.330663	-119.986203	0.180189	-84.968631	-0.144557	-128.853061	0.038216	-120.967694	-0.445893
36458.333351	-119.393097	-0.033577	-88.078584	-0.049886	-120.445670	-0.018562	-124.783944	-0.339209
36500.336039	-121.767397	-0.373141	-89.791483	0.122264	-122.546349	0.262747	-126.446851	0.382346
36542.338727	-132.776558	-0.362821	-91.494028	-0.019938	-123.767189	0.083697	-120.840858	0.123258
36584.341415	-120.897454	-0.468391	-91.114589	-0.140809	-128.385464	0.035912	-119.644603	-0.269561
36626.344104	-119.892726	0.032546	-83.648358	0.220766	-127.574065	-0.283760	-118.345328	-0.043683
36668.346792	-120.840945	0.057046	-89.291412	-0.261948	-124.188496	-0.223783	-126.391469	0.120404
36710.349480	-125.343082	-0.144615	-88.094645	0.162626	-120.340936	-0.037308	-133.198481	-0.042472
36752.352168	-119.650636	0.116386	-102.271377	0.286343	-125.342206	-0.468674	-133.426793	0.279121
36794.354856	-126.267281	-0.178140	-83.860113	-0.137246	-122.865898	-0.391598	-122.834536	-0.405223
36836.357545	-132.752290	-0.395477	-87.993697	0.433239	-123.509273	-0.114800	-126.832148	-0.313343
36878.360233	-127.002084	0.079036	-92.167995	-0.038720	-124.508465	-0.404445	-125.213574	0.428659
36920.362921	-132.355556	0.139750	-89.734599	0.020125	-120.601552	-0.321170	-123.543607	0.498363
36962.365609	-130.352178	-0.173812	-85.407672	-0.104961	-130.406926	0.262930	-121.570722	-0.100426
37004.368297	-124.178167	0.236827	-98.763216	-0.218272	-127.557564	0.254584	-139.637630	-0.261367
37046.370985	-129.919735	-0.019568	-95.516839	-0.304220	-129.082125	0.255338	-126.185436	-0.467117
37088.373674	-121.607924	-0.304284	-93.193777	-0.284419	-121.238376	0.035929	-130.587873	0.393528
37130.376362	-124.941980	-0.332943	-89.066712	0.461062	-124.601549	-0.159558	-126.763956	-0.491758
37172.379050	-129.232681	-0.418210	-90.420833	0.153071	-119.609602	0.005191	-126.717457	-0.210134
37214.381738	-127.680023	0.125126	-84.261399	0.420186	-124.352628	0.144075	-121.078109	-0.082125
37256.384426	-124.990165	0.443070	-94.271127	-0.077412	-124.969127	-0.058231	-131.274662	-0.212316
37298.387115	-119.912155	-0.390501	-97.575731	-0.433579	-120.638286	0.114532	-116.776474	-0.445844
37340.389803	-128.326745	-0.258136	-89.136298	0.472890	-126.293439	0.115515	-119.503768	0.299236
37382.392491	-121.450359	-0.328247	-88.460018	0.290926	-124.040997	0.425433	-123.968142	-0.110089
37424.395179	-125.538194	0.230158	-91.172243	-0.224998	-129.689848	-0.289977	-119.511770	-0.149093
37466.397867	-114.104600	-0.273994	-92.045100	-0.204799	-122.565524	-0.382308	-126.846258	0.403008
37508.400556	-117.739039	-0.053706	-89.278890	0.470271	-136.320667	-0.421618	-134.955670	-0.020075
37550.403244	-133.056920	0.397152	-93.322851	-0.387395	-126.553292	0.051327	-126.852309	0.207913
37592.405932	-121.269901	-0.184546	-85.724724	0.460719	-130.953366	-0.475804	-124.928307	-0.108669
37634.408620	-118.505517	-0.162104	-84.859559	0.352797	-122.166909	0.036592	-122.452659	-0.254235
37676.411308	-126.003755	-0.046782	-84.452579	-0.275965	-123.532297	0.178681	-122.727798	-0.270644
37718.413997	-127.866277	0.483803	-89.759043	0.139808	-118.555669	-0.061935	-129.665322	0.316359
37760.416685	-122.021755	0.414966	-98.081992	0.051368	-118.075485	0.286274	-124.840164	-0.306431
37802.419373	-124.068626	-0.472447	-90.848915	0.313026	-123.662128	0.267626	-116.881848	0.356213
37844.422061	-130.615335	-0.173015	-91.042703	-0.026850	-127.064013	0.036172	-126.481512	0.008292
37886.424749	-121.172445	-0.488546	-87.825366	0.373446	-124.436422	0.436497	-128.526965	-0.260142
37928.427438	-116.405181	0.223472	-85.480552	0.064803	-115.075357	0.114564	-119.110167	-0.046878
37970.430126	-125.923603	-0.448684	-89.445969	0.046364	-119.654216	-0.322815	-121.604117	-0.099603
38012.432814	-127.202194	-0.378714	-89.320711	0.332041	-121.303562	0.003803	-135.960344	-0.188529
38054.435502	-117.712424	-0.374024	-102.156885	0.276917	-127.777184	0.241405	-122.797115	-0.040460
38096.438190	-122.436664	0.472014	-94.340093	0.385356	-128.516514	0.070880	-137.393579	-0.218577
38138.440878	-134.694137	0.068040	-84.389651	0.324050	-125.828349	-0.205931	-123.569423	0.138204
38180.443567	-120.014976	-0.116385	-94.025477	-0.092531	-124.860155	0.101948	-123.166269	-0.195242
38222.446255	-117.029963	0.451602	-86.078938	-0.203013	-116.445823	0.320408	-131.931707	-0.486525
38264.448943	-122.218995	-0.404998	-87.595235	0.316778	-125.288947	0.193114	-124.514736	0.050825
38306.451631	-127.002708	-0.268722	-91.690719	-0.071170	-126.804748	-0.329285	-126.660097	0.366323
38348.454319	-121.179324	-0.483024	-91.414265	0.263460	-129.093039	0.096858	-119.356276	0.143100
38390.457008	-138.011235	0.025395	-88.829378	0.078458	-123.078788	0.330760	-121.774614	-0.442730
38432.459696	-123.390620	-0.060789	-81.905556	0.060199	-146.111652	0.200687	-122.758016	-0.209111
38474.462384	-119.113569	-0.003614	-97.409044	0.164984	-130.124857	0.222647	-119.532244	-0.171670
38516.465072	-118.230907	-0.075639	-98.357330	-0.340116	-124.289006	0.398351	-125.670091	-0.034105
38558.467760	-119.777040	-0.041616	-86.301415	-0.172545	-119.626484	-0.134996	-112.652597	-0.015773
38600.470449	-122.913051	0.428710	-92.438094	0.066077	-127.504454	0.137813	-122.151891	0.026899
38642.473137	-121.110167	-0.400336	-83.925257	-0.357398	-120.362816	0.178925	-137.637282	-0.462119
38684.475825	-127.471112	0.033569	-88.206050	-0.494790	-135.123081	-0.213865	-120.711779	0.481059
38726.478513	-127.551992	0.384836	-94.687219	-0.055162	-119.901605	0.054806	-126.943695	0.146774
38768.481201	-121.485456	0.290181	-91.961700	0.219162	-127.881023	0.485057	-125.248874	0.334623
38810.483890	-125.862774	-0.241624	-100.298915	0.448712	-120.356255	0.181382	-117.818521	0.343060
38852.486578	-120.103039	0.332058	-101.670835	-0.039303	-119.668233	-0.356340	-128.351340	-0.181384
38894.489266	-133.295528	-0.148634	-85.286344	-0.233431	-117.977638	0.165847	-123.264892	0.361069
38936.491954	-126.834977	0.090756	-96.405504	-0.412483	-122.815356	-0.066073	-126.574345	0.390088
38978.494642	-116.405239	-0.475023	-89.770400	0.322725	-117.439204	0.118213	-121.889197	0.080584
39020.497331	-131.355057	-0.098257	-89.615023	-0.442337	-127.863445	-0.265692	-119.623654	0.023012
39062.500019	-124.880675	-0.440073	-93.986913	0.215529	-121.269478	0.240164	-119.462074	0.091136
39104.502707	-120.195960	-0.399433	-87.721854	-0.241820	-121.731154	-0.172014	-135.478286	0.489096
39146.505395	-122.092638	0.312386	-94.762535	-0.255923	-121.722958	-0.310201	-124.633034	-0.295953
39188.508083	-129.532618	0.082627	-97.118085	0.376906	-127.469735	0.167135	-119.759524	-0.351539
39230.510771	-130.142902	0.143914	-105.865407	0.218538	-121.886516	0.306833	-122.505237	0.351775
39272.513460	-125.846330	0.196369	-93.911143	-0.224148	-120.751464	0.038392	-129.760068	-0.159530
39314.516148	-123.353664	-0.404061	-92.001307	-0.452421	-119.677998	-0.103014	-123.164794	0.249617
39356.518836	-121.748240	-0.288223	-90.513409	-0.195235	-117.046454	-0.397658	-129.363550	-0.410822
39398.521524	-122.036241	0.059567	-88.266327	0.210777	-121.471571	0.223117	-128.047588	-0.443227
39440.524212	-125.592395	-0.298605	-87.556112	0.171244	-126.292517	0.056521	-128.573961	0.208799
39482.526901	-139.496352	0.308716	-88.995956	-0.169648	-120.195269	-0.152210	-121.949620	-0.211238
39524.529589	-123.249318	-0.142665	-93.976919	-0.071022	-125.875495	-0.466937	-123.641286	-0.340955
39566.532277	-119.945333	0.010378	-107.445523	-0.085689	-122.911009	0.320525	-124.680088	-0.092145
39608.534965	-122.609665	0.124441	-83.640568	0.491946	-128.169815	0.101218	-118.911771	-0.218806
39650.537653	-126.597138	-0.120693	-98.678804	-0.454529	-129.096033	-0.227609	-118.790828	0.407063
39692.540342	-121.061691	0.486227	-88.586815	0.338463	-139.280291	-0.373240	-123.084030	-0.245186
39734.543030	-128.618533	0.131370	-89.246065	0.248759	-123.302408	-0.228829	-119.095919	0.431377
39776.545718	-129.052618	-0.459523	-91.039254	0.081653	-127.352459	0.449845	-122.237752	0.083767
39818.548406	-130.954708	0.198362	-115.644398	-0.425501	-124.661302	0.388136	-133.324433	-0.292228
39860.551094	-122.143531	0.237039	-92.813952	-0.423716	-113.462334	-0.039451	-130.467583	0.081192
39902.553783	-123.273167	0.107701	-94.264666	-0.446068	-125.686365	0.264385	-126.474226	0.288433
39944.556471	-152.671753	-0.030462	-93.398361	0.020170	-126.536970	0.103974	-133.478959	-0.057356
39986.559159	-117.339297	-0.168545	-87.696269	-0.040043	-135.896045	0.417654	-121.938557	-0.469601
