% f474.txt
% Date Thu, Jul 15, 2021 4:45 PM
% Sine seq
% Response spectrum
% Stim level (V pk) 0.100, 0 dB filter gain, 120.0 dB attenuation
% Stim RMS (V) 0.000
% Freq [Hz]	Ch0 Mag [dB]	Ch0 Phase [cyc]	Ch1 Mag [dB]	Ch1 Phase [cyc]	Ch2 Mag [dB]	Ch2 Phase [cyc]	Ch3 Mag [dB]	Ch3 Phase [cyc]
%%end
42.002688	-120.969464	-0.141323	-55.151344	-0.238940	-92.665861	-0.224966	-121.224933	-0.246262
84.005376	-117.295786	0.240355	-51.972939	-0.259692	-96.100309	0.245386	-116.658802	-0.158327
126.008065	-122.609835	0.369443	-52.344860	0.100969	-101.739463	0.295572	-117.106844	0.080338
168.010753	-127.881624	-0.242705	-52.193452	-0.005092	-96.771277	-0.347882	-116.161599	0.436170
210.013441	-119.540600	-0.292040	-50.594925	0.368578	-112.396897	0.487915	-120.478033	-0.437531
252.016129	-115.295638	0.401176	-48.922448	-0.072008	-116.421362	-0.196116	-116.094517	-0.464903
294.018817	-118.594202	-0.376115	-70.113902	-0.112468	-109.009208	0.115918	-130.557656	-0.162217
336.021506	-124.792740	0.490525	-58.568278	-0.103776	-111.362978	0.379801	-119.983559	-0.135830
378.024194	-115.959082	-0.341082	-51.856729	0.237186	-110.059898	-0.426773	-119.304365	0.161104
420.026882	-113.360409	-0.140417	-50.512003	0.433202	-108.247329	0.347568	-123.266877	0.026693
462.029570	-133.876615	-0.396748	-55.705717	-0.424561	-115.010200	-0.050852	-122.451239	0.139717
504.032258	-119.215815	0.383979	-56.662358	0.226256	-122.281641	0.000729	-121.845499	0.040308
546.034946	-121.508822	-0.402775	-57.760753	-0.103590	-123.526866	0.207929	-121.513623	-0.056222
588.037635	-130.863217	-0.296047	-53.549374	0.126563	-108.637295	-0.472374	-124.904367	-0.404498
630.040323	-129.900323	-0.267338	-60.996826	-0.218300	-110.607212	-0.312360	-127.403078	-0.060912
672.043011	-122.639560	-0.036638	-51.949265	-0.044695	-117.805259	0.433586	-123.594377	0.388118
714.045699	-116.519654	-0.418723	-63.188125	-0.255849	-114.158650	-0.487633	-135.065286	-0.433142
756.048387	-122.349202	0.230040	-53.701735	0.049591	-121.296003	-0.224273	-122.595004	0.382977
798.051076	-128.909679	-0.216624	-54.477278	-0.328114	-113.279801	-0.173350	-122.500672	-0.007407
840.053764	-126.114438	0.473977	-61.992029	0.032215	-110.372720	0.377311	-138.034073	0.221085
882.056452	-129.279241	0.408376	-54.575709	-0.057024	-123.735671	-0.413095	-129.216389	-0.455562
924.059140	-121.267048	-0.363299	-58.049661	0.321355	-125.907056	-0.088213	-121.350558	-0.410627
966.061828	-132.803770	-0.137960	-77.594350	-0.114784	-115.343217	0.218026	-117.505819	0.067736
1008.064517	-128.425258	-0.168883	-58.705941	0.200270	-119.026019	-0.405272	-120.187291	0.370015
1050.067205	-138.493318	0.303922	-68.232517	-0.154852	-112.368515	0.093376	-138.434581	0.075025
1092.069893	-119.708874	0.311283	-63.019104	-0.099415	-136.969135	-0.258213	-132.058390	0.211186
1134.072581	-118.519585	0.335678	-60.383555	0.223786	-115.722473	-0.486423	-125.952872	0.144346
1176.075269	-117.807723	0.168154	-57.595500	0.137059	-118.624548	-0.425805	-117.803268	0.006322
1218.077958	-117.233079	0.468052	-63.488747	0.490808	-113.389356	-0.491341	-124.427511	-0.484826
1260.080646	-114.975218	0.337146	-74.992732	-0.134061	-119.107745	0.284949	-131.950224	-0.402116
1302.083334	-127.899794	-0.255023	-65.059655	0.177726	-129.006628	-0.133211	-129.561195	0.419038
1344.086022	-120.970187	0.305097	-58.674668	0.309885	-123.324362	0.116997	-123.237466	-0.047156
1386.088710	-120.977302	0.192484	-60.047456	-0.135566	-121.259710	-0.059428	-126.501542	0.362402
1428.091399	-122.227277	-0.332928	-79.469406	-0.048074	-123.655380	-0.311007	-123.425874	0.373421
1470.094087	-129.983038	0.133845	-68.091364	0.188665	-128.850675	-0.410264	-135.023275	-0.203652
1512.096775	-122.654550	0.388786	-71.556973	-0.041324	-122.526931	-0.463695	-121.995517	-0.383546
1554.099463	-133.060880	-0.188791	-62.873715	-0.022415	-113.412074	0.266800	-121.699695	0.129134
1596.102151	-121.711515	-0.349164	-62.070625	0.419991	-115.840522	-0.321888	-120.674578	0.120718
1638.104839	-124.151190	-0.372327	-66.067389	-0.107151	-120.540625	-0.353841	-131.000495	-0.199989
1680.107528	-129.474539	0.071480	-61.793830	0.035798	-124.312034	0.015575	-125.392184	-0.247565
1722.110216	-119.097784	0.192092	-63.176423	-0.038613	-127.693393	0.477188	-118.879853	-0.486582
1764.112904	-120.792845	-0.250392	-71.276826	0.056261	-117.872606	-0.260989	-127.023274	-0.274763
1806.115592	-119.885581	-0.479736	-67.234565	0.334754	-123.712604	-0.272311	-124.407436	0.244279
1848.118280	-124.744512	-0.387317	-73.157834	0.154418	-121.656779	-0.104648	-121.803529	-0.127889
1890.120969	-125.155521	-0.197822	-67.192589	-0.146120	-120.020987	-0.189520	-125.625018	0.368496
1932.123657	-126.114760	-0.472794	-77.799502	-0.443749	-126.619893	-0.452309	-123.370699	0.298832
1974.126345	-115.788194	0.325790	-60.480838	-0.009788	-115.514206	0.042594	-128.609118	0.468628
2016.129033	-119.626547	0.364028	-65.391845	-0.205118	-121.545428	-0.198032	-125.736815	-0.358195
2058.131721	-120.702099	0.470375	-64.617718	0.403800	-118.694749	-0.249851	-121.728987	-0.120287
2100.134410	-117.221747	-0.413140	-63.118722	0.079900	-123.015472	-0.279500	-121.456145	-0.451677
2142.137098	-122.598980	0.212064	-67.498439	-0.026053	-118.481055	-0.417569	-128.170296	0.284021
2184.139786	-124.707736	-0.088531	-71.282038	0.355193	-119.187723	-0.372777	-119.079677	-0.108356
2226.142474	-121.664214	0.254204	-74.870735	0.445607	-123.811761	-0.415119	-117.406526	0.443240
2268.145162	-123.994678	-0.449397	-69.767753	0.435632	-123.324835	0.210381	-122.554567	0.212198
2310.147851	-117.081079	0.441537	-67.858129	-0.042515	-127.589365	0.042888	-118.752184	0.181919
2352.150539	-123.910361	-0.212539	-62.384018	-0.380796	-122.516804	-0.498464	-121.100512	0.094857
2394.153227	-121.097222	-0.034605	-67.440314	0.457912	-122.994419	-0.046216	-120.323237	0.030510
2436.155915	-125.464147	-0.171764	-61.571639	-0.103653	-126.487788	-0.085155	-134.870074	-0.189792
2478.158603	-118.668740	0.216989	-73.323835	-0.139398	-119.346298	-0.446189	-123.303785	-0.493422
2520.161292	-125.152002	-0.472234	-61.679638	0.120518	-119.790566	0.113103	-123.875311	0.088188
2562.163980	-120.658426	-0.305776	-69.942974	0.080572	-128.531906	0.123860	-142.347786	0.403312
2604.166668	-134.816229	0.162590	-67.456772	0.487369	-114.553954	-0.364015	-117.587517	-0.401668
2646.169356	-130.442164	0.495913	-78.451079	0.048587	-119.903940	0.274099	-124.228284	0.212521
2688.172044	-118.032036	-0.380470	-62.240219	-0.486250	-125.670514	0.231587	-123.539472	0.305712
2730.174732	-131.736733	-0.076975	-62.323882	-0.410284	-116.115850	-0.211988	-124.307613	-0.442627
2772.177421	-119.441007	-0.184629	-75.583408	0.366831	-128.606011	0.073451	-124.974484	0.186576
2814.180109	-136.212150	-0.178415	-64.728764	0.217818	-129.729088	-0.339281	-129.562788	-0.035262
2856.182797	-124.211940	0.253768	-68.866193	-0.103841	-131.717256	0.323752	-134.894422	-0.224043
2898.185485	-121.222705	0.338664	-61.972180	-0.181945	-119.357764	0.327665	-120.975008	0.424417
2940.188173	-122.932496	-0.152699	-66.534511	0.130540	-126.488036	0.466980	-123.075887	-0.135903
2982.190862	-118.613082	0.456275	-66.003033	0.349129	-126.063244	0.130327	-117.863924	-0.499201
3024.193550	-145.299112	0.125280	-68.633716	0.159580	-142.191540	-0.412416	-121.726011	-0.017831
3066.196238	-117.976257	-0.439616	-66.129079	0.175199	-122.487275	0.338808	-121.792915	-0.312925
3108.198926	-121.325001	-0.449525	-71.400636	-0.010539	-120.714277	-0.066415	-122.968603	0.465823
3150.201614	-125.088309	-0.155322	-67.152289	0.285328	-118.259515	-0.215752	-133.290319	-0.315663
3192.204303	-120.567620	-0.291060	-74.338318	-0.158112	-118.954788	0.485109	-120.355316	-0.236110
3234.206991	-125.150572	-0.385606	-68.797374	-0.493964	-136.801170	-0.212490	-125.883214	0.130030
3276.209679	-124.134934	0.150415	-71.598882	-0.188560	-128.674356	0.018277	-122.560474	-0.033829
3318.212367	-135.565635	-0.405715	-72.209757	-0.189758	-118.445008	0.126578	-128.472508	-0.036362
3360.215055	-124.005033	-0.178134	-70.928219	0.143616	-138.182508	0.494279	-121.541389	-0.341069
3402.217744	-120.859000	0.084431	-78.445075	-0.258540	-123.427794	0.443920	-135.210354	-0.058808
3444.220432	-120.078822	-0.367272	-66.636760	0.303343	-128.304862	0.016575	-121.892187	-0.380008
3486.223120	-141.117131	-0.164173	-73.192205	-0.085571	-120.809914	-0.201201	-132.769439	0.151855
3528.225808	-118.944221	-0.373765	-66.707433	0.176804	-120.578190	-0.353850	-119.729268	-0.470388
3570.228496	-118.043720	0.214063	-62.466855	0.424986	-123.755689	0.282060	-126.417953	-0.014846
3612.231185	-122.822769	0.484295	-67.718720	-0.489144	-130.250700	0.136590	-129.049033	-0.473286
3654.233873	-122.657934	-0.488380	-69.851784	-0.075070	-117.860830	0.257381	-127.921729	-0.095862
3696.236561	-122.557383	0.335919	-70.462424	-0.330013	-117.068417	-0.201125	-116.791368	-0.155851
3738.239249	-124.915889	0.152683	-65.008541	0.405516	-122.762793	0.187570	-118.436545	0.380383
3780.241937	-119.979590	0.355470	-67.418579	0.446540	-120.985834	-0.339058	-119.650665	-0.131221
3822.244625	-121.743409	0.376980	-68.187699	0.098436	-124.928526	-0.279410	-126.708598	0.489383
3864.247314	-125.976210	-0.444731	-79.761570	0.304702	-119.419410	-0.178020	-124.647270	-0.056277
3906.250002	-121.427964	0.030895	-75.388989	-0.236964	-116.260600	-0.298923	-130.493958	0.288038
3948.252690	-125.118558	0.372663	-72.394345	-0.405279	-125.675105	0.463999	-124.144305	-0.271005
3990.255378	-128.643933	0.479097	-72.761312	0.297674	-117.356616	0.281589	-125.905360	-0.426376
4032.258066	-120.249413	-0.108625	-66.362101	0.015592	-116.679945	0.023395	-121.241789	-0.011317
4074.260755	-122.848284	-0.194873	-69.501012	-0.337165	-120.025177	0.075944	-123.765751	0.484822
4116.263443	-116.129297	-0.260940	-70.174139	0.349657	-126.161679	-0.082244	-127.352031	-0.117433
4158.266131	-123.349611	0.310227	-77.161238	0.462388	-120.505341	0.476534	-117.624462	-0.397152
4200.268819	-120.988002	-0.467250	-69.405740	0.058779	-134.519237	0.182777	-127.353632	0.343106
4242.271507	-125.984478	0.417913	-72.864282	-0.322967	-125.740145	0.241577	-117.906093	0.289421
4284.274196	-147.293946	-0.281739	-69.567248	-0.046148	-115.979778	0.175719	-122.290801	-0.434885
4326.276884	-125.372712	0.252813	-66.723309	0.188613	-121.470218	0.408866	-120.685880	0.361378
4368.279572	-125.975873	0.138908	-68.077167	-0.342647	-123.715509	-0.043095	-134.987115	0.290611
4410.282260	-122.623751	-0.109028	-78.219873	-0.361368	-123.472200	-0.053008	-122.138161	-0.109624
4452.284948	-123.916675	-0.035530	-69.854157	0.411870	-118.962456	0.277916	-125.767423	0.068790
4494.287637	-131.090855	0.492814	-78.779230	-0.232560	-117.856632	0.461938	-124.140454	0.284330
4536.290325	-120.551323	0.203642	-67.628693	0.108488	-124.770877	0.259436	-155.504375	0.010106
4578.293013	-119.538481	-0.163948	-69.115192	-0.339681	-121.384500	-0.334738	-121.873570	-0.341177
4620.295701	-120.414695	-0.115207	-79.063969	-0.455067	-122.776722	0.021925	-126.672444	0.090679
4662.298389	-132.211500	0.425656	-65.909890	-0.260167	-125.187273	-0.098922	-123.441750	0.035526
4704.301078	-120.868231	0.220855	-76.974665	0.173541	-131.079627	0.086354	-130.289154	0.483784
4746.303766	-122.337151	0.257274	-68.717125	-0.439290	-118.625029	-0.155736	-134.029903	0.320276
4788.306454	-127.201154	-0.298333	-74.374699	0.492200	-119.317494	0.023288	-125.989150	-0.273573
4830.309142	-121.240479	-0.159361	-72.469059	-0.225268	-126.383432	-0.081203	-128.382921	-0.278755
4872.311830	-117.176107	0.120464	-79.517396	-0.034483	-132.377615	-0.091191	-120.741789	0.192948
4914.314518	-35.799917	-0.204373	-15.166413	0.367205	-107.785550	0.361237	-117.902357	0.337469
4956.317207	-127.473397	-0.327934	-71.730283	0.451424	-117.231313	-0.425957	-126.810820	0.233442
4998.319895	-134.793950	0.293415	-63.914063	-0.411419	-117.951340	0.303389	-118.726961	-0.256903
5040.322583	-123.324566	-0.296496	-67.855592	0.382237	-121.093560	-0.021522	-119.718853	0.295024
5082.325271	-118.573289	0.112442	-73.437449	0.448842	-127.349689	0.489419	-118.295337	-0.190829
5124.327959	-134.192510	-0.136656	-74.362982	0.391985	-120.644375	0.007966	-122.839656	0.149048
5166.330648	-122.841190	0.339018	-89.505312	-0.035156	-117.755221	-0.411943	-126.977079	-0.386232
5208.333336	-121.405473	0.124898	-66.458294	-0.487922	-125.860143	-0.444675	-123.072153	-0.122462
5250.336024	-126.190683	-0.067390	-70.178034	0.074418	-123.572910	-0.064629	-125.140167	-0.093299
5292.338712	-137.968962	-0.034860	-68.270106	-0.490623	-130.337873	0.222675	-124.328581	0.118275
5334.341400	-124.740947	0.262800	-75.012675	0.222327	-116.865574	-0.482469	-120.561901	-0.161265
5376.344089	-121.192628	-0.462406	-75.961058	-0.177821	-119.720696	-0.419361	-121.162813	-0.287312
5418.346777	-123.647965	0.387000	-81.874982	0.202183	-118.630139	-0.254413	-132.889969	-0.196188
5460.349465	-118.084756	0.443917	-66.548801	0.400612	-121.957694	0.257595	-124.112832	0.400169
5502.352153	-135.561057	0.289484	-70.351974	0.281545	-119.612426	-0.072020	-116.539869	0.165378
5544.354841	-124.822166	-0.195926	-74.148491	-0.057730	-120.449834	0.072871	-119.804866	-0.304585
5586.357530	-123.850023	-0.440470	-66.493658	0.385627	-117.134397	0.057833	-128.475359	0.290925
5628.360218	-119.634439	0.458542	-71.872816	-0.433197	-131.267857	0.383082	-121.400470	-0.450267
5670.362906	-123.629826	0.169404	-65.486786	-0.360963	-126.358510	-0.326682	-121.761460	-0.140823
5712.365594	-122.030448	-0.079067	-73.355761	-0.185752	-121.516383	0.141522	-130.839249	-0.398547
5754.368282	-116.655426	-0.092602	-68.719137	0.412776	-120.175373	0.449577	-120.611903	-0.234029
5796.370971	-117.322950	-0.094376	-72.690440	-0.128508	-122.842765	-0.159956	-124.774343	0.388287
5838.373659	-125.746329	-0.200992	-82.659245	-0.011416	-121.152641	-0.023695	-113.482552	-0.096525
5880.376347	-123.138799	0.190171	-73.863178	0.011148	-119.412551	0.146851	-131.210134	0.315765
5922.379035	-121.203744	-0.496076	-72.862932	0.354625	-128.106691	0.415408	-130.681909	-0.489437
5964.381723	-125.589984	-0.214595	-77.092949	0.121755	-119.856471	-0.023629	-118.164832	-0.110051
6006.384411	-121.859356	-0.178663	-73.262250	-0.395042	-126.383486	0.280825	-130.753738	0.136993
6048.387100	-123.035707	-0.127858	-74.467445	0.026629	-130.004914	-0.056040	-128.923703	0.054080
6090.389788	-119.863996	-0.313093	-72.565720	0.273439	-129.305202	-0.077108	-124.641103	0.131590
6132.392476	-120.990103	0.147199	-77.066431	0.194082	-117.215194	0.054087	-121.754860	-0.180429
6174.395164	-125.161427	-0.101650	-66.796395	0.321614	-122.707680	0.241490	-125.053275	-0.327665
6216.397852	-122.536153	0.467377	-74.253996	0.372733	-122.080845	0.391175	-122.703032	0.325275
6258.400541	-124.106337	-0.172415	-68.854010	0.018357	-121.544297	0.126629	-132.112501	-0.294148
6300.403229	-124.601034	0.450414	-74.266364	0.407256	-124.225217	0.285636	-132.848023	-0.358279
6342.405917	-120.301380	-0.359581	-74.279636	0.397628	-116.991633	0.012290	-128.311121	-0.109595
6384.408605	-122.402497	-0.054754	-82.495755	0.262414	-123.883538	-0.192126	-121.823055	-0.215244
6426.411293	-125.255454	0.487351	-74.571936	-0.120611	-127.418406	0.273964	-127.084977	-0.434717
6468.413982	-120.328698	-0.028781	-88.157591	0.109015	-120.857724	-0.150879	-128.309790	-0.188927
6510.416670	-128.400853	0.037019	-68.859248	0.456708	-125.948739	0.335393	-121.871177	0.441220
6552.419358	-119.556299	0.427896	-79.787588	0.451127	-126.701668	0.027974	-129.816338	0.266796
6594.422046	-116.876161	-0.191314	-75.481732	0.250176	-121.418636	0.260499	-122.098228	0.103777
6636.424734	-120.404104	0.247141	-90.589801	0.180994	-125.442414	0.359531	-123.216328	0.467415
6678.427423	-127.617936	-0.195873	-87.704870	-0.223757	-128.436605	0.097548	-126.750254	0.089285
6720.430111	-126.044424	0.240778	-79.195234	0.083404	-123.407083	-0.106401	-130.515765	-0.378614
6762.432799	-123.187227	0.390728	-66.520209	0.253982	-121.018058	0.000832	-119.730193	0.167991
6804.435487	-119.579251	0.249203	-77.372178	0.065277	-130.940647	0.478498	-131.263667	-0.063029
6846.438175	-117.996928	0.406701	-69.143328	-0.038627	-115.014554	-0.449524	-121.418271	-0.172061
6888.440864	-118.987557	-0.342257	-70.613266	0.201397	-130.023779	-0.263069	-122.962788	-0.036264
6930.443552	-120.817789	-0.013909	-71.065093	-0.306390	-119.199094	-0.068377	-134.136053	0.314533
6972.446240	-128.775206	-0.139546	-67.627769	0.370109	-117.354465	0.220575	-132.696492	-0.155701
7014.448928	-118.849638	-0.418232	-71.775923	-0.195095	-125.724603	0.164326	-121.180543	-0.060319
7056.451616	-126.262870	-0.496064	-81.798384	-0.227699	-135.107902	0.050789	-122.326027	-0.161424
7098.454304	-121.665227	-0.196063	-65.118701	0.090586	-123.033397	-0.145921	-119.426722	0.345668
7140.456993	-115.078310	-0.475391	-68.111276	-0.433158	-141.292426	0.291046	-125.531294	0.001702
7182.459681	-130.249584	0.174632	-71.310180	0.227588	-129.385131	0.131884	-140.662305	-0.404932
7224.462369	-127.420770	-0.324816	-76.589249	-0.003964	-131.215610	-0.312454	-115.487336	-0.243636
7266.465057	-129.368979	-0.086544	-76.662820	0.274466	-126.477449	-0.103917	-123.221372	0.059014
7308.467745	-129.693432	-0.272282	-70.686013	0.256257	-132.718643	-0.248531	-126.694498	-0.070489
7350.470434	-132.932683	0.327623	-81.332726	0.054110	-122.776130	0.120760	-121.938633	-0.062603
7392.473122	-121.443964	0.334571	-79.618908	0.329045	-118.814125	0.381307	-117.754216	-0.421488
7434.475810	-117.891656	-0.023235	-66.840788	0.068006	-118.731430	-0.109898	-118.042976	-0.222423
7476.478498	-117.903889	0.230559	-93.139083	-0.453580	-121.854685	-0.020823	-129.374408	-0.152510
7518.481186	-125.022757	-0.112073	-75.478918	-0.277496	-122.137771	-0.026512	-118.277327	-0.185583
7560.483875	-123.170879	0.108547	-69.577921	0.395613	-128.408000	0.346018	-125.009510	0.150075
7602.486563	-120.319482	0.428319	-82.525492	0.008481	-124.281551	0.213391	-128.577025	-0.175659
7644.489251	-119.833805	0.226097	-75.984604	-0.310678	-126.914877	-0.018062	-119.041851	-0.276917
7686.491939	-123.603654	0.495041	-77.040494	0.467490	-139.970810	-0.063406	-123.653024	0.139742
7728.494627	-120.466475	-0.464822	-77.885920	0.148396	-121.909686	-0.106195	-118.924485	0.326892
7770.497316	-130.026606	0.085691	-68.018627	-0.117719	-123.066196	0.240816	-117.919343	-0.330730
7812.500004	-123.333072	-0.373031	-81.564184	0.028741	-127.998216	-0.010063	-122.264417	-0.433051
7854.502692	-122.285825	-0.062682	-74.677581	0.114311	-125.139519	0.010935	-128.644147	-0.120211
7896.505380	-128.107813	0.204619	-73.450083	0.012173	-125.076101	-0.096069	-123.521620	0.452809
7938.508068	-126.697299	-0.019655	-69.923373	0.236607	-129.374237	0.308698	-123.775500	-0.116116
7980.510757	-122.784146	0.201344	-71.131498	0.348245	-128.548466	-0.195313	-129.162030	0.260831
8022.513445	-127.872773	-0.007473	-67.012264	-0.005753	-127.933882	0.283905	-129.997756	-0.442574
8064.516133	-117.410653	0.049835	-69.890149	0.286549	-121.520159	-0.187286	-123.555402	0.251919
8106.518821	-129.328170	-0.189158	-80.541620	0.081871	-118.801618	-0.231460	-122.220987	-0.356314
8148.521509	-131.091063	0.106292	-78.871485	0.343989	-118.382531	-0.069367	-129.775089	-0.007373
8190.524197	-124.895677	-0.067684	-70.598024	-0.436467	-120.839414	-0.345328	-124.881951	0.391453
8232.526886	-123.061154	0.084765	-74.506220	-0.045915	-122.437172	0.299807	-122.316584	0.170185
8274.529574	-127.216035	-0.167209	-72.016149	0.111491	-122.463632	0.225330	-123.640321	-0.305593
8316.532262	-126.118643	0.458843	-78.752100	-0.395954	-124.821648	0.117917	-126.201061	-0.498686
8358.534950	-132.157286	-0.442576	-71.943970	-0.428954	-128.155779	-0.164213	-120.439382	-0.357459
8400.537638	-120.070056	0.186469	-74.124291	-0.440954	-131.138623	-0.254453	-121.668633	0.224328
8442.540327	-129.607644	0.417330	-78.799564	-0.226610	-121.683320	0.410012	-138.602516	0.389811
8484.543015	-138.010299	0.278669	-74.371460	-0.457302	-137.343000	0.328375	-120.030788	0.296040
8526.545703	-125.536790	0.089652	-79.905649	0.137568	-120.610030	0.220770	-117.205059	0.434554
8568.548391	-119.407590	-0.379849	-70.560186	0.236501	-124.382065	-0.496656	-127.895784	-0.212789
8610.551079	-137.375074	0.188134	-70.567729	0.371222	-117.656758	0.246317	-122.681232	-0.026027
8652.553768	-121.045097	0.339183	-82.496082	0.297945	-124.827975	-0.395562	-120.918146	0.105959
8694.556456	-121.784566	0.268360	-72.228726	0.059464	-139.748281	0.412385	-128.137437	-0.186551
8736.559144	-118.571748	-0.366108	-76.782706	-0.122049	-123.001841	0.157064	-131.523356	-0.446111
8778.561832	-120.274724	0.274236	-87.579554	-0.289822	-130.456533	0.448789	-128.227123	-0.384330
8820.564520	-118.962785	-0.153007	-71.390382	0.078545	-122.132852	0.488195	-123.198962	0.280774
8862.567209	-128.415751	0.428765	-75.268773	0.300315	-117.208663	-0.254609	-120.376585	-0.341243
8904.569897	-119.988944	0.281574	-75.959202	-0.370666	-123.910005	0.316201	-120.079757	0.453911
8946.572585	-125.426242	0.427144	-83.527937	-0.358890	-125.867403	0.091702	-127.620626	-0.018087
8988.575273	-122.201483	-0.084066	-76.121709	0.213320	-122.868330	-0.030184	-130.869588	0.103250
9030.577961	-120.822605	-0.495474	-86.629418	0.192312	-121.415831	-0.370038	-128.099905	0.218326
9072.580650	-127.383058	0.462935	-84.059890	-0.034040	-123.563695	0.420394	-118.926803	0.434646
9114.583338	-137.338405	0.311289	-72.219476	-0.092540	-123.169798	0.490929	-123.171075	0.392325
9156.586026	-134.920773	-0.217943	-77.902042	-0.115824	-137.301231	0.256313	-133.111105	0.084548
9198.588714	-129.989942	-0.145978	-73.142183	0.006987	-119.521232	-0.483100	-123.973672	0.316181
9240.591402	-134.107520	0.310036	-72.333074	-0.007841	-121.968217	-0.228267	-132.687356	0.133821
9282.594090	-120.505807	-0.314040	-70.810878	-0.230420	-121.195657	0.290796	-126.816066	-0.116160
9324.596779	-128.845653	0.435238	-72.006566	-0.426264	-121.230553	0.226794	-121.613254	-0.231005
9366.599467	-126.145067	-0.110072	-73.219958	-0.022456	-118.649490	-0.286715	-125.775698	0.341413
9408.602155	-114.273871	0.070257	-72.823245	-0.052429	-126.106156	0.489440	-120.997849	-0.034697
9450.604843	-131.174888	0.482585	-95.557896	0.232516	-124.398927	-0.267989	-129.611264	0.284289
9492.607531	-138.900180	0.406602	-76.784710	0.440814	-131.775426	-0.236941	-127.386886	-0.256077
9534.610220	-123.104849	-0.448307	-73.991656	0.221938	-121.105628	-0.376233	-143.385639	-0.371174
9576.612908	-131.294741	-0.452620	-70.934676	0.400204	-128.143982	-0.275372	-122.705054	-0.271129
9618.615596	-126.275692	-0.058658	-75.955286	-0.208131	-121.372804	-0.120543	-123.780715	-0.204034
9660.618284	-125.102438	-0.307139	-71.784302	-0.177539	-128.897280	0.464780	-122.903515	0.016986
9702.620972	-114.781163	0.453623	-71.269286	0.316917	-127.576114	0.396977	-127.563318	0.187548
9744.623661	-141.941476	0.394716	-71.448247	0.009958	-131.131342	-0.494394	-125.383547	0.458829
9786.626349	-131.726062	0.178063	-72.424182	-0.189619	-117.936211	0.477448	-122.839015	0.233203
9828.629037	-110.030563	-0.389897	-81.229123	-0.185811	-125.927541	0.428233	-126.349053	0.388437
9870.631725	-115.705095	-0.242525	-72.563580	0.425295	-131.600833	-0.284062	-119.965181	0.319969
9912.634413	-118.468339	0.030034	-70.641994	0.489489	-121.223120	-0.401036	-124.095903	0.144695
9954.637102	-129.134166	-0.240129	-69.031068	-0.300047	-129.280785	-0.292477	-123.639967	0.008532
9996.639790	-128.217396	0.197320	-76.004911	-0.429527	-125.416335	0.248256	-126.539586	-0.434566
10038.642478	-126.765162	-0.163398	-78.250604	-0.103733	-128.946942	-0.348371	-150.323432	-0.297434
10080.645166	-127.185615	-0.092162	-71.680919	-0.188871	-129.532487	-0.387605	-128.259522	0.331313
10122.647854	-123.107677	0.419223	-85.092652	0.144379	-122.334685	0.324750	-123.413561	0.347347
10164.650543	-127.310026	0.302805	-83.200841	-0.478735	-125.142275	-0.488362	-123.562204	-0.071256
10206.653231	-126.829599	0.101789	-84.517281	0.159139	-122.979419	0.091474	-124.872288	-0.461520
10248.655919	-122.761724	-0.250589	-73.287256	0.238847	-119.268146	-0.246999	-118.457626	-0.480591
10290.658607	-137.120013	-0.217702	-79.777962	-0.473785	-128.716565	-0.018330	-120.183452	0.136955
10332.661295	-123.295880	0.214613	-81.346278	0.042163	-120.345130	-0.367660	-121.293821	-0.393670
10374.663983	-126.287498	0.033699	-73.492538	-0.377497	-119.626050	-0.320165	-117.995401	-0.424911
10416.666672	-127.694973	-0.209173	-73.642830	-0.270886	-121.920628	0.489021	-125.097080	0.461622
10458.669360	-119.754804	0.366596	-78.868197	0.075616	-118.415156	-0.214321	-119.569100	0.446384
10500.672048	-126.021613	0.205498	-74.013277	-0.223731	-120.815087	0.364748	-124.047997	0.388840
10542.674736	-122.808554	-0.404653	-76.124872	-0.416114	-120.585028	0.286984	-120.457671	0.251648
10584.677424	-132.750071	-0.278067	-75.447320	0.020630	-124.683446	-0.234879	-130.183283	-0.191752
10626.680113	-125.805027	0.344522	-86.830846	0.200761	-121.643762	0.126167	-118.909828	0.140223
10668.682801	-122.189916	-0.421164	-86.844753	-0.431820	-117.984602	-0.341201	-126.215133	0.413726
10710.685489	-128.037495	0.252110	-73.852407	-0.090699	-119.819125	-0.473901	-118.868357	-0.452827
10752.688177	-143.222532	0.078192	-90.547171	-0.079953	-139.382290	0.079662	-124.918176	0.160443
10794.690865	-128.991255	0.111107	-86.764747	-0.391819	-126.505329	-0.254632	-119.789942	0.455828
10836.693554	-120.557536	0.391815	-86.477398	0.138275	-130.646959	-0.482833	-116.735667	0.260077
10878.696242	-121.542745	-0.156858	-71.607516	-0.071199	-134.604270	-0.451746	-133.683675	-0.316543
10920.698930	-123.677798	0.362645	-74.231662	-0.078848	-141.832006	0.338760	-121.123234	0.498088
10962.701618	-124.971670	-0.152607	-80.017458	-0.237083	-119.613789	0.200357	-122.719015	0.214033
11004.704306	-132.456323	-0.030301	-76.539625	0.477289	-119.274853	-0.035676	-122.839988	0.017225
11046.706995	-123.573471	-0.413594	-80.550979	-0.098113	-135.008832	0.253354	-126.385439	0.428967
11088.709683	-124.365707	0.195147	-74.107246	0.264758	-137.912628	0.459961	-122.447460	0.036252
11130.712371	-133.700048	0.317418	-75.624716	0.369039	-128.771440	0.487612	-124.473633	-0.433636
11172.715059	-132.416074	0.471279	-69.492239	-0.260899	-119.335460	-0.098318	-123.178237	-0.289621
11214.717747	-127.792221	-0.247484	-71.997334	-0.457440	-122.829071	0.156275	-121.162501	-0.057203
11256.720435	-133.064745	0.345155	-74.593757	-0.409712	-125.676599	-0.123905	-133.582344	0.171516
11298.723124	-127.176552	0.389881	-96.487752	-0.436817	-124.955874	-0.064307	-120.438035	0.168895
11340.725812	-139.685590	0.442413	-77.143995	-0.356198	-121.300891	0.278130	-120.808240	-0.174235
11382.728500	-120.947974	-0.369609	-72.141307	-0.381200	-122.110964	0.108850	-121.181893	0.176162
11424.731188	-124.723700	-0.222820	-73.968896	-0.029787	-122.786546	0.314106	-133.100517	0.063083
11466.733876	-131.129516	-0.485489	-77.229987	0.061889	-121.517180	0.233477	-128.787931	-0.331843
11508.736565	-122.429667	0.012783	-72.867517	-0.151866	-119.942375	-0.310016	-120.128705	-0.065411
11550.739253	-121.516999	-0.401166	-97.716670	0.397460	-125.655462	0.011850	-122.156280	-0.281937
11592.741941	-124.114236	-0.050165	-83.727163	-0.208699	-123.030918	0.127665	-120.527604	-0.214811
11634.744629	-125.572202	-0.285373	-84.098858	0.290019	-123.542809	0.386488	-118.912932	0.470637
11676.747317	-124.851871	0.339017	-89.858919	0.399666	-127.054002	0.097981	-120.278009	-0.484930
11718.750006	-120.826992	-0.070059	-81.794790	0.151051	-121.170457	-0.058185	-122.080001	-0.151714
11760.752694	-132.833553	-0.214951	-72.787243	-0.006440	-132.696924	-0.382076	-127.841869	0.054219
11802.755382	-124.780800	0.058223	-77.407844	-0.191430	-118.637752	0.226668	-125.302604	-0.046820
11844.758070	-124.163995	0.361921	-91.093918	0.062683	-115.912339	-0.268537	-131.125239	-0.287442
11886.760758	-124.087341	-0.354787	-76.562998	-0.247451	-115.891641	-0.341176	-127.810361	-0.091686
11928.763447	-125.933273	0.441933	-74.230264	-0.335361	-122.960322	0.145572	-122.572015	-0.130835
11970.766135	-123.603524	0.045793	-80.240970	0.341526	-128.710216	0.259305	-125.224312	-0.170834
12012.768823	-123.645135	0.394007	-72.781631	-0.093953	-120.141203	0.018673	-125.955638	0.103070
12054.771511	-121.303554	-0.066112	-72.456880	-0.173704	-124.443559	-0.409716	-129.939045	-0.348102
12096.774199	-116.660294	-0.299891	-71.801397	0.460400	-119.935466	-0.220746	-123.728610	-0.196171
12138.776888	-121.840227	0.340268	-81.559735	0.383181	-127.948114	-0.116589	-118.270565	-0.213437
12180.779576	-122.400457	0.021946	-82.565616	0.016554	-123.869858	0.117922	-120.204436	-0.138610
12222.782264	-119.974054	-0.143646	-74.535799	0.478260	-120.147053	-0.156330	-127.802978	0.202562
12264.784952	-131.821324	0.297255	-72.105622	-0.205525	-128.725279	-0.260559	-123.552366	0.294920
12306.787640	-133.780022	-0.494655	-75.239859	0.399730	-128.715663	0.149095	-119.534371	0.484409
12348.790328	-125.752186	-0.351487	-81.044605	-0.413401	-127.648209	-0.395155	-127.373934	0.159614
12390.793017	-134.252844	0.442351	-76.556798	-0.374144	-148.259235	0.478612	-123.592632	0.409974
12432.795705	-129.321144	0.323182	-78.373842	-0.146703	-125.866302	0.021967	-130.469228	-0.381342
12474.798393	-123.644157	-0.060319	-77.337641	0.001833	-129.012012	-0.294778	-123.336654	-0.221897
12516.801081	-118.947942	-0.351567	-79.617794	0.329693	-122.549440	0.236148	-125.832124	-0.028343
12558.803769	-134.255179	0.318244	-84.968490	-0.182961	-119.765837	-0.213278	-118.068994	-0.387772
12600.806458	-120.131207	-0.084968	-77.117723	0.009981	-127.603855	-0.431462	-126.100278	0.001718
12642.809146	-133.395256	-0.194611	-83.776318	-0.264476	-120.279659	0.283596	-120.992720	0.497626
12684.811834	-128.089156	0.325620	-78.302466	0.046966	-137.480990	0.224906	-119.391189	0.311439
12726.814522	-126.205390	0.111447	-86.621206	0.162154	-119.926831	0.010972	-121.764415	0.032755
12768.817210	-117.052746	-0.138421	-76.577863	-0.144714	-123.185482	-0.237329	-120.503078	0.044313
12810.819899	-116.669563	-0.150321	-73.200350	0.451718	-120.751609	-0.201083	-122.866822	-0.090646
12852.822587	-119.243597	0.277948	-97.417036	-0.167941	-126.005769	-0.196040	-125.106079	-0.409717
12894.825275	-132.326507	0.205136	-85.826347	-0.336287	-118.904383	-0.253608	-126.836320	-0.311046
12936.827963	-123.239115	0.372720	-74.443298	0.236713	-117.680785	0.206249	-118.938220	0.084410
12978.830651	-129.417181	0.351852	-80.455942	0.406477	-116.411014	0.240094	-129.851069	-0.472466
13020.833340	-119.338537	0.483814	-75.464403	0.312753	-116.739937	0.486111	-120.254115	-0.417279
13062.836028	-119.002782	-0.410991	-73.808562	0.297413	-123.368568	-0.101598	-120.588035	-0.093761
13104.838716	-125.680515	0.131169	-79.919619	0.387165	-122.557813	-0.236471	-121.473362	0.289944
13146.841404	-130.884719	-0.240108	-80.469621	0.351698	-117.316478	-0.158541	-146.155677	0.333541
13188.844092	-122.865046	-0.319299	-73.943281	-0.161873	-119.324067	0.250386	-123.785593	0.417960
13230.846781	-119.869028	-0.221865	-78.257578	-0.335881	-122.450756	-0.244730	-116.686239	-0.028759
13272.849469	-123.100875	0.190296	-83.081968	0.019369	-125.019086	-0.207223	-122.343567	-0.317069
13314.852157	-124.823933	-0.438318	-88.446868	-0.230035	-120.242652	-0.382545	-128.114244	-0.288256
13356.854845	-123.398349	0.000805	-77.632739	0.483815	-123.086452	-0.028907	-135.120834	-0.483775
13398.857533	-125.716002	-0.450435	-81.789643	0.026592	-132.106912	-0.098291	-137.428016	-0.154457
13440.860221	-116.243157	-0.491904	-74.931287	0.066106	-122.999958	-0.138343	-144.872855	-0.317829
13482.862910	-115.954688	0.413073	-79.933311	0.186917	-119.692249	-0.431588	-117.767467	-0.344540
13524.865598	-123.135417	-0.019221	-74.329017	0.345316	-119.383519	0.296269	-128.793752	-0.388437
13566.868286	-130.926499	0.163746	-77.285854	-0.444815	-125.012598	0.222781	-128.245657	-0.409308
13608.870974	-120.550880	-0.350193	-78.240665	0.285033	-122.054814	0.303192	-131.407650	-0.062638
13650.873662	-125.829711	-0.234656	-80.828403	0.191759	-126.150594	0.073189	-123.141772	0.441072
13692.876351	-117.872123	-0.084738	-83.273527	-0.100953	-116.897676	-0.013232	-130.816160	-0.127490
13734.879039	-132.797135	-0.122559	-82.357255	0.284161	-124.714742	0.244658	-121.356901	-0.366233
13776.881727	-121.353628	-0.342175	-79.583209	0.004436	-120.183306	-0.497673	-119.860040	0.312290
13818.884415	-121.851036	0.259092	-76.814923	-0.064482	-123.541168	-0.452734	-132.739884	0.245050
13860.887103	-120.570907	-0.270600	-83.669513	-0.300892	-114.747595	-0.237340	-122.995744	0.438669
13902.889792	-117.506408	0.309740	-80.578453	-0.131927	-121.754745	0.370999	-124.304983	0.423499
13944.892480	-118.773362	0.371611	-77.912255	-0.206443	-124.299876	0.356037	-118.197397	0.191649
13986.895168	-121.307734	-0.219719	-83.146012	-0.244638	-126.402299	0.178772	-123.720288	-0.446687
14028.897856	-117.245753	0.251783	-88.071303	0.293545	-120.827805	0.187319	-114.271270	0.118876
14070.900544	-126.005894	0.361750	-83.922821	0.175353	-117.809357	0.002712	-131.463299	0.012733
14112.903233	-128.086692	0.036902	-84.510553	0.037064	-120.573271	0.116939	-120.653780	-0.000994
14154.905921	-115.242252	-0.218210	-76.301553	-0.338863	-120.807658	-0.204110	-125.266921	-0.219454
14196.908609	-123.135188	0.339807	-73.250069	0.163061	-126.504373	0.028005	-129.938685	-0.461144
14238.911297	-118.656132	-0.438704	-77.388060	-0.097158	-117.509888	0.444238	-127.808852	-0.324436
14280.913985	-118.822702	0.204161	-86.479139	0.287534	-119.359643	0.152545	-121.611707	-0.017846
14322.916674	-118.960003	-0.366788	-91.457293	0.309126	-129.508323	0.077122	-128.192245	0.262391
14364.919362	-115.112052	0.387461	-84.799531	-0.322292	-119.074708	0.317119	-124.134123	-0.235387
14406.922050	-115.154802	0.440130	-76.908625	0.031490	-114.961069	0.360100	-130.301052	-0.444876
14448.924738	-122.705683	-0.210554	-91.780765	0.247932	-124.348939	0.046226	-148.510955	-0.304308
14490.927426	-128.382814	-0.468021	-84.699018	0.235807	-128.090954	-0.063459	-121.841328	0.364302
14532.930114	-120.437553	-0.018098	-79.402678	0.159374	-117.268897	-0.145182	-131.533446	-0.381397
14574.932803	-129.402842	-0.327615	-77.530636	-0.178827	-122.721958	0.100094	-125.294390	0.190440
14616.935491	-121.129680	0.213104	-74.639308	-0.311271	-123.812330	0.478435	-123.446148	-0.087376
14658.938179	-120.778122	0.355809	-72.931692	0.453176	-132.447604	0.217865	-117.384921	0.430980
14700.940867	-123.434061	0.074722	-80.934501	0.100844	-123.258451	-0.409511	-124.106317	-0.213138
14742.943555	-95.541606	0.391919	-75.243279	-0.136808	-121.226555	0.293620	-123.981415	-0.435893
14784.946244	-124.332177	-0.083245	-71.073514	0.296860	-117.402218	0.285219	-127.119873	0.243467
14826.948932	-127.779035	0.129433	-70.802131	-0.139644	-125.330511	-0.367018	-130.197160	-0.086447
14868.951620	-129.581650	0.435835	-81.514204	-0.409383	-130.673849	0.409827	-122.081351	0.299694
14910.954308	-132.597163	0.030401	-72.105195	0.370385	-123.499365	0.294329	-124.602388	-0.489140
14952.956996	-120.264942	0.035973	-78.157874	-0.451000	-127.066981	-0.265190	-134.329420	-0.198024
14994.959685	-124.998564	-0.010659	-80.137042	0.451655	-126.142917	-0.003065	-136.109264	-0.126189
15036.962373	-119.669254	0.172543	-84.002634	-0.033815	-132.211641	0.475119	-118.124621	-0.274033
15078.965061	-121.228645	-0.086916	-83.162068	0.106403	-123.930280	0.199509	-126.649046	-0.269448
15120.967749	-128.193335	0.445966	-86.370025	0.197756	-123.075701	-0.466684	-125.388962	-0.221015
15162.970437	-124.847929	-0.096935	-76.218457	0.357554	-126.276684	0.277556	-126.278436	0.054698
15204.973126	-116.269049	0.155973	-92.026219	0.365150	-122.350049	-0.312843	-123.651976	-0.309269
15246.975814	-124.567724	-0.166306	-92.144287	0.394198	-133.486090	0.148101	-123.432293	0.188471
15288.978502	-124.215681	-0.451960	-74.732802	0.169907	-123.688253	-0.452071	-116.980305	-0.499133
15330.981190	-114.625080	0.070666	-75.108710	-0.231885	-120.782916	0.028719	-134.860740	0.343808
15372.983878	-122.665221	-0.020975	-92.112661	0.249141	-117.404128	-0.357193	-123.152622	0.329444
15414.986567	-117.697308	0.107836	-83.670257	-0.293982	-125.569721	0.371950	-125.823943	0.150547
15456.989255	-139.650948	-0.391707	-97.693490	0.429591	-124.147496	0.008421	-126.619116	-0.222582
15498.991943	-125.536889	-0.355972	-76.860337	-0.345976	-116.707622	0.383502	-122.806069	0.006055
15540.994631	-129.246829	0.332164	-77.869813	0.138644	-118.047919	0.279168	-125.532035	-0.446206
15582.997319	-117.582038	-0.404295	-88.626946	-0.183332	-119.626930	-0.488418	-119.449557	0.406911
15625.000007	-121.305478	0.385409	-74.738987	0.129646	-126.668420	0.464384	-127.600067	-0.363877
15667.002696	-121.371165	0.302348	-80.056459	-0.211705	-118.937730	0.423275	-120.769567	-0.482851
15709.005384	-130.376628	0.157852	-81.115506	-0.115896	-119.143596	0.376218	-122.020055	0.108157
15751.008072	-118.436830	0.208167	-70.800300	-0.211317	-124.660723	-0.272724	-120.262087	-0.242327
15793.010760	-125.792742	-0.333705	-93.997992	-0.250575	-123.539208	-0.286578	-127.995965	0.224821
15835.013448	-132.215659	-0.424572	-75.857743	0.387497	-123.941941	-0.360420	-131.385182	0.138913
15877.016137	-124.059573	-0.425427	-78.083827	-0.270900	-138.314176	-0.412230	-129.052894	0.464405
15919.018825	-125.062629	0.071400	-75.775252	-0.372427	-125.315302	0.478151	-126.518125	0.194175
15961.021513	-127.655053	-0.201801	-78.443397	-0.417518	-130.556898	-0.395288	-139.822133	0.328005
16003.024201	-131.757345	-0.132742	-79.273212	-0.166975	-118.838299	0.354812	-118.249044	0.392968
16045.026889	-120.162047	0.214146	-80.091648	-0.251751	-123.016933	0.359234	-116.373549	0.242191
16087.029578	-122.352189	0.014788	-81.057155	0.494329	-129.367975	0.307745	-120.500827	-0.256581
16129.032266	-121.147945	0.045945	-79.461185	0.370927	-123.236781	0.006815	-123.440309	-0.019979
16171.034954	-124.984353	0.371873	-79.605330	-0.039567	-129.398828	-0.357508	-116.977682	0.059859
16213.037642	-124.611179	0.336672	-76.615164	-0.027837	-120.974456	0.111463	-122.850381	0.481539
16255.040330	-125.028599	0.048002	-79.847404	0.071935	-129.930164	0.070279	-121.856130	0.043973
16297.043019	-121.881783	-0.311366	-74.594772	0.327666	-120.111019	0.090054	-119.662841	-0.458106
16339.045707	-129.095167	0.108680	-75.202487	-0.429665	-136.083297	0.269026	-128.955716	-0.184592
16381.048395	-122.534375	0.002048	-88.080798	-0.021744	-128.693897	-0.018429	-130.678253	-0.015951
16423.051083	-122.512910	0.021089	-79.183989	0.139027	-125.998867	0.352725	-126.848378	-0.216499
16465.053771	-119.477001	0.381014	-78.975531	0.208076	-125.900097	-0.498372	-133.548391	0.099167
16507.056460	-131.650526	-0.047354	-82.591564	-0.375178	-117.458950	-0.163577	-125.270953	-0.188737
16549.059148	-117.518168	0.000852	-79.147913	-0.205763	-125.466459	-0.013877	-118.083336	-0.029539
16591.061836	-128.217042	-0.307459	-75.003670	0.420438	-118.135962	-0.199859	-126.138645	0.076993
16633.064524	-130.121728	0.232214	-85.355440	0.153003	-123.803194	0.064842	-124.534834	-0.157449
16675.067212	-120.388908	-0.028388	-84.362192	0.273183	-123.625558	0.033777	-126.128559	0.157159
16717.069900	-119.126099	-0.316247	-85.484379	0.211230	-134.059046	-0.311392	-122.306157	0.177335
16759.072589	-141.982756	0.423667	-78.848722	0.328465	-123.996280	0.196572	-128.265844	0.299810
16801.075277	-121.206151	0.142650	-72.807998	-0.386836	-120.759994	0.193156	-135.755764	-0.149967
16843.077965	-119.264737	-0.478890	-72.817549	-0.209736	-127.015760	0.154137	-118.343133	0.108444
16885.080653	-123.106447	-0.242720	-85.809867	-0.064469	-121.711596	-0.263044	-120.968996	-0.272351
16927.083341	-120.808000	-0.297401	-78.387758	-0.121679	-123.021908	-0.237756	-134.847614	-0.153373
16969.086030	-117.748387	-0.412679	-74.503483	-0.232170	-126.512666	-0.116832	-123.052637	0.263910
17011.088718	-132.464463	0.175317	-89.021431	-0.069097	-134.765225	-0.443575	-133.034549	0.250192
17053.091406	-124.124954	-0.499037	-82.564171	0.425160	-117.834017	-0.263915	-123.401507	0.423880
17095.094094	-117.433255	0.044430	-83.315394	0.467764	-124.549311	-0.197932	-118.335319	-0.216876
17137.096782	-121.958186	0.161438	-95.510603	0.245029	-117.940962	0.114223	-118.334738	0.194456
17179.099471	-128.257474	-0.413449	-84.099419	-0.217186	-131.048415	-0.470898	-130.793485	0.166762
17221.102159	-123.211155	0.468194	-75.902851	-0.079258	-127.343531	-0.099480	-121.359552	-0.380299
17263.104847	-124.210903	-0.365772	-88.613021	0.474758	-131.758318	0.210529	-125.271346	-0.421570
17305.107535	-114.421244	0.085419	-74.469318	-0.343807	-126.727105	0.295610	-127.622298	0.252438
17347.110223	-129.589921	-0.488741	-86.216654	0.043653	-120.202679	-0.256894	-118.380592	-0.268465
17389.112912	-117.190452	-0.017379	-70.460588	-0.275294	-131.535415	-0.046892	-124.984143	0.091330
17431.115600	-121.530562	-0.455250	-81.833029	-0.262017	-125.766229	-0.332382	-121.528867	-0.191170
17473.118288	-120.485995	0.272443	-107.108336	-0.096100	-122.571840	0.152840	-125.339968	0.244735
17515.120976	-125.702007	0.233298	-79.803756	-0.411547	-125.119145	0.149220	-131.539634	0.067553
17557.123664	-121.672199	0.334455	-83.466710	0.303547	-127.098711	0.469227	-124.044395	-0.402031
17599.126353	-123.758898	-0.256811	-79.699617	-0.257148	-122.689707	-0.220927	-121.028147	-0.249873
17641.129041	-127.343910	0.294688	-87.732555	0.347812	-125.482760	-0.004972	-120.069663	0.200940
17683.131729	-122.434288	0.398388	-81.931430	-0.318755	-123.297288	0.180266	-124.037455	0.145043
17725.134417	-119.820228	-0.489943	-81.053965	0.095920	-130.734543	0.034770	-125.173184	-0.106904
17767.137105	-120.434963	-0.192435	-80.206043	0.184330	-118.742821	-0.115740	-136.980166	0.236765
17809.139793	-122.484594	0.345365	-81.547300	0.093857	-128.693686	-0.421544	-121.941037	-0.101238
17851.142482	-124.767980	0.447199	-89.569284	0.054847	-125.715134	-0.258342	-124.479122	-0.427401
17893.145170	-121.791337	-0.430915	-80.020610	-0.333631	-125.532733	-0.259389	-118.038665	-0.177412
17935.147858	-137.996054	0.126808	-77.201538	0.177954	-128.727415	-0.410672	-122.930658	-0.223763
17977.150546	-133.288516	0.251780	-79.612201	-0.478568	-138.542090	-0.373350	-131.592540	-0.017188
18019.153234	-118.815426	-0.159430	-84.329779	-0.421749	-121.470487	0.198321	-125.866172	0.116948
18061.155923	-120.013409	0.286611	-80.257514	0.092798	-126.078800	0.006032	-121.840433	-0.495411
18103.158611	-128.166965	0.451692	-82.481423	-0.391630	-124.469299	0.191377	-125.749747	0.365870
18145.161299	-124.764480	0.442856	-80.203933	-0.094444	-130.894222	0.415387	-135.952222	0.217057
18187.163987	-118.222351	0.172843	-87.463111	0.218182	-120.802722	-0.295829	-126.859091	-0.076983
18229.166675	-124.740643	-0.183869	-103.784942	-0.478143	-127.902342	0.191691	-122.410474	0.120493
18271.169364	-130.113376	-0.462744	-76.889426	0.421215	-134.981848	0.479110	-128.187283	0.309310
18313.172052	-125.833952	0.170938	-75.425721	0.210029	-120.349480	-0.415208	-124.942921	0.357048
18355.174740	-120.307085	0.023334	-93.522576	-0.495754	-117.845914	-0.200960	-118.934816	0.084124
18397.177428	-130.235117	0.393890	-76.728757	-0.356162	-131.593791	0.187838	-133.761747	-0.138627
18439.180116	-120.404343	-0.285851	-82.162598	0.418728	-122.976465	0.282137	-124.011481	-0.248088
18481.182805	-123.893476	0.112207	-77.683187	-0.220727	-117.867046	-0.095378	-118.367597	-0.198478
18523.185493	-121.755063	0.349206	-83.081832	-0.082517	-128.865498	0.021787	-119.419217	0.144241
18565.188181	-123.598474	0.259655	-81.365656	-0.354847	-126.727779	0.379768	-119.037875	-0.058419
18607.190869	-119.677411	-0.095947	-79.699226	-0.021605	-131.615806	-0.107707	-122.259547	-0.368997
18649.193557	-124.297420	-0.324537	-83.831814	-0.298812	-124.463884	0.190962	-123.701379	-0.499733
18691.196246	-127.054880	0.275773	-83.609704	-0.076103	-120.642258	0.086636	-117.864814	0.359939
18733.198934	-122.422758	-0.351847	-76.604690	0.452273	-127.571343	0.151239	-120.654688	0.391381
18775.201622	-125.104833	-0.040350	-79.513082	0.258340	-137.545908	-0.424607	-126.084842	-0.061140
18817.204310	-117.349287	0.414867	-90.650061	-0.157413	-115.902187	0.035317	-119.926227	-0.098410
18859.206998	-121.307084	-0.103867	-85.938892	0.140891	-126.216705	0.410066	-116.726196	-0.028998
18901.209686	-123.764652	0.241225	-71.756572	0.202242	-122.038580	0.334154	-124.698895	0.039078
18943.212375	-135.654366	-0.140632	-91.246661	-0.236810	-120.965540	-0.078178	-132.958191	0.288838
18985.215063	-118.802879	-0.477042	-89.766845	0.285974	-122.465476	-0.256730	-121.324420	-0.247214
19027.217751	-124.828403	0.356894	-106.066396	0.003688	-117.605631	0.411466	-126.856053	-0.406359
19069.220439	-117.818177	-0.070089	-81.133606	0.103109	-123.318828	0.423512	-117.216971	0.127165
19111.223127	-130.170760	-0.247755	-87.958594	-0.247237	-126.898770	-0.207727	-140.984305	0.035535
19153.225816	-120.082271	0.362618	-78.246245	-0.011227	-125.482856	-0.465043	-125.751431	-0.003668
19195.228504	-120.526531	0.055175	-80.807249	-0.365287	-132.216504	-0.432706	-124.457088	0.065586
19237.231192	-123.616502	-0.138067	-87.634933	0.469473	-120.922780	0.244499	-121.391187	0.162351
19279.233880	-123.549871	-0.391249	-82.944373	0.063149	-146.658193	-0.258680	-123.471712	-0.338220
19321.236568	-123.462976	0.227238	-83.930925	-0.018289	-120.008615	0.074631	-123.894640	-0.170254
19363.239257	-123.798147	-0.364220	-85.718154	0.493418	-124.414729	0.258649	-124.842905	-0.388358
19405.241945	-126.041215	-0.369605	-75.932820	0.226341	-128.115450	0.491539	-125.651257	-0.464288
19447.244633	-127.504852	-0.122163	-77.083748	0.146665	-126.423892	0.009861	-123.603757	0.050563
19489.247321	-126.562635	-0.297717	-74.417105	0.155330	-118.238435	-0.262899	-122.616529	-0.199629
19531.250009	-122.125107	0.395049	-76.917693	0.482332	-119.590845	0.266140	-131.683903	0.192843
19573.252698	-118.957012	-0.257548	-78.964879	0.009614	-124.305450	-0.336920	-124.476946	0.242393
19615.255386	-134.551029	0.106794	-84.012611	0.282466	-126.948815	-0.237631	-127.090802	0.406678
19657.258074	-112.451920	-0.309530	-97.726749	0.108993	-123.937161	0.448304	-120.952753	0.149835
19699.260762	-122.174616	-0.467571	-86.090357	0.482684	-125.279879	-0.024129	-135.109052	-0.457860
19741.263450	-124.422467	-0.001449	-86.091178	0.019319	-118.954330	-0.131574	-132.994238	-0.138842
19783.266139	-131.108950	0.032371	-87.932995	0.497222	-121.003832	0.470827	-127.965066	-0.414265
19825.268827	-137.446322	-0.131662	-82.408487	0.489702	-122.888140	-0.152481	-130.362909	0.132576
19867.271515	-122.481114	-0.416878	-91.061612	0.335631	-127.891982	0.362858	-124.497384	-0.386661
19909.274203	-117.305862	-0.229845	-85.795384	0.106917	-120.818563	-0.483816	-124.006154	0.342469
19951.276891	-119.031735	0.049244	-77.864396	0.275550	-124.749144	0.301682	-122.419763	0.380137
19993.279579	-128.520029	-0.129878	-82.713181	-0.256727	-120.474672	-0.211611	-119.855069	-0.198500
20035.282268	-119.596663	-0.160256	-88.259552	-0.479896	-121.214528	-0.081111	-130.239554	-0.432347
20077.284956	-130.026398	0.197675	-83.124903	-0.451862	-124.200054	0.198140	-120.176047	0.364027
20119.287644	-120.391875	-0.116435	-84.198810	-0.349972	-126.643858	0.277702	-122.991797	-0.179686
20161.290332	-125.959470	0.454009	-83.935402	-0.028619	-122.746908	-0.384462	-128.616403	0.435912
20203.293020	-126.865167	0.317850	-76.359759	-0.049696	-127.657060	0.132257	-119.152000	0.462027
20245.295709	-123.449633	0.076349	-84.654187	0.481334	-127.228936	0.143077	-121.810758	0.165953
20287.298397	-132.776291	-0.193196	-80.857618	-0.287680	-129.172972	-0.188937	-125.365123	0.118177
20329.301085	-126.868405	-0.125522	-86.845880	-0.360629	-131.231750	-0.149941	-122.092886	-0.346341
20371.303773	-119.437155	-0.046296	-75.088937	0.226118	-120.317209	0.123724	-124.017743	-0.129143
20413.306461	-119.135214	0.168779	-88.944699	-0.021086	-124.484929	0.298991	-121.818090	0.172685
20455.309150	-129.149623	-0.330828	-80.191451	0.393721	-120.727314	-0.319709	-118.679568	0.177452
20497.311838	-120.978511	-0.420851	-87.754037	-0.243545	-124.751617	0.361862	-120.266470	-0.132306
20539.314526	-125.708974	0.210124	-91.745408	0.149098	-126.303087	-0.391585	-120.773153	0.069865
20581.317214	-120.421230	-0.074793	-74.421392	0.184988	-122.187599	0.178007	-127.970693	0.409212
20623.319902	-127.624667	-0.086878	-82.234149	-0.033904	-124.180906	-0.134334	-128.119446	-0.378053
20665.322591	-124.535226	0.175561	-91.852631	0.005677	-119.687790	0.327587	-126.791271	-0.357067
20707.325279	-136.187798	0.290220	-80.883440	0.469884	-131.011379	0.383450	-118.132032	0.317494
20749.327967	-125.558322	0.451664	-86.270058	-0.404029	-119.576501	0.130232	-118.986775	0.337264
20791.330655	-118.512208	-0.217392	-92.179672	0.082823	-126.718583	0.382317	-126.747768	-0.139159
20833.333343	-137.516121	0.045036	-78.692075	-0.304593	-121.604727	0.200796	-129.301079	0.371765
20875.336032	-126.198007	-0.474561	-77.435081	0.473215	-121.046632	-0.259744	-128.907192	-0.487675
20917.338720	-132.480269	-0.118109	-78.838282	-0.418185	-124.962924	-0.225868	-120.591118	-0.181603
20959.341408	-118.247101	-0.326420	-91.394590	0.383879	-125.865984	-0.136423	-131.331465	0.235926
21001.344096	-122.929808	0.055901	-78.729686	-0.086427	-135.159882	-0.172113	-117.550283	-0.151932
21043.346784	-124.165027	-0.372727	-84.503515	0.162356	-126.286412	-0.354552	-132.556203	-0.486630
21085.349472	-119.895875	0.480712	-83.240859	-0.381834	-142.167490	-0.474423	-118.754021	0.476665
21127.352161	-121.084590	-0.080883	-79.385472	0.016126	-124.550934	-0.239525	-124.823788	0.163535
21169.354849	-124.667118	-0.237790	-78.692282	-0.140506	-121.392094	-0.263685	-122.817608	0.455017
21211.357537	-123.542192	-0.405485	-78.047052	-0.324298	-133.946540	-0.184174	-122.344185	0.354940
21253.360225	-121.788370	0.147714	-82.962111	0.031895	-127.668829	-0.309649	-131.895070	0.214516
21295.362913	-127.116697	-0.065260	-86.019622	0.145562	-118.936256	-0.422024	-118.656691	-0.406386
21337.365602	-127.601360	0.090666	-85.857360	0.361800	-121.228359	-0.285882	-138.873817	-0.174799
21379.368290	-118.142566	-0.182358	-92.561355	-0.468491	-121.306328	0.298548	-118.314045	-0.322724
21421.370978	-126.866059	-0.085709	-86.172661	0.408156	-126.217372	0.468462	-123.513239	0.170576
21463.373666	-131.306097	-0.308193	-83.524340	-0.001761	-126.557440	0.214089	-123.924879	-0.112915
21505.376354	-120.337872	0.284191	-83.388644	-0.266305	-125.298782	-0.415077	-144.118234	-0.423834
21547.379043	-132.672367	-0.098879	-77.112166	0.268995	-118.889872	0.170451	-124.629757	-0.396804
21589.381731	-124.372266	0.139186	-77.976330	0.129109	-122.488522	0.322964	-121.904021	0.285449
21631.384419	-117.776375	-0.363673	-83.871260	-0.274918	-123.912224	-0.221697	-131.611509	0.406683
21673.387107	-129.568093	-0.027181	-79.026428	0.158971	-128.341308	0.287233	-124.569814	-0.417152
21715.389795	-127.820351	0.301958	-98.621012	-0.344987	-129.269886	-0.027226	-120.461606	-0.252792
21757.392484	-126.979410	-0.037719	-87.994899	0.420893	-132.702875	-0.394906	-122.320856	0.207141
21799.395172	-122.147789	0.118678	-82.329345	-0.072341	-119.475589	0.153581	-117.588110	0.315007
21841.397860	-131.881994	0.151219	-81.034869	-0.076499	-121.301591	0.043116	-122.445171	0.333524
21883.400548	-116.010870	-0.034576	-75.901845	-0.241926	-119.817230	-0.079473	-122.421386	-0.037092
21925.403236	-122.357652	-0.020897	-78.730032	-0.452643	-126.891874	-0.452339	-128.881792	-0.002039
21967.405924	-129.518907	-0.385829	-79.219840	-0.467727	-125.746136	0.283279	-122.565596	0.464559
22009.408613	-131.333064	0.358187	-84.725338	-0.092881	-120.786087	0.440707	-126.577975	-0.434806
22051.411301	-120.693358	0.096787	-80.471230	0.036178	-123.153206	-0.374423	-117.318378	0.142957
22093.413989	-124.839683	-0.254574	-78.842187	-0.200311	-120.378091	-0.091509	-128.084604	0.177937
22135.416677	-131.980156	0.491031	-82.516088	-0.442080	-134.318935	0.061615	-131.606403	-0.139039
22177.419365	-120.144794	-0.385492	-75.278789	0.423574	-121.733715	0.025831	-131.777886	-0.254890
22219.422054	-128.093694	0.487987	-83.381833	-0.457437	-119.830705	-0.483605	-125.142250	0.373012
22261.424742	-125.490087	-0.143354	-87.271691	-0.421571	-130.883658	-0.120316	-119.258011	0.317038
22303.427430	-124.503657	0.163641	-89.048840	0.362267	-122.683760	-0.368253	-134.977096	-0.417666
22345.430118	-117.568682	0.343166	-82.112079	-0.247806	-116.710314	0.387810	-121.677450	0.040621
22387.432806	-130.007452	0.245618	-84.057769	0.116518	-122.426704	-0.324137	-131.248649	-0.446910
22429.435495	-129.035166	-0.357191	-82.575627	-0.332874	-126.627538	0.206056	-123.326279	0.386741
22471.438183	-120.365763	-0.303540	-83.870620	-0.287887	-119.354369	0.484764	-121.300312	-0.372093
22513.440871	-122.173120	0.290096	-79.409547	0.155271	-124.984148	0.086132	-129.143576	0.225617
22555.443559	-123.613076	0.145747	-78.688147	0.386532	-125.129013	-0.281314	-119.239713	-0.373481
22597.446247	-124.791052	0.029814	-84.717826	-0.231376	-120.148952	0.109169	-123.636293	-0.379239
22639.448936	-131.018734	-0.315888	-81.407739	0.066399	-139.205977	0.297810	-119.056044	0.422105
22681.451624	-118.208157	-0.227192	-76.380122	0.105642	-118.319949	-0.312518	-121.543914	0.204301
22723.454312	-120.219761	0.068262	-79.566798	-0.460515	-126.360521	0.109262	-122.683029	0.117000
22765.457000	-120.786623	0.018966	-88.142078	0.320278	-127.548739	-0.124399	-122.622316	0.075797
22807.459688	-115.153720	0.330626	-88.040149	-0.305137	-119.564155	-0.476697	-126.081958	0.434379
22849.462377	-119.382030	-0.275898	-97.075408	-0.453214	-128.067946	-0.165796	-150.361705	-0.219305
22891.465065	-139.716394	-0.028928	-81.467263	0.289882	-120.705036	0.127909	-123.725327	-0.304563
22933.467753	-122.009042	0.263372	-82.259150	0.179110	-126.980143	0.367107	-125.539111	0.370478
22975.470441	-129.769044	0.133795	-84.129147	-0.237548	-118.512438	0.227470	-124.067982	0.112134
23017.473129	-123.566277	0.476447	-100.661780	0.007081	-122.674375	-0.193103	-126.156917	-0.174932
23059.475817	-124.763634	0.393329	-80.738252	0.380242	-123.242377	0.263066	-121.536630	0.314309
23101.478506	-117.291099	0.251320	-90.522258	0.005990	-125.300961	0.073595	-146.745542	-0.376093
23143.481194	-124.944253	-0.422973	-86.090445	0.086322	-130.907750	-0.489050	-124.123745	0.020485
23185.483882	-120.254025	0.131013	-80.988827	-0.361423	-132.011791	0.094038	-126.846949	0.406889
23227.486570	-120.017919	0.273079	-89.679853	-0.259169	-117.409404	0.078485	-134.219400	0.472085
23269.489258	-122.942086	0.377084	-93.309239	-0.125552	-124.673813	-0.421919	-125.950585	0.211807
23311.491947	-120.806147	0.281214	-87.372672	0.362827	-132.200791	-0.348281	-121.584823	0.376137
23353.494635	-119.220320	0.018664	-97.587781	-0.392150	-128.044546	0.312467	-123.351795	-0.163373
23395.497323	-125.112315	0.203280	-80.715282	-0.421910	-128.393620	-0.104490	-128.359108	0.478718
23437.500011	-116.679270	-0.158732	-81.655332	-0.353328	-120.177345	0.315212	-130.839219	-0.258094
23479.502699	-119.487654	-0.199164	-81.749343	-0.061284	-132.951932	0.387032	-122.452747	0.169169
23521.505388	-128.531045	-0.410055	-82.634854	-0.128868	-117.286509	-0.245808	-119.136588	-0.339589
23563.508076	-123.277203	-0.023812	-86.229612	-0.372607	-134.590321	-0.049588	-119.896829	-0.085628
23605.510764	-132.328714	0.100441	-89.341829	0.408725	-124.125008	0.341233	-123.923915	0.144994
23647.513452	-126.441696	0.481353	-80.521729	0.289147	-127.673697	-0.190208	-116.284031	0.245874
23689.516140	-130.666748	-0.314801	-81.556170	-0.457470	-122.569145	0.293096	-129.180142	-0.045304
23731.518829	-144.757958	-0.279657	-77.335352	0.482137	-124.354359	-0.016633	-117.942712	-0.472498
23773.521517	-120.854571	0.489565	-81.352085	-0.414213	-128.735381	0.424653	-135.708197	0.144578
23815.524205	-120.280990	0.406748	-91.302427	-0.298733	-128.230781	-0.279957	-123.696812	0.056721
23857.526893	-124.054279	0.422709	-82.135249	-0.138300	-124.561754	-0.293671	-132.211641	0.357725
23899.529581	-133.368312	-0.466939	-90.675645	-0.319842	-123.421325	0.402316	-134.088714	0.148237
23941.532270	-116.667601	0.442022	-79.138969	0.392161	-123.232984	0.491032	-148.479571	0.422792
23983.534958	-124.210600	0.014173	-87.348633	-0.001837	-116.864418	0.187159	-117.785987	0.277165
24025.537646	-122.650090	0.025670	-80.621748	0.065837	-122.540142	-0.300244	-125.048884	-0.093110
24067.540334	-119.130136	0.073240	-80.247154	0.364087	-131.824177	0.199923	-132.268720	0.057705
24109.543022	-132.000000	0.307541	-86.848326	0.123796	-127.798831	-0.194096	-128.961640	-0.335640
24151.545710	-131.226626	0.104987	-91.119492	0.142144	-124.143058	0.448164	-128.631751	0.361508
24193.548399	-125.393638	-0.317283	-78.914007	-0.295762	-123.972115	0.400846	-128.463095	-0.250248
24235.551087	-123.821924	0.212449	-82.502353	-0.419447	-123.329092	-0.258861	-131.970792	0.276935
24277.553775	-135.031179	-0.117687	-80.310036	-0.131025	-119.779970	-0.261692	-126.726451	0.143463
24319.556463	-131.337284	-0.191434	-83.667108	-0.207976	-136.562379	0.290793	-127.780518	0.149461
24361.559151	-132.220834	-0.112559	-85.290271	-0.401508	-118.768295	-0.464100	-126.554658	0.154811
24403.561840	-125.491669	-0.399529	-83.563223	-0.465444	-134.582557	0.411816	-124.586669	-0.490106
24445.564528	-119.940391	0.194130	-95.820667	0.275946	-120.515022	0.215053	-129.933388	-0.161482
24487.567216	-152.262382	0.201748	-86.316050	0.240697	-123.583343	-0.181490	-118.013875	0.192885
24529.569904	-119.687278	-0.141716	-83.866130	0.379857	-129.218209	0.410781	-125.421293	-0.494581
24571.572592	-112.595196	-0.493145	-87.094417	-0.078364	-127.686466	-0.035292	-123.496510	-0.282093
24613.575281	-123.666987	-0.477097	-82.799596	-0.084620	-121.105150	0.113384	-139.600812	0.188154
24655.577969	-128.089952	-0.253047	-82.015610	0.404777	-126.649074	0.200712	-125.688800	0.383444
24697.580657	-118.239556	0.283830	-88.598694	-0.011345	-129.313882	0.236253	-122.174081	0.251872
24739.583345	-126.933327	-0.371346	-90.876821	0.429821	-123.086523	-0.205279	-129.071717	-0.316861
24781.586033	-131.069537	0.294458	-88.147700	0.235922	-122.082188	0.053552	-121.375484	-0.486022
24823.588722	-126.589683	-0.122786	-94.544675	0.490380	-119.130087	-0.035671	-120.179314	0.002349
24865.591410	-119.772696	-0.349516	-83.975895	0.328383	-125.464266	-0.221313	-125.388315	-0.073709
24907.594098	-122.087757	-0.463153	-78.856298	0.346576	-134.873933	-0.259154	-124.049137	0.207121
24949.596786	-126.687454	0.486450	-85.205001	0.147408	-127.801157	-0.363404	-128.750661	-0.253334
24991.599474	-126.085505	-0.375210	-88.366622	0.214916	-122.044563	-0.418238	-121.629628	-0.463317
25033.602163	-129.016492	-0.415439	-85.177483	0.150933	-118.849258	-0.292921	-117.020074	-0.387439
25075.604851	-122.668951	-0.142797	-83.930508	-0.279352	-123.219864	-0.295603	-120.977740	-0.236999
25117.607539	-122.929243	-0.226593	-92.937805	0.181596	-119.720516	0.483228	-131.744132	-0.212587
25159.610227	-122.239514	-0.330923	-84.831135	-0.108951	-128.275296	0.085615	-132.943861	0.309736
25201.612915	-120.119017	-0.313530	-82.870201	-0.093195	-129.710653	0.462805	-120.084701	-0.321139
25243.615603	-123.230937	0.162865	-76.627937	0.085950	-127.463909	-0.155519	-122.000833	0.196271
25285.618292	-122.958444	-0.298175	-79.187108	-0.140930	-122.610580	-0.208819	-118.800291	0.467295
25327.620980	-127.388871	0.300708	-89.361649	-0.169173	-124.172621	0.131385	-122.691250	0.392456
25369.623668	-121.600202	-0.338502	-85.253158	-0.056220	-126.281980	-0.017463	-119.564248	0.073719
25411.626356	-120.083772	0.117871	-83.684417	-0.489629	-122.915893	0.346680	-160.763431	-0.427254
25453.629044	-122.543474	-0.285319	-84.644160	-0.468700	-128.624446	0.151507	-123.482701	-0.230847
25495.631733	-117.551007	0.030786	-86.541101	0.210260	-127.645717	0.035256	-129.241151	-0.234530
25537.634421	-125.554841	-0.294223	-81.702027	0.321515	-119.586583	-0.360958	-120.586637	0.406219
25579.637109	-130.852732	-0.353903	-78.259132	0.342741	-127.396919	-0.350274	-143.692547	-0.307917
25621.639797	-126.893137	-0.203855	-89.245762	-0.396258	-122.679434	-0.354873	-134.701195	0.388714
25663.642485	-129.012023	-0.421523	-79.758427	-0.125949	-136.923864	0.468703	-126.489776	0.452232
25705.645174	-125.230158	0.457146	-77.187513	0.479768	-120.123286	0.086680	-130.504086	-0.295795
25747.647862	-123.104809	-0.443858	-87.139314	0.267524	-123.613907	0.289370	-124.265285	-0.318612
25789.650550	-124.012143	0.165430	-99.578170	0.435552	-129.114115	0.414991	-125.084456	-0.228855
25831.653238	-120.409453	0.354700	-81.960513	-0.492800	-133.516476	0.385836	-135.708860	0.403149
25873.655926	-117.046504	-0.304867	-85.496113	0.082756	-133.601298	0.055878	-121.501369	0.013743
25915.658615	-132.282596	-0.395132	-84.493568	0.453457	-124.802884	-0.265423	-126.493179	-0.003960
25957.661303	-119.721232	-0.227174	-95.409572	0.299134	-122.195630	-0.041212	-126.829570	0.172884
25999.663991	-122.233997	0.252318	-88.189850	0.161718	-128.858801	0.251477	-118.727479	0.193748
26041.666679	-121.580269	0.210496	-85.998068	0.118384	-115.145032	-0.344760	-121.572256	0.015530
26083.669367	-122.936059	0.415050	-88.856376	-0.129612	-126.752221	0.077163	-130.626407	-0.245916
26125.672056	-116.716435	-0.112542	-87.516655	0.224698	-132.422905	-0.110896	-123.355388	-0.438029
26167.674744	-119.725035	0.194834	-83.335420	0.308291	-130.829368	-0.086576	-123.114554	0.456180
26209.677432	-125.530912	0.040728	-88.431930	0.329193	-119.950732	-0.075041	-127.524651	0.174545
26251.680120	-119.506706	0.055712	-79.340480	0.184218	-137.758727	0.269957	-118.668107	0.220618
26293.682808	-125.319361	0.401494	-82.315951	-0.083872	-130.526153	0.412629	-118.412002	0.423493
26335.685496	-118.439630	0.280635	-98.547138	-0.226033	-127.380187	-0.439106	-119.630243	-0.118032
26377.688185	-119.911279	0.351659	-90.711080	0.074370	-120.671745	0.359270	-132.490914	0.471730
26419.690873	-127.779544	-0.248615	-84.819908	-0.068474	-141.337345	-0.109213	-132.617936	0.233837
26461.693561	-127.340750	-0.087507	-84.384336	0.082858	-118.101422	0.380800	-131.491376	0.486768
26503.696249	-123.982520	-0.431787	-88.509614	0.470571	-124.392586	-0.002881	-123.570756	0.212723
26545.698937	-119.862468	-0.493582	-85.497150	-0.259346	-128.610248	-0.171577	-124.315974	-0.150858
26587.701626	-124.831102	0.104738	-84.577180	0.418496	-118.797554	0.224591	-119.272635	0.181866
26629.704314	-123.201060	0.231608	-87.883288	-0.140651	-126.532336	-0.397858	-124.742754	0.136912
26671.707002	-125.674560	-0.272274	-86.165908	0.181030	-121.796876	0.016969	-118.914304	-0.131014
26713.709690	-125.168012	0.392613	-89.185293	0.304975	-137.943931	0.317679	-126.934089	0.325338
26755.712378	-125.672092	-0.382381	-88.900353	0.029813	-118.562372	-0.366600	-125.091833	-0.397722
26797.715067	-117.220583	-0.206655	-91.622867	-0.410480	-120.052158	0.076503	-121.532485	-0.488048
26839.717755	-125.765660	-0.061648	-87.555924	-0.258268	-120.064716	-0.127451	-120.634723	0.237819
26881.720443	-135.170768	0.139551	-91.946553	0.086930	-120.577778	-0.093561	-122.928656	-0.179997
26923.723131	-125.275343	0.218142	-84.453225	0.141417	-120.071096	-0.230015	-132.223629	0.164362
26965.725819	-121.943470	0.022176	-88.309389	-0.392110	-122.468787	0.287659	-123.056085	-0.221404
27007.728508	-122.799966	0.296744	-83.976986	-0.079131	-120.990605	0.265776	-140.572345	0.362903
27049.731196	-128.469385	0.330273	-90.347808	-0.095252	-130.967935	-0.396520	-127.387007	0.171130
27091.733884	-120.513556	0.077149	-90.246198	0.312318	-125.944511	-0.455096	-125.660402	0.262305
27133.736572	-124.274249	0.490721	-84.960670	-0.192764	-119.901092	-0.314685	-119.831696	0.176903
27175.739260	-134.140885	-0.157897	-85.103441	0.072382	-122.868915	-0.223943	-116.864312	-0.059204
27217.741949	-124.683296	0.041625	-83.752972	-0.492389	-124.087798	-0.270471	-136.035647	0.008940
27259.744637	-117.569648	0.015154	-94.387457	-0.078390	-128.134647	-0.399706	-125.194413	0.133277
27301.747325	-132.582478	-0.276351	-82.272691	-0.491470	-126.036232	-0.380104	-118.826104	-0.266650
27343.750013	-134.879040	0.313077	-91.985217	-0.037204	-131.031016	-0.096052	-120.390161	-0.213002
27385.752701	-122.044777	-0.259198	-88.023295	-0.257171	-120.610872	0.206383	-119.617251	-0.347197
27427.755389	-143.631339	0.174438	-87.412512	0.404847	-125.955522	0.186323	-123.092198	-0.143248
27469.758078	-120.846804	0.092847	-81.551575	0.321219	-121.948364	-0.071253	-123.685921	-0.112965
27511.760766	-129.415572	0.224052	-80.825972	0.088376	-123.463501	0.044902	-126.785848	-0.366529
27553.763454	-136.485774	-0.449667	-78.422640	0.392266	-119.701023	0.176864	-131.398185	-0.238384
27595.766142	-126.046017	0.244831	-86.415065	0.025965	-121.375656	-0.175543	-126.583394	0.391305
27637.768830	-128.929035	-0.022178	-79.023017	-0.210098	-125.560699	-0.003167	-118.731799	0.439178
27679.771519	-130.229283	0.465548	-87.392789	-0.374747	-123.012187	0.466166	-124.158197	0.188671
27721.774207	-123.805627	0.383177	-103.277435	0.326321	-132.877103	-0.181902	-125.156484	0.141259
27763.776895	-130.714130	-0.351712	-87.878977	0.464928	-126.742538	-0.479649	-120.654542	-0.099412
27805.779583	-140.568657	0.154238	-82.712586	-0.392118	-126.015540	-0.387668	-127.725299	0.342165
27847.782271	-120.444576	-0.027839	-94.742306	0.191938	-133.126171	0.441234	-126.650889	-0.479566
27889.784960	-120.893603	0.069764	-85.057030	-0.099356	-131.137413	0.266651	-120.981168	0.249625
27931.787648	-120.531747	0.097927	-81.926419	0.335572	-129.925221	-0.083281	-121.340641	0.315134
27973.790336	-123.590377	0.446802	-84.152918	0.020257	-129.118477	0.065614	-125.616956	0.481092
28015.793024	-122.186250	0.032868	-88.517829	0.437635	-130.966653	-0.213619	-119.232570	0.428201
28057.795712	-118.840720	0.362894	-87.699166	-0.482153	-123.368736	0.319475	-118.579127	-0.467153
28099.798401	-128.331340	-0.157774	-82.785361	-0.267715	-124.566100	-0.064318	-123.138300	-0.308508
28141.801089	-116.226673	-0.022660	-83.193529	-0.483841	-127.965916	-0.473336	-119.580360	0.280395
28183.803777	-119.666645	-0.481442	-86.410583	0.086562	-127.753030	0.496301	-121.002721	0.040576
28225.806465	-120.944121	0.216661	-83.277470	0.267792	-119.249890	0.211480	-120.809224	0.379968
28267.809153	-122.417406	-0.376935	-83.030161	-0.457658	-123.064876	0.445398	-120.526085	-0.044403
28309.811842	-125.563791	-0.087033	-83.392609	-0.436836	-125.172990	0.328413	-126.315243	0.147063
28351.814530	-119.031480	0.104326	-85.961334	0.138633	-125.091648	-0.130748	-130.802306	-0.021728
28393.817218	-119.871870	-0.274731	-82.735652	0.239333	-126.706150	-0.350563	-120.641407	0.465308
28435.819906	-120.353006	0.278872	-98.463301	0.271006	-133.694543	-0.155765	-123.636621	-0.287886
28477.822594	-121.277129	-0.296254	-82.945623	0.070928	-123.357955	0.264462	-128.223231	-0.074136
28519.825282	-129.273041	-0.125908	-90.811278	0.195360	-126.710728	0.167789	-118.337478	0.032154
28561.827971	-128.035516	0.436979	-88.713697	0.136362	-119.348500	-0.227742	-123.533909	-0.489126
28603.830659	-124.124015	0.343461	-87.547381	-0.305855	-128.345824	-0.326212	-122.200478	0.049419
28645.833347	-120.104860	0.003767	-85.639220	-0.153177	-124.302926	0.127705	-129.903474	3.230051E-5
28687.836035	-123.640029	-0.340146	-82.231488	0.200880	-122.855915	0.480531	-129.470930	0.219722
28729.838723	-121.897284	0.005989	-90.838606	-0.418787	-131.711489	0.233805	-125.703642	0.092613
28771.841412	-119.281067	0.326813	-81.887853	0.098144	-115.314154	0.021852	-126.074602	0.034006
28813.844100	-129.934109	0.113230	-93.801238	-0.426016	-125.523845	0.199428	-129.228617	0.455718
28855.846788	-133.602508	-0.148133	-101.663443	-0.219600	-120.608100	0.343718	-122.726019	0.463470
28897.849476	-124.356294	0.325935	-87.866710	-0.088065	-123.904817	0.097004	-125.750546	0.259079
28939.852164	-126.479431	-0.390520	-85.214635	0.051567	-122.941517	0.289116	-126.452279	-0.154375
28981.854853	-129.601457	-0.414367	-89.720735	-0.197141	-124.022456	-0.382161	-121.891332	0.371113
29023.857541	-121.544069	0.197498	-88.133532	-0.312427	-122.232796	0.360241	-124.742181	0.224763
29065.860229	-124.855640	0.101501	-82.823126	-0.212362	-121.858186	0.413323	-125.395597	0.358404
29107.862917	-124.443645	-0.481772	-89.584692	0.422479	-122.196955	-0.190884	-119.650144	-0.223942
29149.865605	-124.431154	-0.478552	-86.073644	0.030641	-130.537145	-0.441766	-119.107065	-0.293043
29191.868294	-133.846521	-0.385400	-90.282607	-0.341580	-130.644414	0.462369	-130.553317	0.467321
29233.870982	-119.127199	-0.470552	-83.186511	-0.312452	-124.731241	-0.421593	-123.791125	-0.162947
29275.873670	-128.563570	0.138635	-91.309763	-0.427238	-135.482734	-0.039313	-127.781987	0.259561
29317.876358	-124.958718	0.260836	-94.600958	0.189801	-124.556312	0.129834	-121.333572	0.071390
29359.879046	-127.929259	0.388091	-84.405228	-0.069190	-129.175573	-0.184331	-124.441161	0.184042
29401.881735	-128.107242	0.334680	-82.124478	-0.468791	-128.737831	0.445220	-119.418046	0.092553
29443.884423	-120.288975	-0.488461	-82.408222	0.325939	-118.695839	-0.337727	-118.633028	-0.255382
29485.887111	-99.651913	-0.214348	-85.814962	-0.374002	-135.212379	-0.320555	-120.618067	-0.172209
29527.889799	-135.943522	0.326939	-83.701634	0.104653	-133.876277	0.205829	-120.866408	-0.149108
29569.892487	-125.828133	0.325039	-84.767475	-0.429013	-141.488500	0.353170	-122.956233	0.377322
29611.895175	-126.021374	-0.445801	-82.881077	-0.004370	-122.350380	-0.024161	-120.721327	0.425712
29653.897864	-120.609959	-0.470900	-96.412905	0.465683	-120.779942	-0.442962	-125.506699	-0.442368
29695.900552	-122.781750	-0.382354	-83.151978	-0.428615	-119.903481	0.439981	-123.390345	0.118873
29737.903240	-120.920566	-0.271869	-97.569792	0.111237	-118.105512	0.259191	-118.500711	0.115553
29779.905928	-122.538683	0.470353	-89.349349	-0.208919	-135.675149	-0.327468	-120.528120	0.467447
29821.908616	-128.052653	-0.451328	-87.094012	0.116152	-119.789893	-0.155415	-123.275496	-0.247734
29863.911305	-133.172875	0.205178	-93.604561	-0.287190	-116.796949	-0.198381	-122.615048	-0.406934
29905.913993	-121.059348	0.265440	-86.188194	0.287029	-122.536821	-0.114196	-128.803672	0.354800
29947.916681	-120.341328	-0.073527	-81.654528	-0.265880	-121.237227	0.382475	-127.547918	-0.449589
29989.919369	-117.920002	-0.085106	-80.027184	0.358398	-134.517719	0.253176	-150.297715	-0.214698
30031.922057	-119.171405	-0.218605	-84.367961	0.497079	-118.340519	-0.356933	-124.812010	-0.489239
30073.924746	-119.142344	-0.289907	-91.703590	-0.492198	-122.502163	-0.111581	-124.810734	-0.396012
30115.927434	-122.394051	-0.144222	-86.096320	-0.217746	-118.637928	-0.201430	-129.992130	-0.204608
30157.930122	-136.741359	0.075086	-89.542782	-0.116303	-116.124998	-0.119985	-128.604005	0.488947
30199.932810	-120.683490	0.489522	-87.196968	0.090154	-133.622616	-0.445087	-127.525818	-0.188578
30241.935498	-132.780853	-0.140695	-90.253140	0.343664	-129.671257	-0.096515	-122.970274	-0.180485
30283.938187	-124.573344	-0.090553	-92.822360	-0.080161	-120.175233	-0.493427	-123.441676	-0.230287
30325.940875	-128.291592	-0.160831	-92.494136	0.206809	-134.145981	-0.282169	-139.280722	-0.187954
30367.943563	-115.122218	0.035117	-93.208097	0.042135	-115.752862	-0.005397	-118.518556	-0.007566
30409.946251	-117.476525	0.152346	-101.502754	-0.119317	-131.305014	-0.295338	-131.034209	0.173297
30451.948939	-122.497162	0.094121	-86.339655	-0.472457	-134.968070	-0.007347	-114.786129	0.147107
30493.951628	-129.190755	-0.365318	-84.111581	-0.022897	-117.470258	0.319473	-130.162427	0.431064
30535.954316	-124.976934	0.328093	-89.172606	-0.407246	-124.461885	-0.452203	-116.529008	0.177431
30577.957004	-118.723379	0.271235	-90.473654	0.287866	-130.259561	-0.464330	-121.827733	-0.322343
30619.959692	-121.865289	-0.189225	-89.042086	0.112859	-118.091106	-0.399277	-125.381169	-0.137220
30661.962380	-125.821035	-0.112258	-90.525458	0.491771	-117.469848	-0.018481	-120.624015	-0.098908
30703.965068	-132.188558	-0.335987	-89.097512	-0.241560	-122.785058	0.383894	-126.873918	0.039668
30745.967757	-141.106972	0.270093	-99.237987	-0.366363	-125.036602	-0.372259	-126.678499	-0.411402
30787.970445	-128.398176	-0.379365	-84.238370	-0.261262	-132.016712	-0.210911	-122.379731	-0.095755
30829.973133	-153.243992	-0.340728	-93.177121	0.274228	-125.836876	0.130607	-124.655974	-0.093733
30871.975821	-129.150447	-0.353212	-86.589463	-0.475560	-119.618818	0.458922	-124.768440	0.038668
30913.978509	-124.731857	-0.386583	-87.331365	-0.477979	-119.967337	-0.195726	-120.512120	0.021869
30955.981198	-128.556344	0.114753	-82.142845	0.484914	-134.616011	-0.227302	-143.941934	0.009204
30997.983886	-140.637127	0.091617	-91.887016	-0.104501	-121.718716	0.147511	-119.239085	-0.189177
31039.986574	-114.197262	0.024177	-89.375054	-0.310579	-119.099976	0.182626	-127.741269	0.059698
31081.989262	-122.802407	0.105802	-91.248234	-0.295789	-118.624894	-0.208751	-124.356553	-0.152477
31123.991950	-128.197850	-0.205817	-81.535937	-0.119606	-131.398161	0.055293	-118.064305	0.117140
31165.994639	-146.075010	0.282527	-86.423831	0.228766	-131.041597	0.433124	-124.051430	-0.437538
31207.997327	-130.114355	0.408086	-84.975944	0.120696	-126.414390	0.250485	-118.975595	-0.352859
31250.000015	-121.550200	-0.312162	-86.728609	0.485638	-122.263774	0.361920	-122.741384	0.217190
31292.002703	-133.089231	-0.391924	-85.162777	0.338894	-116.162935	0.198815	-124.126556	-0.393010
31334.005391	-126.099797	-0.096404	-88.195586	-0.082026	-134.958716	-0.050281	-123.548624	-0.002887
31376.008080	-133.860471	0.151848	-86.189551	0.320782	-122.846090	0.007020	-125.347966	0.462634
31418.010768	-125.696387	-0.205196	-76.486144	0.173193	-127.422064	0.332683	-126.030448	-0.038459
31460.013456	-123.175106	-0.159687	-85.280329	0.060204	-127.429814	0.468369	-120.380968	-0.021573
31502.016144	-117.488509	-0.388282	-94.455594	0.035465	-123.222232	0.471051	-131.180038	-0.374689
31544.018832	-126.152195	0.201199	-83.971342	0.027147	-118.439952	0.275676	-121.468843	0.219400
31586.021521	-123.824274	-0.462155	-86.461051	-0.459113	-125.001355	-0.195387	-121.659186	-0.188740
31628.024209	-125.052258	0.037209	-80.680845	0.386390	-122.864635	0.242080	-125.085718	0.245589
31670.026897	-132.228176	-0.400635	-91.166034	-0.187575	-117.882892	-0.055394	-119.997119	-0.359585
31712.029585	-122.887449	-0.044805	-89.259566	0.222784	-133.400137	0.414923	-120.606877	0.140707
31754.032273	-117.390004	-0.238096	-85.566452	-0.361802	-123.952943	0.497744	-121.616520	0.024190
31796.034961	-123.062986	0.396455	-100.584750	0.352259	-121.063711	0.156468	-119.844425	-0.491946
31838.037650	-120.462695	0.292639	-92.125321	0.090191	-125.509819	-0.477764	-120.856014	0.021760
31880.040338	-134.860929	-0.014639	-92.695002	0.306343	-121.837485	-0.243714	-122.718599	-0.453706
31922.043026	-138.286270	0.311708	-84.141689	0.217981	-124.267541	-0.437923	-140.484339	0.191417
31964.045714	-120.047945	0.203063	-84.466707	-0.236859	-119.140336	0.308139	-122.410951	0.020798
32006.048402	-119.610156	0.416897	-80.760685	-0.379354	-118.350916	-0.281609	-126.020724	-0.410477
32048.051091	-127.307102	-0.283611	-83.716912	-0.192602	-125.426535	-0.359858	-122.596388	0.306181
32090.053779	-120.163604	-0.228746	-87.587663	-0.178385	-122.325548	0.423492	-130.432863	0.089083
32132.056467	-124.280114	0.298303	-87.095741	0.257679	-126.294965	0.238078	-118.994072	0.119068
32174.059155	-115.369132	-0.204824	-86.932888	-0.348795	-123.372403	0.215485	-123.605121	0.245634
32216.061843	-119.888866	-0.019098	-87.678011	-0.089578	-121.471861	-0.058429	-127.253098	-0.482594
32258.064532	-122.033264	0.093534	-84.918059	0.173715	-123.869163	-0.267557	-132.212277	0.278828
32300.067220	-125.603583	0.258819	-91.538024	-0.270978	-131.550807	-0.301077	-124.014889	-0.205737
32342.069908	-131.385658	-0.127913	-87.832404	0.333157	-131.118292	0.124424	-130.581991	0.435284
32384.072596	-127.027751	0.308260	-83.757141	0.016884	-125.107831	-0.415879	-120.785213	-0.293271
32426.075284	-120.707016	0.057815	-88.560825	-0.379808	-142.097811	-0.062835	-119.413883	0.062118
32468.077973	-128.872071	-0.286544	-96.435620	0.058936	-130.083429	-0.436535	-131.561516	-0.321359
32510.080661	-130.334787	0.080880	-88.473298	-0.002446	-146.405655	0.170956	-121.140185	0.201070
32552.083349	-117.746271	-0.325526	-93.326463	-0.273688	-125.505460	-0.453085	-120.591730	0.304830
32594.086037	-125.570157	0.308790	-90.737308	0.129199	-123.061539	0.231196	-115.779995	-0.465562
32636.088725	-126.747069	-0.180246	-84.076541	0.043974	-130.573574	-0.168018	-130.540009	-0.231537
32678.091413	-127.004738	0.253148	-85.409816	-0.470145	-125.543538	-0.018342	-122.606486	0.356119
32720.094102	-129.648503	-0.152522	-93.688703	0.235975	-117.009545	-0.141510	-128.892377	0.014651
32762.096790	-121.128171	-0.398459	-86.360012	-0.129867	-129.369485	0.273484	-125.339696	0.302050
32804.099478	-127.913063	0.062713	-89.578885	0.311281	-130.825012	-0.350126	-124.083635	-0.025024
32846.102166	-144.002598	0.294624	-88.672524	-0.160845	-127.360146	-0.150476	-119.572182	0.080074
32888.104854	-121.488606	0.239472	-84.476730	0.215767	-119.403631	-0.435806	-123.319656	-0.189955
32930.107543	-129.444980	-0.114983	-84.944270	0.028048	-126.074597	0.424712	-123.027765	0.465186
32972.110231	-128.883000	-0.162727	-87.248917	0.066298	-122.524482	0.050218	-121.098812	-0.121290
33014.112919	-133.772546	-0.027605	-86.759569	0.074632	-125.228753	-0.270143	-117.184375	-0.442135
33056.115607	-125.793885	0.208672	-88.119846	-0.175960	-121.028629	0.192248	-134.190263	-0.345533
33098.118295	-124.797043	0.123186	-88.918412	0.391445	-123.398222	0.488687	-120.064755	0.330482
33140.120984	-127.641182	0.116550	-92.267217	0.293212	-131.470649	0.363158	-129.156827	0.233739
33182.123672	-119.825625	0.180631	-81.056880	0.417510	-125.856839	0.096421	-125.518537	0.164315
33224.126360	-123.246386	0.110895	-86.741904	-0.375566	-117.433202	0.359427	-127.137711	-0.195167
33266.129048	-123.454542	0.381686	-91.642020	-0.091134	-129.160446	0.094141	-125.239093	-0.035280
33308.131736	-122.828805	0.134901	-87.330030	0.423504	-118.823492	-0.049025	-126.317363	0.187823
33350.134425	-124.740366	0.262472	-87.816447	-0.183946	-125.485392	0.002401	-124.082069	0.451284
33392.137113	-121.506228	-0.228859	-89.807159	0.128222	-113.953006	-0.473795	-131.712472	-0.302685
33434.139801	-122.293700	0.194223	-86.287418	-0.237839	-117.892906	0.075280	-119.207166	-0.105363
33476.142489	-124.270138	0.461302	-89.766048	-0.106082	-126.959852	0.108735	-124.503958	-0.487053
33518.145177	-123.427986	0.374321	-93.777760	-0.053801	-120.490660	-0.154625	-117.344234	-0.000266
33560.147866	-125.866857	-0.270599	-87.632454	-0.228577	-124.599126	-0.221409	-127.048923	-0.130218
33602.150554	-124.521876	-0.339946	-84.598461	-0.025188	-121.268407	-0.055830	-124.931106	-0.009561
33644.153242	-120.690050	0.039746	-84.987727	-0.032617	-120.339752	-0.385231	-124.611377	-0.362722
33686.155930	-134.502491	-0.052991	-87.668761	0.251543	-115.268331	-0.266321	-125.831023	0.428437
33728.158618	-140.612697	0.003721	-84.325096	-0.027704	-121.331862	0.390600	-135.487719	-0.215618
33770.161306	-125.322427	-0.416098	-88.614225	-0.127850	-125.056938	-0.233367	-121.406327	-0.298269
33812.163995	-135.605054	0.436630	-87.837942	-0.152839	-117.653420	-0.314527	-126.698102	0.320703
33854.166683	-123.218303	0.294764	-91.263234	0.192663	-118.673436	0.390059	-117.025975	0.050745
33896.169371	-118.950996	0.486824	-84.907660	-0.294720	-124.168771	0.204529	-123.551168	0.465583
33938.172059	-117.477680	0.171751	-89.303506	-0.204200	-121.794253	0.293688	-125.033014	-0.425555
33980.174747	-117.774718	0.068833	-98.053946	0.177745	-119.371540	-0.138570	-126.734487	0.086347
34022.177436	-121.873963	-0.230636	-88.340475	0.062467	-119.622966	0.283039	-125.133130	0.477556
34064.180124	-119.615776	0.371975	-88.614588	0.172920	-131.040713	-0.047171	-134.096904	-0.233181
34106.182812	-126.490658	0.323769	-92.353759	0.382347	-117.621612	-0.217839	-135.214488	0.290712
34148.185500	-121.890692	-0.312216	-89.267826	0.399045	-124.128556	0.067843	-129.097376	0.112350
34190.188188	-130.568049	-0.325908	-101.023353	0.195225	-127.508428	-0.314383	-134.457420	0.313980
34232.190877	-122.015354	0.312952	-83.761692	-0.169092	-123.218980	-0.368248	-124.271632	-0.126238
34274.193565	-125.915374	-0.145074	-90.628164	-0.291808	-124.346058	-0.080689	-130.364098	-0.430777
34316.196253	-123.936430	-0.007585	-88.810031	0.440950	-126.506238	-0.292918	-118.125390	-0.344210
34358.198941	-133.651633	-0.485192	-89.132738	0.467476	-125.560601	-0.198938	-121.209311	-0.003120
34400.201629	-103.958915	-0.405428	-87.725315	0.485526	-118.985618	0.007822	-123.137976	-0.264657
34442.204318	-120.028780	0.048165	-88.224446	-0.164417	-118.097702	-0.005325	-131.385081	-0.339307
34484.207006	-117.007190	0.116976	-97.195153	-0.420459	-123.090164	-0.012069	-117.537297	0.003047
34526.209694	-126.640927	-0.470342	-86.587153	0.416002	-125.404759	0.489473	-120.777800	0.499700
34568.212382	-129.884764	-0.492530	-97.937134	-0.319747	-124.776356	-0.345764	-131.291940	-0.305475
34610.215070	-125.716039	-0.137388	-86.788587	-0.262319	-120.344237	-0.174611	-125.086671	0.019149
34652.217759	-133.894766	0.483431	-90.248409	-0.204623	-121.723435	-0.354470	-120.017174	0.311323
34694.220447	-116.626857	-0.102265	-94.777950	-0.048818	-126.611451	0.493983	-123.420146	0.096712
34736.223135	-123.235846	-0.326520	-88.556969	0.276657	-125.749431	0.171356	-118.726681	0.437341
34778.225823	-130.913001	0.236088	-82.154077	0.447094	-121.070971	-0.469062	-124.667204	-0.057884
34820.228511	-123.301610	-0.016365	-86.454761	0.257340	-119.874985	0.368475	-120.340023	0.046649
34862.231199	-128.791209	-0.134021	-94.543261	0.158483	-123.304456	-0.185064	-123.491218	0.028002
34904.233888	-123.242059	0.444704	-82.998845	-0.194217	-128.979730	0.133733	-126.652292	-0.082714
34946.236576	-118.044966	0.442290	-94.379478	0.481314	-118.325879	-0.459141	-119.369635	0.086523
34988.239264	-121.608105	-0.001913	-85.377181	-0.433529	-124.682700	-0.306152	-118.443101	-0.084596
35030.241952	-128.970466	0.248922	-82.153224	-0.326522	-130.430166	-0.319603	-119.526912	-0.052057
35072.244640	-122.135389	0.296368	-90.701929	-0.352271	-122.310445	0.325444	-127.269500	-0.163410
35114.247329	-125.967614	-0.472072	-92.162847	0.448692	-124.922731	-0.396015	-126.912250	-0.325314
35156.250017	-120.602857	-0.444370	-90.035884	-0.358913	-125.941091	0.227990	-128.661738	0.230308
35198.252705	-133.017782	0.203123	-97.874608	0.308127	-126.047065	-0.160724	-123.066665	-0.239011
35240.255393	-117.620400	0.182698	-90.987331	-0.499620	-130.098569	0.295280	-124.305668	-0.115201
35282.258081	-124.849774	0.066094	-92.991334	-0.163500	-120.133157	-0.287290	-117.143874	0.387507
35324.260770	-118.288941	-0.415702	-84.679989	0.427136	-119.044393	-0.212973	-124.572388	-0.113640
35366.263458	-121.483504	-0.064877	-100.653239	0.398423	-129.497156	0.030161	-129.123240	0.014939
35408.266146	-137.360173	-0.146305	-92.919954	-0.210036	-127.690611	-0.389531	-121.099157	0.484960
35450.268834	-122.499480	0.083337	-93.004765	-0.072748	-126.470884	0.246403	-124.367027	-0.361625
35492.271522	-124.169755	0.025350	-89.805273	0.386888	-122.009536	0.100450	-132.475513	0.250860
35534.274211	-122.351629	-0.202790	-91.130411	-0.132615	-134.645608	-0.072014	-126.501793	-0.103620
35576.276899	-121.344691	-0.302100	-87.339656	0.033449	-120.094963	0.466693	-128.848812	0.049635
35618.279587	-120.992991	0.467322	-91.368486	0.227580	-115.301951	-0.389388	-134.005880	0.122675
35660.282275	-114.264965	-0.434119	-100.915501	0.171268	-117.072124	-0.410839	-126.023363	0.314053
35702.284963	-133.117265	0.282508	-85.167412	-0.347550	-118.684242	0.397346	-121.834763	-0.456332
35744.287652	-123.152292	-0.264313	-96.752078	-0.052671	-122.356287	0.232075	-135.404516	0.001349
35786.290340	-117.723676	-0.207403	-95.324585	0.368622	-118.257524	-0.484103	-128.375701	-0.290851
35828.293028	-129.726121	-0.291174	-91.758279	-0.312698	-119.693747	-0.232186	-119.822251	-0.296255
35870.295716	-131.064352	-0.482894	-95.956185	0.104254	-123.030719	-0.004479	-120.737446	-0.302646
35912.298404	-129.768960	-0.497867	-89.792381	0.311520	-131.201265	0.309982	-119.786317	0.233886
35954.301092	-119.299197	-0.327865	-108.018622	-0.108527	-138.935816	0.251364	-120.969023	-0.272851
35996.303781	-122.723272	0.098114	-108.798899	0.174281	-122.196598	-0.203885	-131.198273	0.155330
36038.306469	-137.344397	0.432388	-94.814111	-0.235072	-120.569939	0.431961	-115.147694	0.468879
36080.309157	-126.091087	-0.308576	-97.112358	0.119187	-123.210310	0.326497	-123.720164	-0.107344
36122.311845	-125.428991	0.020234	-94.439561	-0.322128	-127.355928	-0.085697	-127.331896	0.082364
36164.314533	-126.973274	-0.134487	-88.561189	-0.267040	-122.925327	0.126322	-116.676413	0.170826
36206.317222	-122.045203	0.451557	-96.941467	-0.008598	-121.023753	-0.225230	-119.888236	0.494607
36248.319910	-125.038497	0.459438	-86.578533	-0.338434	-131.758713	-0.474639	-123.642467	-0.139098
36290.322598	-121.568056	0.347521	-85.642055	0.083211	-128.639110	-0.478970	-124.626849	-0.430979
36332.325286	-124.559061	0.461827	-84.005082	0.054683	-117.792932	-0.494662	-119.990704	0.349803
36374.327974	-124.016947	-0.116162	-91.625480	-0.128803	-119.263786	-0.450900	-123.994750	0.054078
36416.330663	-132.137308	-0.262305	-98.938148	-0.301341	-129.049366	-0.068920	-120.909765	-0.219179
36458.333351	-119.815529	-0.241440	-93.138590	0.211448	-120.872442	0.083540	-135.781339	0.244637
36500.336039	-117.804065	0.356464	-102.700658	-0.276531	-136.431035	-0.463281	-124.772492	0.261273
36542.338727	-126.205790	-0.000506	-91.043224	-0.082828	-127.093675	-0.244087	-132.914932	-0.461381
36584.341415	-129.243070	0.314948	-88.859778	-0.408994	-131.616188	-0.399486	-119.989540	0.245386
36626.344104	-116.127846	-0.356643	-83.304046	-0.257383	-121.615300	-0.033250	-123.184072	0.101453
36668.346792	-123.066191	0.281120	-82.614521	0.425098	-121.497369	0.095259	-119.625822	0.038069
36710.349480	-120.927897	-0.440295	-88.994017	0.457531	-127.417416	0.325489	-124.820755	0.307047
36752.352168	-128.446339	-0.304918	-96.232765	0.323657	-122.269991	0.065531	-121.136680	-0.329797
36794.354856	-121.227375	0.242197	-85.118814	-0.421027	-126.971036	0.086478	-123.662103	0.342777
36836.357545	-124.563251	0.001144	-86.517339	-0.252815	-121.720261	0.099929	-126.243834	-0.318365
36878.360233	-123.747006	0.085190	-90.002960	0.486765	-122.297948	-0.386882	-131.583761	0.345199
36920.362921	-132.288415	-0.277856	-86.307460	-0.448055	-122.059044	-0.417551	-125.616911	0.278038
36962.365609	-120.936013	0.240419	-92.174509	0.473613	-119.820736	0.368822	-123.379402	-0.141615
37004.368297	-122.699745	0.008352	-88.477296	0.154051	-124.961245	0.112527	-122.352637	0.339592
37046.370985	-120.872926	-0.158174	-90.341209	0.455756	-123.121614	-0.111983	-122.961593	-0.489321
37088.373674	-131.184706	0.050050	-90.384386	-0.313815	-122.726256	-0.146716	-122.887897	0.274586
37130.376362	-117.550277	-0.382238	-87.656547	0.161707	-120.700713	0.277594	-130.868083	0.224972
37172.379050	-128.698060	0.116847	-92.093876	0.058251	-124.779397	0.421826	-124.290677	0.218097
37214.381738	-125.461347	0.154328	-92.078546	-0.348336	-129.608220	0.111944	-137.960389	-0.471753
37256.384426	-127.280462	0.301792	-86.765551	-0.181599	-124.661515	0.169607	-129.607348	-0.274217
37298.387115	-126.957477	-0.078642	-91.701796	0.184844	-120.066382	-0.118082	-121.389228	-0.234783
37340.389803	-120.022074	-0.176258	-106.423641	0.136644	-116.109167	-0.033216	-119.952218	-0.244209
37382.392491	-120.611783	0.324346	-85.654028	-0.342960	-120.150385	-0.380254	-123.731329	0.189438
37424.395179	-121.848346	0.036390	-89.811953	0.238696	-136.068181	0.431069	-121.582202	0.027594
37466.397867	-118.910424	0.406108	-83.404910	-0.460012	-136.085266	0.112683	-128.949143	0.404414
37508.400556	-125.079839	-0.284179	-91.444822	0.118551	-121.212498	-0.184196	-126.159096	0.147047
37550.403244	-124.028510	0.061220	-87.200278	0.215396	-123.798356	-0.424199	-151.855280	-0.410372
37592.405932	-128.133201	-0.414314	-88.812951	0.280475	-121.017221	0.455870	-121.341616	0.301472
37634.408620	-124.142281	0.017791	-86.383795	-0.418580	-130.417630	-0.415900	-115.293724	-0.060176
37676.411308	-125.513490	-0.486517	-89.879499	0.333123	-127.735047	0.434802	-122.186423	-0.384436
37718.413997	-122.631636	0.259216	-85.450259	0.343371	-129.315498	-0.129753	-136.632003	0.253822
37760.416685	-117.762801	-0.236567	-98.837740	0.442692	-122.727253	0.255157	-122.363652	-0.486348
37802.419373	-117.166042	0.064009	-89.729006	0.474439	-125.195236	0.058383	-121.046567	-0.326323
37844.422061	-131.631003	0.337181	-91.201055	0.116244	-116.720633	-0.434392	-126.431960	-0.086333
37886.424749	-120.443912	-0.447854	-95.362654	-0.471727	-120.477013	0.431525	-122.725409	0.005434
37928.427438	-121.579954	0.214089	-90.382388	0.085339	-121.596395	-0.332118	-129.443558	0.147534
37970.430126	-123.851569	-0.461177	-89.816397	-0.390037	-134.002817	0.452955	-122.450661	-0.048742
38012.432814	-117.819193	0.161475	-92.306400	0.297207	-121.007159	0.100675	-130.544602	-0.445915
38054.435502	-125.279509	0.258469	-89.938896	-0.091842	-122.659715	0.257027	-124.733519	0.483316
38096.438190	-115.046860	-0.254628	-93.765425	-0.441796	-122.051062	0.000833	-118.048741	0.264818
38138.440878	-127.022374	-0.336727	-100.138857	0.105148	-123.421086	-0.121750	-121.139205	-0.446681
38180.443567	-120.096222	-0.120876	-92.196731	-0.009836	-119.185538	0.463447	-130.936453	0.100914
38222.446255	-124.138508	-0.424424	-95.509441	0.050909	-125.102280	0.196712	-141.556913	-0.332339
38264.448943	-124.800359	-0.011722	-85.376263	-0.106794	-125.539485	0.397059	-122.210369	-0.235758
38306.451631	-119.588235	0.367755	-90.041213	0.107971	-120.875280	-0.084775	-123.640805	0.036067
38348.454319	-128.826750	0.137459	-91.736033	-0.096972	-124.983839	-0.478100	-129.126365	0.225565
38390.457008	-122.060395	-0.319597	-94.201159	0.126936	-128.999666	-0.381550	-126.838933	0.420722
38432.459696	-135.100221	0.433504	-113.698169	-0.453368	-133.758146	0.418157	-126.859470	-0.468027
38474.462384	-122.136439	0.157389	-92.989158	-0.095483	-133.565243	-0.281716	-126.201905	-0.245971
38516.465072	-123.715361	0.343075	-88.729712	-0.161030	-117.780245	0.335433	-119.518682	-0.166104
38558.467760	-128.447091	-0.303317	-89.830916	-0.359352	-121.820290	0.334648	-118.555253	0.294048
38600.470449	-118.867311	0.389987	-91.334309	0.144150	-120.739857	0.417919	-117.833079	-0.075098
38642.473137	-133.025633	-0.367070	-96.076426	0.346519	-121.211111	-0.367871	-127.277716	-0.423266
38684.475825	-121.851186	-0.246833	-98.568539	0.012295	-125.211782	0.194357	-126.836713	-0.023205
38726.478513	-125.048776	0.104864	-91.351093	-0.487931	-122.575227	-0.375977	-120.770411	0.351967
38768.481201	-120.569135	-0.336518	-95.320386	-0.472759	-121.150942	0.360329	-123.608961	0.124152
38810.483890	-133.350232	-0.470292	-88.474442	-0.106524	-120.301241	0.429487	-117.387918	-0.025571
38852.486578	-122.712645	0.151910	-87.529590	0.343355	-123.174652	0.142139	-120.188103	-0.488689
38894.489266	-118.139707	0.353225	-103.714301	-0.170240	-120.278684	0.425105	-130.367393	-0.311085
38936.491954	-125.494600	-0.044665	-100.645631	-0.323641	-138.346559	-0.003259	-130.841190	-0.328823
38978.494642	-127.496321	0.133133	-91.176317	-0.413602	-124.887622	-0.011697	-127.019542	-0.486526
39020.497331	-121.474422	-0.126945	-92.108456	0.097763	-119.926819	0.026927	-124.582404	0.301966
39062.500019	-126.004740	-0.103345	-89.485839	-0.309993	-120.864116	-0.132631	-124.160451	0.015539
39104.502707	-125.715261	0.065863	-97.532770	0.083148	-123.383699	0.288904	-123.814117	-0.133431
39146.505395	-124.199671	0.249673	-97.480094	-0.330055	-127.103022	-0.435801	-127.014750	0.471391
39188.508083	-146.087192	-0.023334	-86.406601	0.132764	-119.018286	0.043406	-127.417452	-0.094412
39230.510771	-127.803670	-0.450272	-91.733854	-0.095300	-129.403187	0.072335	-122.585443	-0.436982
39272.513460	-128.141629	-0.300321	-97.137095	0.166756	-127.046690	0.124482	-125.925042	0.287730
39314.516148	-106.254910	-0.159000	-96.634620	0.169827	-121.217661	-0.489726	-128.425256	0.401855
39356.518836	-123.246461	-0.061590	-95.324728	0.277806	-124.885014	0.408086	-127.009009	-0.238378
39398.521524	-129.597294	-0.306054	-93.566465	0.093313	-124.361467	0.079386	-123.079504	0.243480
39440.524212	-121.523312	0.030635	-97.943440	-0.171166	-127.696540	-0.069395	-119.850592	0.040536
39482.526901	-121.398523	0.234633	-99.796973	-0.013353	-122.736467	-0.434657	-125.933969	0.182275
39524.529589	-123.846369	-0.000456	-90.665629	-0.067686	-130.791772	-0.307564	-128.821105	-0.364030
39566.532277	-128.342073	0.117622	-88.388022	0.115277	-119.860078	0.482467	-118.812374	-0.385998
39608.534965	-117.836059	-0.158747	-86.938402	0.120506	-123.198831	0.020689	-124.810394	0.430888
39650.537653	-118.969163	-0.169111	-89.512612	0.474993	-115.466959	-0.103360	-136.295784	0.323776
39692.540342	-125.596861	-0.383790	-93.503226	0.257792	-119.513584	0.066151	-119.847509	-0.448387
39734.543030	-130.297714	0.340887	-100.748220	0.131178	-131.436658	0.135513	-124.421835	0.325179
39776.545718	-122.310223	0.211055	-83.488824	0.468300	-121.072423	-0.302313	-131.555726	-0.423414
39818.548406	-130.371395	-0.114675	-97.177710	0.349687	-124.846643	0.241241	-119.716979	-0.284468
39860.551094	-123.952004	0.196530	-97.210918	0.063222	-130.102080	-0.281052	-125.139285	-0.314926
39902.553783	-114.449254	0.084235	-87.808609	-0.098744	-125.988735	0.227847	-136.360824	-0.351404
39944.556471	-123.180869	0.271992	-91.647634	0.236197	-131.461680	0.081394	-121.656167	0.081233
39986.559159	-120.604224	-0.208337	-91.072128	-0.262319	-123.179929	-0.093151	-117.752394	-0.049535
