% f476.txt
% Date Thu, Jul 15, 2021 4:46 PM
% Sine seq
% Response spectrum
% Stim level (V pk) 0.100, 0 dB filter gain, 120.0 dB attenuation
% Stim RMS (V) 0.000
% Freq [Hz]	Ch0 Mag [dB]	Ch0 Phase [cyc]	Ch1 Mag [dB]	Ch1 Phase [cyc]	Ch2 Mag [dB]	Ch2 Phase [cyc]	Ch3 Mag [dB]	Ch3 Phase [cyc]
%%end
42.002688	-110.523632	0.117518	-61.366839	0.315471	-99.027046	0.202619	-107.576201	0.065176
84.005376	-127.706090	-0.255508	-48.521795	-0.431270	-97.428377	0.347089	-120.281409	0.389077
126.008065	-120.019209	-0.119183	-76.950140	0.111513	-122.273684	0.157381	-123.091688	-0.329732
168.010753	-115.831505	-0.241620	-55.923428	0.159023	-105.360692	0.251232	-125.337881	0.125493
210.013441	-113.663700	0.493620	-66.983190	-0.098466	-104.602373	-0.136147	-129.899642	-0.057903
252.016129	-117.361784	-0.063322	-48.948729	0.354009	-103.044641	0.300465	-115.927240	-0.127226
294.018817	-129.330826	-0.360416	-48.473899	0.207260	-122.347590	0.471497	-121.103035	0.215137
336.021506	-121.199035	0.048144	-47.048570	-0.102746	-113.604118	-0.184845	-119.718643	-0.260760
378.024194	-119.031204	0.186704	-50.450600	-0.457141	-117.029812	0.416229	-118.400995	0.171570
420.026882	-113.370658	0.414065	-60.948379	0.333345	-102.841473	0.485195	-124.931635	-0.138890
462.029570	-117.904153	-0.235841	-66.505466	-0.203010	-112.403666	-0.412576	-123.086089	0.223757
504.032258	-129.112001	-0.484386	-50.625459	0.120639	-128.162469	0.011187	-125.519846	-0.084294
546.034946	-120.218241	-0.232590	-58.338618	0.357554	-113.548228	-0.312605	-126.979641	-0.432191
588.037635	-120.307323	-0.377518	-56.029493	-0.424208	-115.425106	-0.260612	-126.578219	-0.304777
630.040323	-126.272966	0.367420	-57.115208	0.044309	-111.714576	-0.472239	-121.751435	0.337937
672.043011	-119.992722	-0.279125	-58.671730	-0.030926	-117.500082	0.134015	-123.004418	-0.112982
714.045699	-128.869698	-0.249061	-58.799485	0.119427	-118.271459	-0.316878	-122.705859	0.488022
756.048387	-126.698409	-0.112597	-56.442485	-0.156171	-112.921064	0.245507	-132.253075	-0.382031
798.051076	-124.985563	0.170236	-59.001620	0.262434	-110.514196	0.055833	-121.519659	0.111473
840.053764	-116.874135	0.472795	-54.135532	-0.260975	-123.737982	0.174447	-130.249483	-0.283660
882.056452	-121.135300	-0.437205	-61.023090	-0.182987	-113.964025	-0.138344	-126.608606	0.279288
924.059140	-133.247068	-0.337243	-64.174224	-0.178262	-124.124415	-0.295972	-124.845086	-0.386677
966.061828	-122.545285	0.493599	-61.505029	0.413979	-118.703767	-0.430537	-127.478023	-0.194103
1008.064517	-125.052044	0.369118	-66.459626	0.335411	-112.452975	0.056564	-135.595526	0.480773
1050.067205	-130.035412	-0.044922	-58.431013	0.083896	-109.867381	-0.183836	-127.330564	-0.414598
1092.069893	-117.219033	0.087616	-61.298239	0.232347	-112.968375	-0.020829	-129.817043	0.116363
1134.072581	-123.864762	0.493732	-58.194073	-0.487646	-116.104906	0.105476	-118.006614	0.233653
1176.075269	-116.259454	-0.311105	-76.134363	0.309817	-112.838085	0.106107	-120.195022	-0.018019
1218.077958	-123.363720	0.195156	-69.596608	-0.039753	-112.673502	-0.062615	-122.132338	-0.034331
1260.080646	-117.743085	0.115283	-65.282724	-0.437394	-113.010515	0.436060	-127.062073	0.218775
1302.083334	-120.315810	-0.300275	-63.559903	-0.412667	-121.695197	-0.380398	-117.873062	0.219096
1344.086022	-118.914647	0.302027	-62.861405	0.295718	-118.620811	0.356233	-120.302276	0.114279
1386.088710	-129.588259	-0.488982	-56.941861	-0.128605	-111.437295	0.398881	-122.200588	-0.013628
1428.091399	-132.676936	-0.384559	-77.644049	-0.173922	-129.444556	0.288124	-124.827669	0.499226
1470.094087	-122.032243	0.063059	-67.804270	-0.277999	-124.667311	-0.479661	-127.490895	-0.085635
1512.096775	-119.430976	-0.105604	-67.339823	0.034691	-127.472593	0.286786	-126.013432	-0.429561
1554.099463	-122.311108	0.481051	-65.440193	0.037979	-115.094027	-0.478425	-127.507671	0.368977
1596.102151	-115.108631	-0.364188	-74.993529	0.379372	-117.894256	0.246907	-131.102022	-0.311387
1638.104839	-122.021447	0.328300	-65.283354	-0.101482	-130.124158	0.161295	-126.344449	0.346725
1680.107528	-135.083340	-0.375317	-60.243301	-0.061309	-120.833654	0.359721	-116.513354	0.416049
1722.110216	-137.496992	-0.014788	-75.546886	0.437032	-133.783366	-0.483873	-126.033967	0.410961
1764.112904	-119.619356	0.274638	-59.556118	-0.310563	-128.481045	-0.249536	-123.517676	0.123609
1806.115592	-122.863070	0.324251	-69.260896	0.020687	-117.456486	0.219407	-118.160675	0.092317
1848.118280	-140.040374	-0.164129	-68.239008	-0.474922	-116.397982	0.011253	-128.315244	-0.349138
1890.120969	-122.291724	0.037369	-68.251849	-0.316958	-135.060409	-0.330287	-128.430719	-0.319904
1932.123657	-131.986799	-0.025534	-69.608816	-0.381197	-117.942089	-0.264944	-127.056068	0.400783
1974.126345	-124.718057	-0.106110	-67.538915	0.040130	-118.728091	-0.485731	-130.012250	-0.031553
2016.129033	-115.761207	-0.010473	-67.904751	-0.318868	-119.789975	-0.384254	-127.014988	-0.367468
2058.131721	-120.378501	-0.347214	-65.383079	0.458910	-120.130799	-0.459678	-118.306053	0.365673
2100.134410	-122.887244	-0.166911	-65.736351	0.461470	-124.105448	0.132579	-124.715259	0.055974
2142.137098	-121.805535	-0.235553	-67.152109	0.232430	-146.990627	0.362166	-136.396709	0.308852
2184.139786	-120.805633	-0.154524	-66.416582	0.227361	-124.006086	0.478680	-122.470672	-0.354793
2226.142474	-129.879543	-0.472604	-68.803230	0.332306	-117.816336	0.336182	-132.769035	-0.200941
2268.145162	-118.166377	0.234054	-59.066150	0.047511	-124.913320	0.319416	-121.084078	-0.079280
2310.147851	-124.752934	0.392606	-67.304045	-0.278382	-126.875602	0.491353	-125.371642	0.395540
2352.150539	-126.589134	-0.188953	-62.841284	0.281063	-120.201355	0.108435	-116.346525	0.238325
2394.153227	-129.999678	0.202201	-69.569479	-0.175880	-122.100560	0.055953	-130.329516	0.358331
2436.155915	-122.297358	-0.059523	-66.281024	0.227319	-123.304673	0.046262	-118.494569	-0.300432
2478.158603	-116.760532	0.053480	-76.428860	0.204406	-121.711075	-0.391083	-135.499284	0.173286
2520.161292	-118.386613	-0.061362	-70.401023	-0.417080	-116.901196	-0.251529	-116.462949	0.476001
2562.163980	-123.811410	0.295842	-64.944872	0.336701	-116.523401	-0.006002	-121.487404	-0.077857
2604.166668	-118.618378	-0.016837	-69.387510	0.222212	-117.041700	0.468285	-116.368782	0.169285
2646.169356	-126.133928	-0.288253	-67.607490	0.469386	-123.562569	-0.264301	-119.800570	-0.347941
2688.172044	-120.554604	-0.111957	-68.472983	0.201972	-118.203755	0.036977	-117.697231	-0.206218
2730.174732	-123.946557	-0.040915	-62.328573	0.216825	-125.448500	0.354697	-129.049031	0.066322
2772.177421	-130.764382	-0.150986	-73.218134	0.230302	-128.271498	0.290746	-126.293936	0.011153
2814.180109	-119.012272	0.331176	-81.222071	0.120548	-121.573760	0.334218	-127.693715	0.193405
2856.182797	-127.130131	-0.164373	-69.376735	0.037874	-122.657112	-0.423431	-121.550331	-0.075385
2898.185485	-119.042549	0.010811	-64.372966	0.289400	-117.434864	0.455445	-122.857983	0.498434
2940.188173	-124.118411	0.002847	-65.371235	0.444443	-120.232409	-0.158130	-119.577740	-0.236586
2982.190862	-119.409887	0.057359	-68.154944	-0.071972	-121.391094	0.141938	-128.134136	-0.030829
3024.193550	-121.705312	0.198824	-76.167451	0.411594	-120.525507	0.255446	-122.654409	0.196734
3066.196238	-127.721583	0.187415	-73.086540	0.315518	-125.502002	-0.076197	-125.835893	-0.171934
3108.198926	-131.211463	0.127448	-75.027112	-0.056830	-118.458326	0.075850	-127.901619	0.382756
3150.201614	-118.396272	-0.060967	-65.969605	0.223885	-117.280856	-0.421907	-128.778441	0.109606
3192.204303	-124.535558	0.214900	-67.629426	-0.306608	-122.600075	0.369377	-132.355698	-0.006898
3234.206991	-124.515306	-0.087505	-65.273175	0.474971	-126.479021	-0.487501	-127.168952	0.081787
3276.209679	-122.482641	0.230006	-71.712446	0.408743	-125.373794	0.240619	-128.708902	-0.450125
3318.212367	-117.684182	0.162309	-77.166998	0.423271	-123.821153	0.495228	-117.727509	0.103284
3360.215055	-120.086717	-0.333841	-69.862575	-0.030278	-124.642234	-0.208160	-119.135571	-0.082754
3402.217744	-121.249203	0.312867	-67.398209	0.403713	-127.206166	-0.162645	-129.463523	-0.098357
3444.220432	-117.243994	-0.064596	-70.358557	-0.330066	-120.180178	0.220759	-126.957154	0.287381
3486.223120	-115.603965	-0.323158	-63.625485	0.494024	-126.722895	-0.321718	-126.504878	-0.318544
3528.225808	-122.954834	-0.433600	-71.753756	0.249510	-124.081944	-0.474983	-120.655767	0.324702
3570.228496	-128.622279	-0.337119	-62.579015	0.495440	-118.100216	0.256168	-125.797367	0.228668
3612.231185	-123.035418	-0.468834	-79.460530	0.328517	-116.478944	-0.460985	-121.948297	0.074075
3654.233873	-119.778771	0.169581	-68.735391	-0.297974	-116.928664	-0.217219	-127.520147	0.050881
3696.236561	-128.459440	0.187442	-68.068725	0.124506	-119.056632	0.360318	-132.019040	0.239587
3738.239249	-122.216154	0.116548	-73.530470	0.310227	-117.315627	-0.146523	-118.725325	-0.030191
3780.241937	-118.977023	-0.086837	-70.918153	0.455229	-125.579403	0.430939	-118.666882	-0.323804
3822.244625	-120.504619	0.027307	-79.990659	0.256496	-126.009473	0.087920	-124.254718	0.245714
3864.247314	-116.806735	-0.100864	-70.587867	-0.315856	-124.421304	0.027068	-123.980195	0.272837
3906.250002	-129.086648	-0.232357	-64.089098	0.482739	-121.594616	-0.385660	-127.090875	-0.129961
3948.252690	-123.120182	0.129009	-77.204680	0.063620	-120.579754	-0.384717	-122.826946	0.483208
3990.255378	-120.648472	-0.050069	-69.951624	-0.226510	-117.257723	-0.267078	-125.770861	-0.467053
4032.258066	-124.042330	-0.246778	-68.574390	-0.235578	-117.124765	0.168193	-120.421193	-0.369867
4074.260755	-120.899476	0.297143	-69.083421	-0.096639	-129.547773	-0.404464	-118.893300	-0.382573
4116.263443	-122.562537	-0.241097	-78.784941	-0.421940	-122.049853	0.176562	-122.975460	0.051176
4158.266131	-145.169697	-0.070667	-65.749822	0.362283	-116.746477	-0.162805	-123.621529	-0.480237
4200.268819	-129.504315	0.269774	-67.455931	-0.239228	-128.572568	0.488592	-121.883876	-0.224795
4242.271507	-120.722714	0.263044	-71.082558	-0.283566	-122.691420	0.214110	-123.330692	0.401508
4284.274196	-125.917598	-0.463181	-72.125484	0.334512	-121.946373	0.392998	-122.083823	-0.463618
4326.276884	-126.496605	-0.434972	-82.608830	-0.359187	-122.888854	-0.033855	-119.322456	-0.295256
4368.279572	-128.300383	0.011690	-67.386468	-0.276864	-122.585785	0.043915	-128.911913	0.078159
4410.282260	-131.590042	-0.270048	-73.032092	-0.188315	-117.879147	0.370563	-125.575435	-0.424204
4452.284948	-116.313188	0.435924	-66.721708	-0.072000	-134.693894	-0.075845	-119.531117	0.485574
4494.287637	-112.901326	-0.084275	-67.666481	-0.354571	-131.309643	-0.011243	-122.243104	0.300497
4536.290325	-122.093404	0.246000	-70.325739	0.437023	-124.388193	0.321218	-128.043798	0.429064
4578.293013	-139.978347	0.449385	-73.702788	-0.333044	-123.374432	-0.046294	-126.148757	-0.146368
4620.295701	-128.042289	0.441574	-73.230162	0.033772	-125.628648	0.244288	-125.518290	0.151631
4662.298389	-116.190586	-0.146472	-73.804187	0.493231	-123.753744	-0.082447	-138.024678	-0.349916
4704.301078	-139.267210	0.033027	-72.059626	-0.091043	-130.661882	-0.006513	-127.839611	0.290483
4746.303766	-123.198325	-0.124297	-68.632076	0.274785	-135.653951	-0.007786	-122.391599	0.249476
4788.306454	-122.878981	-0.430828	-65.945406	0.385118	-122.300950	-0.436977	-124.222640	-0.048723
4830.309142	-119.843101	0.334696	-78.840997	0.149670	-121.413700	0.097467	-124.287456	0.456427
4872.311830	-119.175777	-0.186617	-72.168222	0.417443	-126.221693	0.320301	-137.716314	0.109083
4914.314518	-117.844342	0.439051	-95.230931	0.145374	-123.649810	-0.161923	-130.094027	0.113086
4956.317207	-123.756753	0.444198	-74.943271	-0.154209	-127.935635	-0.357290	-122.096072	0.391052
4998.319895	-125.725222	-0.094380	-72.113943	0.319056	-117.412521	-0.167233	-124.489439	-0.206273
5040.322583	-127.935928	0.291038	-82.394799	-0.129728	-122.833140	0.215011	-121.819716	0.015908
5082.325271	-122.323123	0.272179	-72.532840	0.196580	-133.552172	-0.138064	-125.060222	-0.437875
5124.327959	-118.461404	-0.359817	-67.245663	-0.047672	-129.306265	-0.031579	-127.282313	0.184210
5166.330648	-130.093052	-0.280186	-72.897493	0.189617	-125.089752	-0.292330	-120.378672	-0.453563
5208.333336	-124.297987	0.191684	-73.927534	-0.025795	-121.511157	-0.026177	-121.625349	-0.229649
5250.336024	-126.035832	0.215991	-78.150057	0.397140	-122.841768	-0.417850	-125.013002	-0.318678
5292.338712	-35.664135	-0.204424	-14.669290	0.359725	-108.699837	0.339266	-117.473727	0.379796
5334.341400	-119.352118	-0.410721	-80.023925	-0.112492	-128.180296	0.045427	-127.778080	-0.141779
5376.344089	-120.483291	0.401724	-72.212548	-0.438251	-124.628071	-0.067628	-119.232441	0.313115
5418.346777	-118.493612	0.119701	-79.616595	0.468520	-122.404704	0.158686	-117.528715	0.057980
5460.349465	-126.146228	0.439294	-70.567439	-0.163659	-126.824768	-0.232876	-131.061149	0.167285
5502.352153	-127.673297	-0.099297	-84.239699	-0.082316	-124.662471	-0.141070	-122.209318	0.320714
5544.354841	-136.501692	-0.179451	-69.603836	0.360376	-126.699124	0.249669	-123.627092	-0.216443
5586.357530	-119.705848	0.000972	-81.841793	-0.038759	-126.368923	0.101832	-125.023793	0.152648
5628.360218	-119.961336	0.290908	-68.741295	0.329903	-125.684947	-0.179226	-129.458112	0.181837
5670.362906	-122.934438	0.269649	-77.745452	0.122755	-121.261957	0.076874	-119.873866	-0.367247
5712.365594	-123.831108	-0.461256	-68.097544	-0.124644	-119.272771	-0.253576	-116.851486	0.025270
5754.368282	-128.427283	-0.263026	-69.613697	0.433554	-130.107068	-0.276667	-121.980434	-0.286866
5796.370971	-141.369283	-0.091334	-70.543631	-0.071948	-128.689654	-0.128334	-125.654125	0.279179
5838.373659	-122.059294	0.047206	-72.414418	0.245076	-120.366145	0.049829	-126.125971	-0.270651
5880.376347	-133.471207	0.291504	-72.409328	-0.364667	-125.695135	0.303354	-126.927507	-0.009578
5922.379035	-130.277399	0.008067	-74.983943	0.240209	-126.531691	0.386811	-121.312077	0.411608
5964.381723	-124.095017	-0.182409	-72.859956	-0.479303	-132.260307	-0.138715	-123.357455	-0.104901
6006.384411	-126.042486	0.262138	-74.747075	-0.453239	-128.694511	0.296253	-122.471063	0.258803
6048.387100	-128.643908	0.167375	-71.932676	-0.127289	-119.790419	-0.069628	-123.801224	0.026841
6090.389788	-121.411461	-0.271213	-82.371042	0.252510	-115.587707	-0.254909	-122.596613	-0.492335
6132.392476	-123.754381	-0.410473	-76.084719	-0.113228	-119.400596	-0.194214	-124.860527	-0.424672
6174.395164	-119.522554	0.206993	-68.519777	0.022251	-120.631933	-0.159912	-123.191908	0.005396
6216.397852	-128.923668	-0.200993	-68.144314	0.003778	-125.208097	0.499338	-120.321600	-0.497267
6258.400541	-132.201100	0.267909	-74.867667	-0.226155	-132.517611	-0.316991	-134.599939	0.181529
6300.403229	-122.378487	-0.259342	-86.739456	-0.024087	-135.485875	-0.364378	-121.701896	-0.302451
6342.405917	-136.699424	0.348039	-73.456130	0.407262	-123.083259	-0.125072	-130.098002	-0.159510
6384.408605	-127.053159	-0.088366	-73.364539	-0.467881	-118.489122	0.223556	-130.492222	-0.400399
6426.411293	-132.006366	0.458614	-67.674724	-0.137584	-128.192963	-0.042791	-123.131763	0.090199
6468.413982	-115.705035	-0.002225	-80.387386	0.227189	-126.500191	0.125776	-118.302759	0.145139
6510.416670	-126.001777	0.065740	-68.530950	0.380777	-121.134601	-0.077737	-118.806365	0.310559
6552.419358	-129.560710	0.248820	-72.150499	0.095000	-122.341684	-0.117422	-124.614368	0.373943
6594.422046	-118.861259	0.064695	-74.267238	0.468618	-120.781412	-0.471068	-120.189069	0.065176
6636.424734	-120.629086	-0.474812	-66.779855	-0.240731	-139.205698	0.199155	-131.342069	0.006007
6678.427423	-119.184697	-0.020385	-69.924657	0.064802	-131.202191	0.211546	-129.963302	0.142876
6720.430111	-128.703931	0.394373	-72.842206	0.445279	-120.043523	-0.185781	-122.287428	0.212477
6762.432799	-137.047418	-0.387719	-71.598641	0.186829	-118.477278	-0.411174	-134.287595	-0.277495
6804.435487	-129.200821	-0.108574	-89.674594	0.178757	-131.028674	0.229384	-131.962070	-0.265380
6846.438175	-125.195243	0.001774	-69.834404	-0.456057	-130.866164	0.158807	-121.103737	0.383790
6888.440864	-117.659136	-0.427518	-76.573568	0.099430	-125.098245	-0.265723	-127.127412	0.239644
6930.443552	-135.195725	-0.490351	-84.370738	-0.204923	-123.384519	0.155204	-129.949698	0.332852
6972.446240	-120.392478	-0.149803	-75.765129	-0.456882	-134.554188	-0.290518	-123.905663	-0.109159
7014.448928	-129.697650	-0.305656	-84.596572	-0.030522	-124.767899	-0.035332	-129.912110	0.421648
7056.451616	-123.555020	0.321101	-77.923750	-0.166957	-124.378326	-0.354052	-128.876790	0.453555
7098.454304	-126.376367	0.092472	-69.074799	-0.161129	-132.613625	0.170861	-132.952182	0.071103
7140.456993	-138.884733	-0.314046	-84.129986	-0.276474	-124.872680	-0.153401	-122.407815	-0.044492
7182.459681	-133.468663	0.386761	-76.096566	-0.065439	-116.707064	0.342473	-121.813878	0.294829
7224.462369	-119.016837	0.100109	-67.648807	0.394587	-127.908069	0.071809	-126.678793	0.329784
7266.465057	-125.280306	0.247192	-70.772245	-0.267192	-126.203199	-0.295315	-118.057365	-0.039120
7308.467745	-117.353203	-0.488320	-68.850069	-0.087322	-131.137972	-0.352764	-134.720651	0.175592
7350.470434	-119.499448	0.444103	-80.068105	-0.282639	-119.938020	0.053304	-137.159771	0.105745
7392.473122	-120.765882	0.159026	-67.524336	-0.041218	-129.523677	-0.428396	-118.761111	0.039368
7434.475810	-119.033321	0.457067	-73.992348	0.276283	-123.190808	0.151547	-125.372102	0.343104
7476.478498	-132.508762	0.391187	-77.979380	-0.438856	-123.123920	-0.457484	-120.960907	0.282698
7518.481186	-124.109011	0.408063	-79.439021	-0.194854	-122.544647	0.277378	-127.146919	-0.091364
7560.483875	-132.041615	-0.259315	-73.879208	-0.012288	-119.900919	-0.468251	-124.668465	0.117474
7602.486563	-121.646555	-0.466394	-69.354701	0.439420	-126.874623	-0.406178	-126.054271	-0.321470
7644.489251	-113.374585	0.104461	-66.033737	-0.218369	-123.896065	0.014094	-122.890783	-0.443140
7686.491939	-125.313190	0.479337	-82.379929	0.315888	-117.862932	-0.105812	-122.923299	0.157908
7728.494627	-133.049876	-0.048427	-84.110347	0.348030	-128.365408	0.253822	-125.088617	-0.051546
7770.497316	-125.643605	0.096634	-77.641995	0.456050	-121.066108	0.417406	-121.042577	0.022989
7812.500004	-121.319925	0.308271	-72.602240	-0.470648	-118.965392	0.272082	-122.693469	-0.453267
7854.502692	-119.787215	0.061873	-76.396188	0.189621	-133.409015	-0.186333	-135.105831	0.483179
7896.505380	-129.377120	0.147651	-68.204554	-0.482709	-127.141091	-0.169073	-125.607269	0.048939
7938.508068	-131.166617	0.479575	-70.909176	0.196502	-129.154845	0.234485	-126.757543	-0.105239
7980.510757	-128.299588	0.152470	-66.176094	-0.241669	-124.656529	0.466710	-118.305398	0.478062
8022.513445	-119.391076	0.066337	-76.527622	-0.284101	-122.183905	0.034036	-120.749164	-0.184700
8064.516133	-122.852063	0.473358	-70.578340	0.177209	-118.738314	-0.431627	-130.859925	-0.355952
8106.518821	-121.452730	-0.267632	-72.862343	-0.248578	-127.658187	0.220790	-118.364986	-0.496300
8148.521509	-123.089139	0.362047	-69.070182	-0.381714	-127.656361	-0.045709	-132.262751	0.433006
8190.524197	-125.631811	-0.290918	-75.841357	0.205460	-123.385504	0.458639	-118.658657	0.167488
8232.526886	-131.719465	-0.414544	-78.304246	-0.107473	-122.966315	0.394282	-139.394542	0.170675
8274.529574	-124.691199	0.270833	-78.371469	-0.357392	-124.691647	-0.158926	-120.522110	-0.489878
8316.532262	-120.940559	-0.395016	-71.451229	-0.295745	-125.075091	-0.083952	-127.105696	0.362358
8358.534950	-118.685816	0.043541	-69.495927	-0.139469	-123.032370	-0.399402	-127.993120	0.397644
8400.537638	-125.926323	-0.497621	-81.557329	-0.181193	-120.648281	0.148360	-128.353919	0.335765
8442.540327	-123.317113	0.362005	-77.709219	0.129210	-128.155975	-0.318484	-118.334319	-0.351337
8484.543015	-127.005081	-0.324771	-81.164312	0.154483	-145.505044	0.292411	-127.841527	0.343754
8526.545703	-128.183549	-0.499074	-74.199304	0.462770	-130.183756	0.492114	-134.123864	-0.134906
8568.548391	-126.621432	0.225977	-70.410158	0.352725	-119.081987	0.138831	-122.915189	-0.296919
8610.551079	-127.135697	-0.103966	-77.979658	-0.060292	-129.799660	0.314982	-115.236629	-0.475473
8652.553768	-125.583971	-0.156970	-72.912321	-0.449355	-118.666390	-0.052158	-123.148512	0.226237
8694.556456	-128.619270	-0.319124	-74.209558	0.100554	-124.210757	-0.186036	-133.227032	-0.480428
8736.559144	-122.008693	0.397817	-77.419018	-0.132954	-129.045754	0.416765	-118.961991	-0.436885
8778.561832	-120.377005	0.220223	-72.587235	-0.479660	-116.572880	0.081568	-120.534397	-0.238319
8820.564520	-128.379009	-0.239309	-72.389796	-0.233444	-123.586725	0.427512	-130.550248	0.225429
8862.567209	-120.170245	0.190328	-77.613754	0.158448	-124.375789	-0.406127	-127.310362	0.102581
8904.569897	-122.259083	0.074750	-70.699671	0.235505	-121.588581	-0.288067	-126.352328	0.404298
8946.572585	-124.200363	-0.320197	-81.989145	-0.377418	-133.657772	-0.243707	-123.534205	0.330283
8988.575273	-120.935069	0.445248	-83.409769	0.159908	-126.937933	0.399573	-132.502622	-0.039018
9030.577961	-122.927509	-0.143671	-77.196545	0.120731	-121.859917	0.081480	-127.922640	0.038768
9072.580650	-122.451118	-0.297482	-86.611635	0.362550	-126.953315	-0.337750	-124.014081	-0.343153
9114.583338	-124.687885	0.003427	-70.502777	-0.037144	-131.360654	0.081962	-123.200679	-0.038262
9156.586026	-132.131519	0.427822	-77.179260	-0.327290	-122.205060	0.307014	-119.427134	-0.471428
9198.588714	-127.405012	0.318092	-75.295727	-0.397632	-114.959812	0.175580	-143.994782	-0.248677
9240.591402	-129.278090	-0.079471	-72.265014	-0.304756	-127.356006	0.046059	-118.848832	0.197442
9282.594090	-122.402047	-0.323563	-71.550266	-0.391716	-121.355605	0.462212	-126.696050	0.164794
9324.596779	-133.349765	-0.144339	-75.062805	0.472868	-120.582845	0.199609	-131.285411	0.274000
9366.599467	-128.618377	-0.078539	-73.084150	0.231193	-123.792626	0.193627	-125.340224	-0.125010
9408.602155	-113.847351	0.414621	-74.451251	0.484002	-129.431124	-0.100788	-122.992044	0.176485
9450.604843	-128.660301	0.018079	-73.856961	0.205553	-129.332647	0.389649	-121.931697	-0.454096
9492.607531	-124.343736	0.255958	-75.415845	0.489594	-125.296964	0.304599	-122.754823	-0.077963
9534.610220	-119.454446	0.099602	-75.936303	0.408508	-122.631353	0.226284	-128.128836	-0.126556
9576.612908	-124.576296	-0.148021	-79.530294	0.376671	-123.473877	0.091012	-118.512767	0.434839
9618.615596	-118.209634	-0.011733	-81.354124	-0.360677	-121.463750	0.380070	-122.413381	-0.034311
9660.618284	-122.465465	0.365122	-72.188488	-0.287021	-121.454226	0.427099	-120.900790	0.072972
9702.620972	-135.119633	-0.072157	-82.862144	0.223959	-119.912063	-0.428680	-130.126564	-0.376774
9744.623661	-123.978368	0.135327	-73.812162	-0.149767	-126.648001	-0.380314	-123.749386	0.494391
9786.626349	-134.769796	-0.090389	-84.440318	0.156022	-124.158868	-0.017761	-122.000804	-0.048254
9828.629037	-120.730355	0.327538	-70.004606	-0.135245	-123.055646	-0.128594	-125.269568	-0.496976
9870.631725	-135.245009	-0.411311	-68.739852	0.115214	-119.954036	-0.399367	-129.816277	0.362106
9912.634413	-123.500716	-0.002912	-79.502835	-0.112042	-119.466347	-0.021697	-122.818320	0.172028
9954.637102	-123.353947	-0.224340	-71.924670	0.046032	-118.895134	-0.117785	-116.382418	-0.162032
9996.639790	-115.429697	-0.469263	-90.108016	0.045438	-127.813974	-0.336883	-135.753055	-0.124198
10038.642478	-118.167040	0.204163	-93.233974	0.238728	-126.797970	-0.128269	-125.139721	-0.114088
10080.645166	-130.445856	0.071913	-72.440059	0.011300	-127.279550	-0.160989	-130.240165	-0.271986
10122.647854	-115.295988	-0.453161	-75.090914	-0.432800	-123.174318	-0.365197	-121.772083	0.427844
10164.650543	-116.732772	0.240555	-85.458827	0.319306	-124.163682	0.254444	-120.565933	0.192918
10206.653231	-115.487320	0.094507	-71.441572	-0.487306	-118.430075	0.292572	-120.570903	0.481508
10248.655919	-121.372517	-0.264506	-85.337256	0.262432	-120.318575	-0.242784	-122.302389	-0.433120
10290.658607	-126.401830	0.171955	-76.205960	-0.463524	-119.304198	-0.194568	-134.540612	-0.221510
10332.661295	-123.562541	-0.018389	-94.386700	-0.468776	-133.780261	-0.180985	-120.431795	-0.018887
10374.663983	-130.684798	-0.417073	-79.179484	0.349127	-124.045450	0.441255	-119.081902	-0.466203
10416.666672	-119.596529	0.486210	-81.423258	-0.484560	-120.673024	-0.326420	-123.139124	0.475172
10458.669360	-122.857179	-0.319644	-89.885002	0.416148	-126.876305	0.361216	-118.341521	0.054898
10500.672048	-128.139043	-0.091509	-83.612196	-0.451112	-121.474742	-0.401719	-120.730632	-0.494332
10542.674736	-124.473445	0.015225	-72.710929	0.301710	-127.967609	0.195582	-141.777931	-0.348917
10584.677424	-111.406242	-0.403962	-74.623616	-0.277467	-125.296592	-0.471453	-117.972191	0.079636
10626.680113	-126.455862	-0.234771	-87.835893	-0.116995	-127.570322	-0.104495	-121.684891	-0.431665
10668.682801	-122.427018	0.293947	-75.111741	0.042176	-117.982179	-0.346985	-126.382780	-0.095025
10710.685489	-116.877133	-0.105548	-69.353324	0.182568	-124.620511	-0.281746	-121.311025	0.164876
10752.688177	-120.093790	0.438848	-79.035380	-0.088864	-127.959884	-0.026702	-120.806600	0.453754
10794.690865	-127.935686	-0.276173	-80.311069	-0.437759	-124.932841	0.281581	-126.902524	0.040996
10836.693554	-120.812191	0.247863	-81.227157	-0.189292	-134.732293	0.497034	-125.089692	0.442971
10878.696242	-134.864353	0.056198	-92.627822	0.157389	-121.932354	0.141323	-122.584726	0.105652
10920.698930	-117.789864	-0.413106	-83.059291	0.152731	-126.969801	-0.414276	-128.982147	0.056318
10962.701618	-120.984617	-0.415132	-80.596372	-0.068595	-126.285266	-0.247603	-120.438995	0.466898
11004.704306	-122.939362	-0.170782	-83.913939	0.168446	-120.660521	-0.268589	-123.674329	-0.313537
11046.706995	-150.222878	0.080095	-71.358611	-0.405493	-122.602285	0.335777	-122.874488	-0.395440
11088.709683	-119.051015	0.490177	-81.266504	0.026197	-129.179351	0.275153	-126.598187	0.144459
11130.712371	-121.570680	0.053354	-79.423880	-0.256526	-124.458759	0.023142	-135.782932	0.167250
11172.715059	-117.245882	0.013127	-84.693623	0.475494	-124.728932	0.297997	-123.001886	-0.292631
11214.717747	-123.423457	-0.076391	-80.281486	-0.158506	-119.420974	-0.097269	-117.054629	-0.005487
11256.720435	-117.114343	-0.282074	-71.765727	-0.310239	-125.524506	-0.004429	-133.482965	0.196957
11298.723124	-126.262491	0.322398	-76.920769	0.153650	-120.418117	0.290542	-122.714639	-0.082189
11340.725812	-129.299994	-0.194751	-77.740623	-0.113607	-122.324798	-0.254237	-145.468592	-0.040221
11382.728500	-128.706774	-0.179854	-81.165931	-0.169871	-120.253278	-0.142103	-118.737231	0.439770
11424.731188	-123.083353	0.096184	-78.569816	-0.003752	-120.749075	0.204264	-120.086648	0.006978
11466.733876	-118.130844	-0.273916	-75.932537	0.300234	-129.303200	-0.157620	-124.642819	0.443895
11508.736565	-124.531914	0.309517	-78.391520	-0.068908	-120.139707	0.050133	-124.759809	0.016479
11550.739253	-117.744472	0.158124	-76.397669	-0.024834	-123.830685	-0.149109	-128.924637	0.118822
11592.741941	-121.634306	-0.052810	-78.323169	0.215843	-124.268194	0.274206	-131.650106	0.111566
11634.744629	-123.594724	-0.113647	-75.320073	-0.026852	-122.408947	0.257127	-129.138200	-0.295478
11676.747317	-120.492363	-0.250078	-75.828725	0.415953	-119.700969	-0.135765	-126.535127	-0.258197
11718.750006	-120.041032	0.491776	-74.512583	0.083098	-120.560405	-0.447790	-121.806986	0.184037
11760.752694	-121.192576	-0.191695	-76.675868	-0.096138	-117.998645	-0.461572	-130.081313	-0.359830
11802.755382	-124.253618	-0.308052	-77.926802	-0.079340	-121.727323	-0.216471	-121.506365	-0.269794
11844.758070	-120.375458	0.142815	-72.627833	0.025029	-121.114746	0.226470	-115.263732	0.013469
11886.760758	-123.427874	-0.470455	-82.802705	-0.027462	-119.305480	-0.346782	-123.963736	-0.311066
11928.763447	-122.683051	0.442632	-73.839232	-0.193294	-121.565262	0.411555	-120.363194	-0.485478
11970.766135	-122.913885	-0.082424	-78.706903	-0.478361	-132.420983	0.178568	-125.050852	0.165735
12012.768823	-129.261898	0.325483	-74.998494	0.067922	-131.132442	-0.413999	-129.777722	-0.457183
12054.771511	-122.704326	-0.367823	-77.374572	0.411866	-124.710824	-0.333760	-119.442892	-0.064010
12096.774199	-125.322595	0.427742	-75.631590	0.005023	-121.062963	0.152996	-120.218468	-0.335686
12138.776888	-120.953271	-0.450428	-77.790034	0.395270	-119.996002	0.265849	-119.589474	-0.267646
12180.779576	-117.328194	0.212272	-78.215929	-0.475546	-120.791029	0.154180	-117.865357	0.177020
12222.782264	-123.230442	0.091168	-82.449983	-0.363595	-134.561489	-0.261694	-116.116465	0.089722
12264.784952	-129.486460	0.009848	-87.696196	0.484522	-121.931195	-0.442786	-126.831154	-0.125798
12306.787640	-126.437427	0.424392	-77.965200	0.311564	-136.381456	0.092100	-136.772285	-0.057336
12348.790328	-126.581938	0.447235	-89.620442	-0.495687	-118.703805	0.291261	-117.656000	0.134206
12390.793017	-117.641019	-0.176387	-73.457982	0.082778	-125.706635	-0.347025	-118.198049	-0.339180
12432.795705	-123.809663	-0.301409	-73.974081	-0.287901	-118.302322	0.075691	-121.255230	-0.052472
12474.798393	-121.908922	-0.038972	-83.369379	-0.078360	-141.431890	0.468170	-131.286261	-0.360757
12516.801081	-136.133002	0.402047	-74.548458	-0.278631	-129.233034	-0.034729	-130.153624	0.281531
12558.803769	-120.828690	0.334750	-71.799127	-0.122407	-136.916436	-0.466120	-129.540061	0.027750
12600.806458	-124.791775	0.308204	-81.127558	0.040248	-121.880634	0.302552	-126.145485	0.298839
12642.809146	-126.950624	-0.376953	-73.463798	-0.274587	-123.736201	-0.373822	-123.625170	-0.030092
12684.811834	-119.703508	-0.488422	-90.252008	0.218201	-118.197165	0.378438	-123.472431	-0.427419
12726.814522	-126.263465	0.184431	-85.976451	-0.433377	-123.133572	-0.488536	-129.024702	0.494974
12768.817210	-128.450367	0.159576	-77.523200	-0.323852	-118.966217	0.334570	-131.468988	0.222364
12810.819899	-125.614268	0.112964	-75.011451	0.474717	-122.276695	0.454927	-121.246073	-0.305105
12852.822587	-129.518636	-0.399053	-89.475154	-0.210344	-121.886609	-0.271133	-116.099131	-0.178244
12894.825275	-127.853773	-0.214678	-72.535893	0.334128	-117.318045	-0.050162	-124.372961	-0.269255
12936.827963	-121.465247	0.462471	-81.575891	-0.313219	-127.150011	0.197862	-122.394929	-0.083825
12978.830651	-123.440842	0.466767	-76.045921	-0.357734	-119.463699	0.025548	-119.050378	-0.131035
13020.833340	-114.988706	0.186654	-81.627741	-0.291753	-120.763252	0.036357	-121.506694	0.045086
13062.836028	-123.298960	0.340279	-75.024204	0.368276	-116.390687	0.227816	-127.623069	-0.233815
13104.838716	-116.962839	0.316159	-77.422593	0.036148	-122.382617	0.149417	-122.432676	-0.462429
13146.841404	-117.085498	0.127927	-80.155515	0.045693	-127.021151	0.001928	-119.279184	-0.119192
13188.844092	-122.345581	-0.051300	-77.925260	0.445412	-120.086270	-0.049373	-123.360743	0.280005
13230.846781	-116.764784	0.044173	-70.076562	-2.238057E-5	-123.169292	0.265686	-137.271147	0.325274
13272.849469	-127.776467	-0.392197	-71.382276	0.408622	-136.185037	-0.271366	-121.389816	-0.135548
13314.852157	-125.211885	-0.312592	-79.498941	0.403198	-125.320828	0.445924	-134.516515	0.493907
13356.854845	-123.088673	-0.355929	-79.668875	0.364994	-117.228594	-0.472905	-123.992713	0.040010
13398.857533	-127.547500	-0.478416	-78.144624	0.448784	-121.181961	0.192666	-125.971338	0.147397
13440.860221	-123.430233	0.352782	-78.473347	-0.403343	-120.105944	-0.142169	-127.578127	-0.497191
13482.862910	-126.376519	0.074784	-77.328073	-0.127390	-129.885395	0.386930	-119.369667	-0.302693
13524.865598	-124.832991	0.229105	-76.321464	-0.443721	-129.195960	-0.482827	-122.769706	-0.332055
13566.868286	-118.945519	-0.136359	-75.250476	0.300730	-125.356894	0.031607	-112.666181	-0.082028
13608.870974	-124.681910	0.101375	-74.842749	-0.273992	-119.474447	0.448942	-123.822842	-0.482424
13650.873662	-126.589803	-0.227157	-84.476081	0.141846	-118.070926	-0.054777	-116.671402	-0.144870
13692.876351	-123.966774	-0.303606	-80.817331	-0.379966	-123.371099	-0.339800	-123.046181	-0.116937
13734.879039	-133.222712	0.165862	-88.285384	-0.210598	-118.704941	0.094787	-119.283962	0.099842
13776.881727	-116.688397	-0.368596	-75.043352	-0.159994	-116.361059	-0.229206	-119.101354	-0.281792
13818.884415	-124.869806	-0.404554	-83.829784	0.040602	-130.525408	-0.486241	-119.183931	-0.128322
13860.887103	-123.899268	-0.354003	-78.708454	0.345645	-123.908002	-0.242100	-127.671851	-0.283162
13902.889792	-144.910792	0.256597	-77.200824	0.020924	-124.790410	0.281965	-120.626891	-0.416543
13944.892480	-123.472344	-0.248601	-70.961459	-0.446936	-116.243413	-0.194666	-125.388138	-0.232462
13986.895168	-120.804639	-0.450353	-73.224875	-0.204167	-119.214756	0.404869	-121.519568	-0.397421
14028.897856	-126.170490	-0.359027	-78.087109	0.476397	-130.968671	-0.381869	-120.950969	-0.097035
14070.900544	-122.260169	-0.053396	-82.930103	0.431756	-121.974794	-0.198494	-121.777872	0.001794
14112.903233	-120.753471	0.111856	-85.330486	0.073585	-140.052560	0.370842	-122.632934	0.228045
14154.905921	-118.962701	0.234992	-90.013705	-0.485507	-133.722684	0.168071	-119.426398	0.254263
14196.908609	-123.257611	0.354350	-86.250923	0.327777	-132.935302	0.305855	-116.263515	-0.344227
14238.911297	-121.072973	0.095207	-76.637066	0.226188	-136.176925	0.015772	-125.105009	-0.308847
14280.913985	-129.157259	-0.477271	-80.108842	-0.431680	-116.632837	-0.337753	-138.920239	0.447045
14322.916674	-121.197661	0.148395	-84.457366	-0.400712	-129.722058	0.234192	-119.033997	0.293015
14364.919362	-119.327551	-0.001751	-74.482869	-0.109371	-116.199893	-0.114556	-117.978596	-0.078345
14406.922050	-126.418854	-0.319169	-90.614480	-0.034232	-123.290507	0.413346	-134.194674	-0.076632
14448.924738	-124.013181	0.149418	-78.189598	-0.465438	-118.662866	0.312722	-132.683622	0.366277
14490.927426	-119.617947	0.403436	-75.241784	-0.238127	-129.299710	-0.241417	-123.134511	0.384270
14532.930114	-114.007089	0.131955	-78.943242	0.314508	-117.191455	-0.040366	-119.580860	0.145221
14574.932803	-118.797526	0.252918	-73.792153	-0.251202	-121.461091	0.091188	-117.415137	0.336316
14616.935491	-115.157427	-0.237086	-75.451917	-0.170826	-115.805927	-0.252159	-119.943446	-0.349849
14658.938179	-125.256488	0.297294	-76.113358	0.160844	-131.889978	0.363622	-125.662126	0.427851
14700.940867	-133.967618	-0.310039	-87.973734	-0.321370	-124.709728	0.277957	-125.207781	-0.182052
14742.943555	-122.244097	0.267821	-81.693151	0.350866	-124.406349	0.430323	-125.907019	-0.157509
14784.946244	-119.447144	-0.016899	-77.132872	-0.218332	-114.561419	-0.053131	-125.822745	-0.006368
14826.948932	-118.893012	0.378467	-76.868090	0.028653	-131.410416	0.469086	-124.002876	0.400714
14868.951620	-131.338225	-0.463547	-80.637367	0.193146	-125.061254	-0.410374	-119.850160	0.098500
14910.954308	-119.266853	-0.300181	-81.884196	-0.375160	-133.221654	0.092828	-129.906229	0.268453
14952.956996	-123.237408	0.442190	-79.386304	-0.231605	-126.366250	0.397822	-119.439847	0.146251
14994.959685	-114.021752	0.491765	-77.370523	-0.420081	-111.808165	0.433326	-129.136879	-0.231778
15036.962373	-123.683062	0.031642	-79.008836	-0.290728	-120.458097	-0.272936	-123.755243	0.185665
15078.965061	-141.522144	-0.140427	-83.790431	0.254264	-118.831327	0.352761	-117.446411	-0.077093
15120.967749	-121.451686	0.239677	-71.902025	0.145668	-122.580659	0.330359	-120.271745	0.438349
15162.970437	-121.333388	0.105170	-80.104845	0.187857	-124.144523	-0.277518	-127.919087	0.242627
15204.973126	-118.115761	0.220921	-78.679302	0.322029	-119.011807	0.166397	-128.775477	-0.372180
15246.975814	-129.185570	0.123822	-83.910018	-0.050769	-114.188855	-0.340512	-127.248123	0.490852
15288.978502	-129.260216	-0.061625	-83.800891	-0.265752	-118.709442	0.275767	-124.576670	-0.200693
15330.981190	-125.653714	0.323141	-78.714592	0.003416	-126.498306	-0.388723	-118.416260	0.218004
15372.983878	-132.290340	0.044312	-83.481020	-0.105718	-131.020603	0.479744	-123.241924	-0.159051
15414.986567	-126.253495	0.485804	-77.305547	0.028583	-117.316336	0.198408	-115.945797	0.123221
15456.989255	-117.181615	0.005195	-80.347464	-0.166495	-135.047711	-0.366410	-118.074381	0.429635
15498.991943	-118.338011	0.468933	-73.508933	-0.491685	-117.190665	0.477133	-133.306614	0.376710
15540.994631	-129.401397	-0.000721	-77.646805	-0.207556	-124.647011	-0.023598	-122.567757	-0.019656
15582.997319	-119.660478	0.333123	-89.590932	0.074061	-124.619586	-0.293607	-119.878897	0.148174
15625.000007	-124.296934	0.376868	-83.260261	-0.308495	-123.600156	0.195736	-128.093492	0.283614
15667.002696	-123.457419	0.247652	-75.075951	0.234901	-125.647196	0.214497	-121.206650	0.175810
15709.005384	-123.959309	-0.093239	-74.325670	0.271689	-117.210967	0.410426	-145.308106	0.278059
15751.008072	-117.428322	-0.257019	-82.923123	0.130343	-122.090130	-0.411452	-120.214586	-0.388854
15793.010760	-132.790617	-0.294629	-78.309891	-0.475766	-124.391636	0.120825	-131.575949	-0.064037
15835.013448	-128.325041	0.465918	-81.930777	0.384288	-124.844452	0.359172	-146.455954	-0.442268
15877.016137	-95.670956	0.383546	-80.542705	-0.066991	-129.962212	0.308507	-120.188614	0.145810
15919.018825	-126.869715	-0.255456	-76.534935	-0.432202	-125.725447	-0.187723	-119.688614	-0.305792
15961.021513	-121.463044	0.317429	-81.369845	0.223173	-123.318314	-0.437123	-119.432641	0.076407
16003.024201	-121.191114	0.309605	-83.785160	0.476602	-130.997433	0.122425	-119.743589	-0.157264
16045.026889	-121.600764	0.001301	-81.213690	0.351907	-146.024377	-0.471376	-123.388741	0.406290
16087.029578	-128.659329	0.260734	-81.689162	0.117588	-118.857383	0.091096	-126.544100	0.180658
16129.032266	-122.059184	0.313081	-73.443610	-0.364662	-130.656550	0.171337	-121.406195	0.186806
16171.034954	-126.619288	0.135095	-75.686668	-0.110428	-125.249213	-0.045804	-133.907062	0.242833
16213.037642	-121.940872	-0.153386	-83.769245	0.410534	-123.922032	-0.428735	-136.786993	0.000593
16255.040330	-125.232656	-0.487032	-78.452662	0.351915	-130.469578	-0.376380	-120.975014	0.091615
16297.043019	-123.097645	-0.275979	-79.052859	0.124191	-122.971445	0.446853	-120.364271	-0.361968
16339.045707	-144.863389	-0.118034	-83.888766	-0.059255	-130.615009	-0.222608	-143.081102	-0.040628
16381.048395	-114.827633	-0.446355	-78.411895	-0.158758	-120.386131	-0.394618	-124.886254	-0.200848
16423.051083	-116.444832	0.243168	-87.983256	-0.438129	-122.295812	0.236462	-120.771550	-0.321358
16465.053771	-129.187262	0.361712	-78.847945	-0.353538	-126.977398	0.061188	-117.005543	-0.347993
16507.056460	-125.620311	-0.118516	-85.207109	0.197040	-119.064982	-0.016436	-120.728609	0.091479
16549.059148	-130.498109	-0.015347	-85.851420	-0.138514	-128.620076	-0.323050	-131.322726	-0.422108
16591.061836	-128.334605	-0.432715	-86.311049	0.250700	-131.177982	0.276815	-132.026093	-0.286474
16633.064524	-120.334363	0.467852	-76.350054	-0.344539	-121.178381	0.268094	-121.043619	0.397785
16675.067212	-130.175116	0.476148	-75.894646	0.394065	-117.413498	0.075945	-121.203478	0.346490
16717.069900	-130.869705	0.215413	-79.739060	0.062495	-127.708894	-0.308673	-120.847728	0.185414
16759.072589	-131.194957	0.051710	-90.738333	0.395010	-126.973164	0.196895	-117.541748	-0.022465
16801.075277	-124.375534	-0.381137	-86.870933	-0.150989	-126.895990	0.394787	-120.447994	-0.395753
16843.077965	-132.091444	0.399575	-81.106451	0.260331	-119.652910	0.458525	-123.455102	0.399779
16885.080653	-125.211852	0.036409	-89.664268	0.452010	-119.237355	0.203468	-119.923916	-0.196069
16927.083341	-134.352901	-0.357052	-82.156435	0.104500	-125.791992	0.235241	-131.737705	-0.370596
16969.086030	-121.248683	-0.031568	-74.417184	-0.349440	-127.036986	-0.174584	-121.054148	-0.025988
17011.088718	-121.743671	0.494842	-86.026357	-0.257371	-120.459614	-0.123216	-128.812420	-0.031769
17053.091406	-121.398749	0.115297	-80.946792	-0.290546	-127.948249	0.287882	-125.734246	0.003464
17095.094094	-127.408698	-0.186969	-75.411321	0.117347	-132.889824	-0.175130	-123.948148	-0.268382
17137.096782	-125.709560	-0.392713	-83.744941	-0.064460	-126.538298	0.385071	-120.537748	-0.478777
17179.099471	-131.896525	-0.102775	-90.701577	0.077317	-143.164297	-0.251656	-123.258383	0.295898
17221.102159	-121.483146	0.401458	-90.944854	0.286015	-136.213446	-0.076167	-119.816455	0.185752
17263.104847	-118.326476	-0.252328	-80.258932	0.054409	-118.624724	-0.243202	-129.806466	-0.426156
17305.107535	-141.711918	-0.054992	-81.689711	-0.312509	-130.526490	0.429660	-131.966248	-0.088471
17347.110223	-120.575556	-0.451604	-83.339589	0.212248	-142.438849	0.043519	-120.281937	-0.193695
17389.112912	-140.967112	0.318619	-86.790048	0.153910	-125.667878	0.284362	-121.135686	-0.230875
17431.115600	-120.850859	0.394288	-85.273697	-0.372321	-129.958552	0.236313	-120.435299	0.275794
17473.118288	-131.476045	-0.188228	-80.345194	-0.025061	-127.864738	-0.257181	-125.365909	-0.481130
17515.120976	-124.803135	0.182371	-80.733149	-0.375644	-125.143791	0.150806	-132.882776	-0.127230
17557.123664	-125.813393	-0.203720	-81.039616	0.337557	-120.190362	-0.223951	-118.048973	-0.445871
17599.126353	-120.409941	-0.450511	-81.133363	0.431624	-122.169495	-0.296531	-126.527175	0.081794
17641.129041	-125.206490	-0.114671	-83.329790	-0.258645	-120.338918	-0.466446	-126.356887	0.453174
17683.131729	-126.901805	0.293516	-83.398927	0.455027	-126.158612	-0.369335	-127.076164	0.348385
17725.134417	-133.972598	-0.290074	-86.972780	0.470212	-119.670881	-0.329816	-127.853048	-0.072125
17767.137105	-132.966724	0.137732	-81.495594	0.031844	-118.722846	0.091659	-134.385922	-0.017004
17809.139793	-124.756751	-0.064168	-78.705464	-0.480215	-138.927003	0.472859	-125.690165	-0.016182
17851.142482	-126.648432	-0.457771	-82.245112	-0.010836	-118.516601	0.295051	-131.220829	0.419886
17893.145170	-120.815306	0.099260	-77.494225	-0.367562	-117.082938	0.240146	-123.169943	-0.006109
17935.147858	-127.992657	-0.268196	-82.543845	0.056594	-121.006197	-0.049147	-135.917885	0.414337
17977.150546	-120.156235	0.285408	-74.814583	0.355065	-125.916582	0.210542	-121.747656	-0.183299
18019.153234	-134.491746	0.176628	-83.567745	-0.279865	-120.741725	0.281481	-126.656387	-0.239545
18061.155923	-123.195327	-0.049958	-76.785067	0.167361	-121.096429	-0.077519	-132.005245	0.074463
18103.158611	-135.965323	0.422634	-78.813346	-0.394922	-125.821729	0.260564	-138.013488	-0.165260
18145.161299	-121.913703	0.314263	-79.996357	0.021360	-125.904747	-0.077454	-131.404166	0.119563
18187.163987	-128.252135	-0.018622	-79.261226	-0.330235	-124.482664	-0.469434	-122.482992	0.277229
18229.166675	-115.951845	0.040864	-83.100764	-0.209061	-130.343016	0.310159	-125.172632	0.240330
18271.169364	-118.518843	0.033677	-86.247791	0.454043	-125.624927	0.080224	-126.970573	-0.077828
18313.172052	-115.733227	0.225179	-81.911573	-0.309905	-121.182909	0.299821	-125.132669	0.202426
18355.174740	-134.553831	0.036799	-76.435820	-0.263738	-124.691174	0.324616	-126.079639	0.294122
18397.177428	-117.439619	-0.017036	-85.363932	0.483398	-119.737008	0.177046	-123.499365	0.033951
18439.180116	-124.808719	0.469336	-82.231149	0.137570	-129.185769	0.021305	-121.193178	0.161142
18481.182805	-121.275603	-0.349553	-92.842653	-0.232379	-130.858514	0.086061	-126.191414	-0.081754
18523.185493	-130.153446	-0.226586	-79.219320	0.471924	-120.691204	-0.305497	-123.569958	0.382252
18565.188181	-132.594845	-0.035234	-78.351145	0.031856	-137.701290	0.336268	-124.013378	-0.462669
18607.190869	-121.269848	-0.482090	-84.577877	0.099423	-123.425309	-0.123799	-126.763206	0.219845
18649.193557	-117.916150	0.235530	-87.213538	0.290700	-125.030311	-0.391342	-115.927931	-0.302608
18691.196246	-121.209242	0.463074	-82.626909	0.476692	-118.018152	-0.012659	-123.144268	0.199562
18733.198934	-126.091045	-0.053232	-77.163486	0.266216	-120.539053	-0.394868	-124.334469	-0.267679
18775.201622	-133.947480	0.021693	-80.855610	-0.416371	-126.646546	0.199581	-129.105263	0.295668
18817.204310	-121.802805	-0.293978	-82.501895	0.005947	-127.887668	-0.076977	-137.293168	0.394687
18859.206998	-120.427001	0.425534	-93.953605	-0.217990	-122.942402	-0.345543	-125.832704	-0.001889
18901.209686	-119.106809	-0.306851	-78.332399	0.148247	-123.570441	-0.186349	-124.219061	-0.140556
18943.212375	-120.904543	0.119894	-102.578284	-0.399889	-124.371248	-0.369528	-123.205868	0.322413
18985.215063	-123.542114	0.292339	-79.992197	-0.422959	-122.826718	0.049123	-127.663000	0.355781
19027.217751	-121.004146	0.039031	-89.214352	0.338345	-127.226160	-0.220177	-121.287725	-0.259749
19069.220439	-125.576353	0.400964	-80.325288	0.403110	-126.282367	0.260264	-120.082918	0.314230
19111.223127	-127.790225	0.437833	-93.598257	-0.244212	-120.324111	-0.296846	-131.454337	0.239222
19153.225816	-128.136623	-0.395028	-81.140848	0.363503	-128.020721	0.336608	-123.841870	-0.496783
19195.228504	-118.973488	0.475528	-88.218291	0.266020	-127.050112	0.482388	-130.996583	-0.260262
19237.231192	-131.909553	-0.150763	-83.193682	-0.398000	-130.075203	0.331109	-120.828217	-0.491521
19279.233880	-140.901923	-0.288105	-84.764772	-0.049456	-123.841436	0.490564	-118.298384	-0.473147
19321.236568	-124.697876	-0.090784	-83.772502	-0.287483	-125.018363	0.126754	-132.497432	0.033065
19363.239257	-122.563339	0.447681	-81.838437	-0.486705	-121.546352	0.256551	-120.429661	0.366015
19405.241945	-127.421824	0.225780	-82.848126	-0.149747	-129.944107	-0.299012	-127.931802	0.135981
19447.244633	-121.537190	-0.081159	-75.433182	-0.327239	-129.070777	0.473865	-133.430644	0.085849
19489.247321	-129.130235	-0.001336	-79.609243	0.365421	-123.392722	-0.025441	-124.531573	0.430886
19531.250009	-123.012279	-0.213720	-79.822961	-0.185046	-118.501254	0.314047	-121.230824	0.261206
19573.252698	-120.301674	0.244793	-76.297709	-0.013307	-123.399491	-0.251053	-130.568429	-0.002439
19615.255386	-125.264476	-0.156937	-81.089320	0.030703	-127.185175	-0.173702	-125.554083	0.035951
19657.258074	-128.512570	0.307372	-83.156442	-0.017724	-135.026652	-0.222979	-121.057484	-0.262365
19699.260762	-116.418320	0.472820	-84.448415	0.473166	-125.207316	0.085811	-131.630479	-0.114662
19741.263450	-122.935591	-0.379662	-76.172657	0.387019	-118.982746	0.300892	-117.163707	-0.190053
19783.266139	-120.655971	0.223288	-81.019249	0.420016	-116.015960	-0.064743	-119.625974	0.023577
19825.268827	-120.129850	0.179785	-82.712223	-0.056458	-141.896849	0.413714	-125.188880	-0.297082
19867.271515	-132.511613	-0.239146	-84.002228	0.258560	-117.104727	-0.030675	-118.729930	0.084286
19909.274203	-126.510229	0.013880	-82.678131	0.176472	-127.039118	-0.149815	-121.594251	-0.270882
19951.276891	-132.045012	-0.414404	-79.415696	0.367078	-134.442275	0.403038	-123.193908	0.123026
19993.279579	-113.978386	-0.446887	-73.418610	0.065638	-121.020638	0.476573	-130.627314	-0.037003
20035.282268	-125.071947	-0.463054	-86.559419	-0.046385	-130.683968	0.338740	-142.056554	0.056957
20077.284956	-122.888746	0.085373	-81.515555	-0.207568	-138.233241	0.119010	-126.233705	0.428495
20119.287644	-124.300236	0.047346	-81.042376	-0.138759	-119.681612	-0.392958	-131.231834	0.358952
20161.290332	-133.713718	0.339658	-80.831445	-0.496548	-118.516915	-0.126031	-133.795946	-0.189603
20203.293020	-134.780291	-0.423186	-82.715364	0.332396	-127.290765	-0.496186	-120.217521	-0.315451
20245.295709	-123.444950	0.381307	-84.866786	0.108189	-120.617413	0.196147	-121.605560	0.215929
20287.298397	-118.980824	0.010776	-81.119563	-0.120745	-124.999150	-0.027349	-122.652230	0.484860
20329.301085	-118.604722	0.172710	-81.776944	-0.038361	-125.539959	-0.239654	-127.207724	0.174059
20371.303773	-122.016016	-0.035362	-93.730654	0.297954	-127.540491	0.265919	-128.920585	0.391229
20413.306461	-119.051428	-0.067826	-98.959238	-0.412643	-118.582233	-0.387872	-135.424083	0.421462
20455.309150	-116.523441	-0.202048	-79.640101	0.416867	-130.787871	-0.336749	-126.597209	0.042699
20497.311838	-132.347734	-0.461421	-79.363719	-0.135497	-129.753653	-0.484778	-122.439812	-0.488086
20539.314526	-123.483987	0.117816	-85.879891	-0.253578	-135.950164	0.257454	-117.532571	0.194714
20581.317214	-132.429713	0.346956	-83.732816	-0.168292	-124.556032	-0.015077	-123.712222	0.106442
20623.319902	-126.290271	-0.338573	-94.690596	-0.287787	-145.098993	-0.188952	-127.601911	0.402002
20665.322591	-124.881122	0.203393	-75.366999	-0.416954	-123.653418	-0.103399	-126.719739	0.326179
20707.325279	-140.792906	-0.279288	-81.030835	0.297546	-119.831718	-0.458718	-115.585949	0.457007
20749.327967	-124.398471	0.233855	-82.129202	0.150213	-133.621076	-0.021845	-125.421314	-0.044065
20791.330655	-123.312325	0.449768	-79.641728	-0.159402	-123.959048	0.218253	-130.817040	-0.343166
20833.333343	-128.411837	-0.001720	-84.537177	-0.489931	-117.060464	0.270797	-122.711452	0.159231
20875.336032	-118.156028	0.215339	-89.158735	0.421954	-142.255184	0.157109	-118.976796	0.051136
20917.338720	-130.925311	0.382194	-82.550505	-0.471383	-127.146835	-0.129130	-139.807096	-0.441438
20959.341408	-119.485351	-0.043899	-78.915238	-0.385246	-120.352533	-0.104606	-130.237320	-0.101074
21001.344096	-129.044383	0.228907	-88.537170	-0.413543	-115.765231	0.005469	-136.611289	-0.280845
21043.346784	-121.220063	-0.213910	-84.986922	0.469154	-123.270492	-0.320409	-120.915900	-0.479930
21085.349472	-123.478218	0.425061	-80.052233	-0.175552	-134.367817	0.037966	-127.322971	-0.432142
21127.352161	-122.076909	0.245527	-81.398149	0.226899	-124.574302	0.166223	-125.981094	0.460605
21169.354849	-112.666411	-0.264693	-79.289252	0.023513	-115.937529	0.456849	-130.629513	-0.124511
21211.357537	-126.949612	0.499343	-85.763198	-0.038458	-121.428204	-0.282817	-123.776234	-0.163217
21253.360225	-126.824807	-0.401575	-75.179279	-0.470904	-120.521439	0.008373	-130.055261	-0.079443
21295.362913	-122.272111	-0.423756	-79.252074	0.275019	-127.558615	0.145599	-117.547667	-0.492333
21337.365602	-134.224498	0.455140	-77.401040	0.014187	-137.007987	0.273416	-129.437514	0.109720
21379.368290	-119.569116	-0.176480	-77.518894	-0.330462	-128.348522	0.417698	-125.068330	-0.426587
21421.370978	-141.054318	-0.183638	-83.183865	-0.341063	-121.568204	-0.424658	-128.702511	0.367903
21463.373666	-123.201690	-0.448153	-85.952006	-0.179315	-124.724085	-0.237649	-128.269768	-0.206376
21505.376354	-122.458538	0.333038	-83.255465	0.303765	-125.429265	0.393327	-128.115093	0.440916
21547.379043	-117.930306	0.060513	-80.911754	-0.031506	-124.143598	0.214598	-128.658346	0.174564
21589.381731	-122.557668	-0.112208	-82.708342	-0.448215	-122.863761	-0.450929	-126.802440	-0.046199
21631.384419	-124.428955	0.141819	-83.094712	0.180179	-123.575245	0.172147	-122.537710	-0.100342
21673.387107	-120.192719	-0.450063	-88.164818	0.490746	-122.849026	-0.326257	-130.169151	0.179800
21715.389795	-123.848365	0.205182	-78.894706	0.198926	-124.779691	-0.255653	-122.923074	0.402684
21757.392484	-123.888619	0.077940	-81.762615	-0.306027	-130.217070	0.073428	-125.590765	0.261754
21799.395172	-121.397006	0.344936	-84.073174	-0.268414	-124.159754	-0.480612	-133.739930	0.101170
21841.397860	-124.077849	-0.470813	-79.935657	0.475047	-126.971200	0.418446	-133.816189	0.231055
21883.400548	-125.422206	0.055864	-86.888165	0.211635	-133.926853	0.152079	-120.849036	0.078463
21925.403236	-116.628966	0.032709	-86.798483	0.373549	-126.720421	-0.007282	-117.062942	0.393072
21967.405924	-118.555759	0.105788	-86.293385	0.242698	-126.577017	0.310115	-126.424967	-0.167941
22009.408613	-124.592317	0.452508	-86.775469	0.055792	-126.992852	-0.025729	-124.994945	-0.435342
22051.411301	-133.032755	0.400873	-85.141724	0.428249	-125.016148	-0.059993	-121.471483	-0.351549
22093.413989	-117.881446	-0.172871	-83.261594	-0.434506	-117.056801	0.400358	-134.480667	-0.352308
22135.416677	-125.288522	-0.184538	-83.601513	0.388935	-122.500570	0.020777	-122.467030	-0.275330
22177.419365	-125.290101	-0.250332	-83.253018	-0.420771	-125.880465	-0.385397	-123.757406	-0.296529
22219.422054	-121.726072	-0.270814	-78.234670	0.360152	-118.676937	0.022134	-122.875117	0.450376
22261.424742	-121.679008	0.183072	-79.803242	-0.017156	-117.397294	0.387990	-127.764999	-0.101680
22303.427430	-123.263733	-0.475537	-80.735696	-0.370580	-125.696337	0.055317	-132.916659	0.303980
22345.430118	-113.838423	-0.182893	-82.366640	0.074301	-124.105984	-0.184152	-115.367753	-0.039503
22387.432806	-122.555403	-0.022879	-83.667783	-0.063085	-122.014716	0.248103	-126.706682	0.174879
22429.435495	-130.013369	0.150225	-81.434966	0.393963	-123.243582	0.450448	-126.996974	0.153623
22471.438183	-130.209392	-0.313648	-84.624844	-0.076843	-127.656276	0.257622	-121.320903	0.472232
22513.440871	-122.570354	-0.101229	-88.796762	0.018164	-123.249581	-0.451840	-123.965448	0.052938
22555.443559	-124.624001	-0.111518	-80.458193	0.439170	-124.195834	0.058649	-127.077540	0.075778
22597.446247	-125.078072	0.203946	-81.421008	-0.329742	-125.628389	0.097570	-125.280685	-0.442776
22639.448936	-127.095315	-0.044746	-88.837040	-0.277116	-127.954423	-0.050118	-127.430136	0.276069
22681.451624	-121.649967	-0.155946	-81.235259	0.483480	-118.111609	-0.118055	-122.421945	0.139293
22723.454312	-126.302123	-0.149470	-85.881667	-0.494425	-123.467332	-0.204508	-118.005913	-0.075476
22765.457000	-135.787188	0.482143	-82.319603	0.183538	-126.689734	0.118114	-115.783945	0.433310
22807.459688	-125.851317	0.066002	-85.249468	0.003789	-132.367582	0.422651	-126.903684	0.131045
22849.462377	-120.609744	0.382222	-87.121771	-0.489412	-129.452994	-0.441867	-125.265116	0.330742
22891.465065	-122.762203	-0.069535	-79.396086	-0.322477	-126.851257	-0.100540	-121.831618	0.056162
22933.467753	-122.830852	-0.487597	-84.422974	-0.286686	-124.053554	0.372677	-118.964616	-0.450136
22975.470441	-123.221467	-0.400698	-79.423456	0.214281	-115.466998	0.187150	-120.554898	0.365291
23017.473129	-123.176167	0.088562	-78.833261	0.166814	-127.122233	-0.099314	-126.570452	0.014272
23059.475817	-125.381751	0.010314	-75.870545	-0.197776	-125.392871	-0.075377	-116.927640	-0.066517
23101.478506	-125.487826	-0.088313	-85.148118	0.175624	-124.268930	0.036388	-130.455602	0.193479
23143.481194	-126.862385	-0.483047	-93.882753	0.029117	-124.870582	0.411093	-123.041775	-0.396218
23185.483882	-135.357848	-0.259331	-95.665953	-0.236943	-118.668658	0.395218	-124.673000	0.118860
23227.486570	-130.914627	-0.266338	-87.473745	0.195166	-130.066729	-0.052539	-126.507216	0.115503
23269.489258	-124.083612	0.354965	-77.632037	0.332344	-122.017462	-0.311403	-125.765108	-0.063045
23311.491947	-121.906539	0.390278	-82.323801	0.151883	-125.346562	-0.020647	-121.411122	-0.083532
23353.494635	-154.164250	-0.458259	-79.375463	-0.366116	-128.059076	-0.170694	-122.646847	-0.130733
23395.497323	-123.483436	0.314713	-87.461312	0.264329	-120.970902	-0.328732	-135.947942	0.139607
23437.500011	-127.779846	0.193533	-84.830110	0.271425	-124.736174	-0.100460	-126.030622	0.384592
23479.502699	-122.959844	-0.464891	-96.656920	-0.081360	-122.690890	-0.371341	-123.484348	0.295485
23521.505388	-146.247053	-0.050662	-87.973886	-0.251999	-129.163564	-0.462686	-116.712960	-0.289144
23563.508076	-123.689894	0.199817	-82.101271	-0.423770	-121.644101	0.135606	-127.779466	0.075436
23605.510764	-126.778189	0.135456	-82.786003	-0.165008	-116.530515	0.485127	-120.090972	-0.391832
23647.513452	-121.909153	0.349251	-84.288608	0.321718	-134.225172	0.453558	-120.796259	-0.303912
23689.516140	-124.905892	-0.322592	-92.363997	-0.179449	-129.921327	-0.233248	-135.246824	-0.352112
23731.518829	-126.635343	0.356111	-84.935322	-0.031131	-120.547413	0.347418	-119.648294	0.079863
23773.521517	-125.955258	-0.313211	-81.629079	-0.427064	-122.043702	-0.029060	-131.770688	0.106470
23815.524205	-127.027736	0.302784	-83.865337	-0.265956	-114.847907	-0.322409	-122.301532	0.478521
23857.526893	-127.938912	0.238334	-79.434281	0.202062	-119.597802	-0.013594	-126.953202	-0.409232
23899.529581	-153.133441	-0.049439	-81.860381	-0.334057	-125.242424	-0.178259	-126.022256	-0.476050
23941.532270	-122.492009	-0.301464	-84.593595	-0.257830	-123.798982	0.209597	-123.428210	0.021751
23983.534958	-127.732007	0.025431	-101.028200	-0.491813	-128.511229	0.275023	-125.371784	0.147547
24025.537646	-134.074412	0.477289	-88.647216	0.249329	-135.697259	0.448188	-122.227209	0.462846
24067.540334	-122.548754	-0.439761	-80.162609	-0.353987	-123.302611	-0.445241	-126.618049	-0.264564
24109.543022	-120.219312	-0.449117	-88.565204	-0.127977	-142.568198	0.140176	-125.356675	-0.389859
24151.545710	-123.075001	-0.150303	-86.076717	0.427825	-132.941148	0.000785	-116.831482	0.269514
24193.548399	-120.747267	-0.365388	-94.284408	-0.480583	-125.934235	0.152524	-140.195787	0.273336
24235.551087	-127.248145	0.079630	-82.551402	-0.346395	-124.871384	0.383628	-120.079560	0.416619
24277.553775	-120.927822	-0.203777	-86.844358	0.049495	-122.000621	-0.274901	-125.438028	0.019539
24319.556463	-121.245999	0.068946	-89.529633	0.236219	-134.282062	-0.210766	-129.159129	0.039338
24361.559151	-122.204100	0.008014	-84.310126	-0.221753	-126.509462	-0.390272	-120.045876	0.459424
24403.561840	-134.996122	-0.325682	-92.015522	-0.363715	-119.649995	0.076750	-131.536299	0.459707
24445.564528	-133.018805	0.368210	-85.712501	-0.037825	-129.696272	-0.287445	-118.056248	-0.352379
24487.567216	-117.878062	-0.466914	-83.886093	-0.259497	-126.919967	0.282797	-120.533537	-0.366112
24529.569904	-116.742497	-0.053061	-82.709085	-0.006944	-125.146267	0.463032	-124.306416	-0.370749
24571.572592	-119.857150	-0.376846	-87.052452	-0.222234	-118.114153	-0.419884	-117.536437	0.386604
24613.575281	-124.849606	0.396628	-88.839383	0.137276	-122.854490	0.178692	-129.105247	-0.107315
24655.577969	-127.590855	0.412268	-85.671790	0.326198	-122.506211	0.391762	-132.096732	0.175410
24697.580657	-115.712504	0.499907	-100.421199	0.027342	-119.764844	-0.302201	-119.955360	-0.179883
24739.583345	-129.104119	0.462944	-88.206479	0.187361	-121.667352	-0.108440	-118.960412	0.429124
24781.586033	-123.262721	-0.321853	-77.222378	-0.475575	-128.705673	-0.185537	-123.268051	-0.464387
24823.588722	-133.536154	0.028600	-84.033981	-0.429192	-132.848177	-0.438578	-122.020240	-0.349484
24865.591410	-137.592867	-0.216168	-87.384638	0.458108	-120.342398	-0.196644	-135.515841	-0.056715
24907.594098	-127.551297	0.175475	-80.255136	0.327923	-121.755565	0.365915	-122.271947	0.120280
24949.596786	-123.128552	-0.113261	-87.705612	-0.430330	-122.765663	0.028468	-119.094172	0.059762
24991.599474	-126.008635	-0.095404	-83.062294	-0.301530	-134.705193	0.490556	-122.490623	0.298471
25033.602163	-122.212541	0.054278	-81.080165	-0.030156	-122.626732	0.166762	-120.904842	-0.069423
25075.604851	-136.626600	0.272362	-81.438504	-0.497873	-121.425098	0.426410	-119.969249	0.266054
25117.607539	-119.768598	-0.164972	-77.960571	0.232038	-120.189421	0.062116	-122.440537	0.069177
25159.610227	-129.434284	-0.485260	-80.522319	-0.047759	-120.203706	-0.170997	-123.845611	-0.348899
25201.612915	-122.631699	-0.099904	-91.357424	-0.250479	-120.475981	0.467530	-122.340913	0.081062
25243.615603	-124.874331	-0.233713	-93.779538	0.457747	-119.063681	0.262160	-121.909817	0.212837
25285.618292	-117.638296	0.273198	-96.178315	0.406614	-121.622095	0.281121	-127.580984	0.176723
25327.620980	-125.087925	0.075489	-84.379277	-0.073493	-125.923870	-0.361607	-122.924458	-0.369531
25369.623668	-123.704261	0.061581	-80.650354	0.383917	-130.520626	-0.052204	-119.999524	0.018789
25411.626356	-123.635258	0.440612	-78.586190	0.132772	-118.305724	0.219834	-116.920799	0.258538
25453.629044	-123.440414	0.282520	-85.246389	0.040308	-122.113803	0.178870	-121.775195	-0.453647
25495.631733	-128.909758	0.475658	-84.881288	-0.292262	-122.598922	-0.332280	-122.381341	0.340424
25537.634421	-128.715979	0.313694	-83.166807	-0.073731	-129.463934	-0.069777	-123.821401	0.292761
25579.637109	-120.832408	-0.467248	-100.756333	-0.358634	-134.323199	0.342657	-127.870769	-0.178443
25621.639797	-119.790103	-0.038444	-85.237186	-0.119112	-121.289548	-0.392669	-123.745349	0.141974
25663.642485	-127.227852	-0.204381	-79.966107	0.338590	-132.867209	0.098540	-133.154641	0.030873
25705.645174	-140.279043	0.487989	-95.019914	0.066154	-121.049809	0.131421	-121.865437	-0.258109
25747.647862	-122.439898	-0.026585	-84.083813	-0.289065	-122.321437	-0.149947	-116.329877	-0.192004
25789.650550	-123.696405	0.189884	-89.244460	0.114155	-119.956927	0.398195	-123.288682	0.189389
25831.653238	-124.483534	-0.140172	-84.515658	-0.292202	-120.704197	0.456973	-124.208175	-0.129939
25873.655926	-118.780808	-0.067599	-81.974704	-0.228747	-124.755725	0.095538	-120.487497	0.041868
25915.658615	-132.443738	-0.001633	-82.160295	-0.186434	-121.255864	0.401156	-128.937193	-0.015255
25957.661303	-134.981226	-0.423150	-81.506657	-0.335762	-118.761233	-0.091075	-120.940680	-0.201889
25999.663991	-131.613922	0.301348	-85.497016	-0.488509	-130.485128	0.310364	-131.682154	-0.485683
26041.666679	-132.396656	0.211924	-104.433173	0.320265	-120.483496	0.211190	-119.594967	0.365834
26083.669367	-123.615102	0.444958	-86.953701	-0.294831	-124.365186	0.477197	-142.284706	-0.331511
26125.672056	-130.659754	0.168745	-83.045543	-0.180775	-124.202906	0.084087	-128.770599	-0.027233
26167.674744	-119.997924	0.412461	-80.088757	-0.054283	-126.515814	0.122435	-124.354236	-0.441047
26209.677432	-124.216290	-0.139404	-82.559347	-0.149573	-126.597161	0.126255	-124.225343	-0.430723
26251.680120	-127.989778	0.262651	-86.501918	0.167508	-122.545967	-0.417363	-133.725139	-0.226249
26293.682808	-121.431684	-0.024342	-84.441445	-0.075970	-129.806871	0.248409	-126.254528	0.059756
26335.685496	-120.450699	-0.316827	-88.510802	0.109790	-124.137001	0.493635	-127.066346	0.465502
26377.688185	-135.215394	-0.210395	-86.028633	-0.193613	-124.394269	0.148150	-125.457486	0.461408
26419.690873	-119.308377	-0.054208	-91.620281	0.401130	-125.987669	-0.142635	-117.833844	-0.071317
26461.693561	-109.980931	0.480796	-96.158115	0.153000	-121.873460	0.355810	-124.880189	-0.187916
26503.696249	-126.087612	-0.263224	-102.124401	-0.230001	-125.795232	0.409112	-132.913190	-0.476949
26545.698937	-125.066520	0.050744	-81.095709	-0.481523	-129.400036	-0.256244	-137.925598	-0.276017
26587.701626	-118.769617	-0.222474	-80.459476	-0.163496	-119.108881	-0.472191	-121.835900	-0.436196
26629.704314	-115.477328	0.161168	-91.681493	-0.068619	-133.326110	0.220238	-117.029243	-0.180192
26671.707002	-130.142196	0.492488	-107.089585	0.320907	-125.340109	0.406550	-132.222737	-0.189606
26713.709690	-127.517334	-0.094227	-79.071065	0.345209	-117.382246	-0.359798	-126.753866	0.033277
26755.712378	-121.860724	-0.428608	-84.319795	0.486379	-122.305816	-0.403737	-126.087763	-0.149738
26797.715067	-126.729955	-0.381200	-82.405910	0.050731	-119.356395	-0.394522	-118.137026	-0.428548
26839.717755	-133.228660	0.371553	-91.433264	-0.196629	-123.107521	-0.136833	-122.970905	0.022728
26881.720443	-126.205424	-0.457942	-82.944397	-0.479789	-118.144274	-0.404956	-125.722484	0.250564
26923.723131	-127.769872	0.349054	-88.566955	0.346109	-118.741161	-0.329702	-131.226060	-0.003620
26965.725819	-122.100004	0.291465	-80.856602	-0.400104	-119.062283	-0.258572	-126.072688	-0.218409
27007.728508	-122.985988	-0.356807	-84.009875	0.136819	-125.846204	-0.480266	-126.522465	0.321070
27049.731196	-120.112618	0.064169	-82.313524	0.386272	-132.772079	-0.203194	-128.172830	-0.424290
27091.733884	-125.491412	0.026226	-88.057908	-0.057147	-123.731955	0.082282	-120.707351	-0.018571
27133.736572	-122.685416	0.437607	-84.082755	0.078492	-117.782166	0.298354	-125.061425	0.461797
27175.739260	-120.961886	-0.016074	-81.189517	-0.328540	-123.635029	0.051787	-131.876292	-0.491741
27217.741949	-126.820047	0.347603	-84.140010	-0.276986	-122.680664	0.214619	-119.829649	-0.149863
27259.744637	-120.538854	0.337894	-82.308509	0.001169	-117.583131	0.233058	-132.605037	-0.148669
27301.747325	-121.214271	0.161249	-85.407231	-0.228136	-122.308909	-0.156662	-132.388692	-0.270975
27343.750013	-116.721490	0.395029	-81.720418	-0.113878	-120.717934	-0.334459	-129.366339	-0.318801
27385.752701	-124.522248	0.181325	-99.094691	-0.017561	-125.629357	-0.026701	-121.681253	0.235200
27427.755389	-123.452818	0.017101	-96.974886	-0.404784	-129.787192	0.473625	-134.319422	-0.236949
27469.758078	-116.490972	0.371885	-81.637527	0.191295	-117.857509	-0.374715	-130.879586	0.091779
27511.760766	-123.128169	-0.299010	-89.005003	0.293765	-118.986091	-0.216260	-123.768362	0.201992
27553.763454	-123.624568	-0.159818	-88.554177	0.184959	-123.379772	0.077959	-128.189662	-0.200741
27595.766142	-123.421699	0.201835	-83.696379	0.268875	-136.277920	0.254570	-123.998038	0.246354
27637.768830	-122.688595	0.441560	-96.526976	-0.094020	-120.942765	-0.027273	-135.213488	-0.347775
27679.771519	-123.636921	0.362212	-83.547830	-0.287875	-131.481426	0.301311	-121.300946	0.143856
27721.774207	-123.668715	0.347574	-96.617614	-0.192287	-125.098878	-0.117836	-127.444270	-0.393403
27763.776895	-121.305109	-0.257871	-84.038370	-0.165747	-133.880674	0.464835	-119.475253	-0.106833
27805.779583	-117.907611	0.218966	-88.479734	-0.488132	-145.025976	-0.239986	-126.668218	-0.365775
27847.782271	-132.675125	0.137516	-80.169872	-0.240066	-127.316952	-0.325578	-123.930580	-0.473037
27889.784960	-134.571470	-0.425362	-81.782266	-0.092083	-124.391073	-0.118079	-114.015139	-0.335712
27931.787648	-121.341633	0.319910	-82.809921	-0.441959	-128.195151	0.205016	-131.990387	-0.025995
27973.790336	-125.333837	0.255217	-85.690763	-0.444571	-119.137447	0.314682	-121.969335	-0.053709
28015.793024	-117.396252	-0.415281	-79.729390	-0.399110	-124.480911	0.383160	-120.110843	0.497030
28057.795712	-126.107576	0.157834	-100.199789	0.433333	-123.288906	0.193353	-127.064756	0.113915
28099.798401	-124.812383	-0.224940	-79.521666	0.355945	-117.989044	0.058272	-124.980852	-0.398096
28141.801089	-127.789254	0.289305	-83.922448	0.344631	-126.317090	0.188282	-124.330860	0.325345
28183.803777	-123.742979	-0.019995	-85.013898	0.130836	-126.428114	-0.474477	-125.727877	-0.006146
28225.806465	-135.185232	-0.150831	-86.343789	-0.278375	-124.116366	0.227869	-126.199115	0.339919
28267.809153	-121.829146	0.150702	-85.102747	0.024021	-122.587422	0.291738	-124.767822	-0.248245
28309.811842	-119.418147	0.072152	-80.609705	0.326401	-129.535767	-0.454345	-119.752893	-0.022804
28351.814530	-115.047749	0.480009	-91.753396	0.181599	-116.907064	-0.462942	-130.635196	-0.184240
28393.817218	-123.763575	0.299739	-80.965697	-0.000327	-120.492627	-0.264419	-118.370662	-0.211858
28435.819906	-125.767104	0.386350	-82.912222	-0.386741	-126.282046	0.263647	-130.278889	0.259294
28477.822594	-125.074916	0.228979	-88.473121	-0.123810	-125.018133	0.100100	-125.337966	-0.193714
28519.825282	-118.495708	0.408422	-78.037087	0.389244	-117.104637	-0.267703	-119.808691	0.434464
28561.827971	-124.763643	0.442806	-82.606552	0.453660	-128.169753	0.168992	-118.956121	-0.069124
28603.830659	-121.281760	-0.065309	-89.658453	-0.288134	-131.627713	-0.438159	-122.210267	-0.103650
28645.833347	-124.640285	-0.199786	-83.760669	-0.007099	-123.558139	-0.244188	-130.797238	0.264293
28687.836035	-120.575447	-0.099385	-92.184101	-0.245258	-123.630370	-0.092474	-127.220971	-0.224968
28729.838723	-131.650308	0.024869	-94.744930	0.000443	-139.952719	0.196383	-124.385370	0.163531
28771.841412	-121.136270	-0.401765	-83.327860	-0.266310	-119.068593	0.077431	-128.046081	0.096894
28813.844100	-114.508771	0.300195	-79.395497	0.173420	-124.938494	0.150182	-138.648329	-0.293605
28855.846788	-114.270142	0.055807	-95.280756	0.121232	-124.636025	0.440869	-125.488869	-0.019251
28897.849476	-128.392818	0.247721	-93.311778	0.093381	-127.745762	0.286397	-128.445191	-0.259417
28939.852164	-125.629328	0.420901	-84.151717	-0.245645	-123.946233	0.285140	-127.846152	0.407947
28981.854853	-121.359867	-0.365663	-86.242765	-0.071105	-121.910338	-0.428647	-121.213769	-0.376776
29023.857541	-121.349479	0.263837	-91.801763	-0.137171	-126.772699	0.418108	-122.342477	0.212915
29065.860229	-125.209271	0.075687	-94.710660	-0.198598	-125.460339	-0.085901	-137.274000	0.497951
29107.862917	-120.042551	0.310050	-94.868966	0.283101	-119.165382	-0.321835	-116.651539	0.033984
29149.865605	-157.056833	0.122306	-86.274407	0.382557	-117.708967	-0.382213	-132.946855	-0.160997
29191.868294	-121.439323	-0.037082	-86.653177	-0.448884	-128.616796	0.492373	-119.582858	-0.087750
29233.870982	-124.156366	-0.181376	-87.236551	-0.118523	-124.829094	0.268063	-128.997916	-0.464417
29275.873670	-118.975487	-0.335132	-83.299004	0.025387	-119.176407	0.152799	-131.554763	-0.317717
29317.876358	-121.012045	-0.351431	-84.504544	-0.175986	-125.610140	0.478194	-120.874877	-0.382799
29359.879046	-135.485855	-0.350942	-89.645495	-0.054571	-121.921665	-0.084147	-129.260623	-0.300584
29401.881735	-117.661000	0.231528	-83.300413	0.257968	-125.426869	-0.285862	-128.213066	0.381131
29443.884423	-123.051674	-0.472282	-83.557281	0.191100	-121.344127	0.010759	-125.413311	0.083268
29485.887111	-125.521985	0.485473	-91.178073	0.483602	-138.252038	-0.126790	-125.315935	-0.453034
29527.889799	-128.427469	0.046674	-81.332788	0.233479	-123.294833	0.193858	-131.902293	0.441494
29569.892487	-126.512619	-0.445695	-86.946682	0.328071	-119.855519	0.436725	-119.446779	0.079065
29611.895175	-121.059175	0.483591	-88.972459	-0.357865	-123.140949	0.134127	-126.109858	0.422627
29653.897864	-121.853352	-0.475717	-82.318179	0.259384	-120.232777	0.457374	-120.760714	0.442732
29695.900552	-128.748285	0.399623	-86.233606	0.206889	-132.315741	-0.187891	-121.445585	0.365953
29737.903240	-120.023196	0.307348	-83.729188	-0.280328	-124.781062	0.287071	-125.339753	0.401815
29779.905928	-117.545399	0.427198	-83.627736	0.081736	-131.982425	0.486587	-123.742496	-0.107929
29821.908616	-125.316497	0.012214	-90.624589	0.020291	-122.957065	-0.394111	-131.248878	-0.234013
29863.911305	-128.622140	0.071928	-87.660852	-0.008790	-131.751086	0.365845	-121.711393	0.406122
29905.913993	-133.087836	-0.188334	-86.017304	0.390451	-126.555313	-0.182704	-125.557977	-0.323587
29947.916681	-123.225190	0.125534	-89.392116	0.029626	-125.064378	-0.332514	-120.303539	0.453776
29989.919369	-120.608116	0.014402	-85.678332	0.111306	-120.009214	0.223286	-126.091615	0.164481
30031.922057	-131.404180	-0.098922	-110.566095	-0.112942	-119.846775	-0.104869	-120.825445	-0.289545
30073.924746	-123.772795	-0.179925	-88.339884	0.414676	-121.926584	0.099337	-126.351414	-0.340752
30115.927434	-132.275527	0.265529	-85.950712	0.057748	-119.509604	-0.107017	-121.150334	0.234865
30157.930122	-118.572375	0.427153	-98.848663	-0.350785	-120.408134	0.228415	-123.951471	0.171984
30199.932810	-123.006519	0.329428	-92.434559	0.310011	-123.137905	-0.446916	-130.150612	-0.488019
30241.935498	-120.426100	-0.370136	-93.867841	-0.182201	-122.419169	-0.255663	-126.410375	-0.437965
30283.938187	-130.365813	-0.339332	-82.866294	0.308979	-122.942233	0.118837	-119.176613	0.045490
30325.940875	-126.069196	-0.317109	-92.468126	-0.302735	-117.654029	0.328200	-128.768512	-0.234733
30367.943563	-120.685852	-0.141041	-95.973917	0.376186	-122.215837	0.468069	-133.724671	0.350167
30409.946251	-119.437892	-0.035230	-83.282933	0.232843	-133.425379	-0.144368	-119.511249	-0.157717
30451.948939	-120.166051	-0.309542	-83.135981	-0.344027	-131.603814	0.483515	-133.667193	-0.294056
30493.951628	-125.483774	0.492200	-84.187146	-0.237345	-131.434362	-0.093201	-118.185976	0.382177
30535.954316	-121.016749	0.403364	-105.127288	-0.377575	-123.773961	-0.226180	-135.236766	-0.033001
30577.957004	-117.041627	-0.284419	-89.938433	0.003647	-131.427648	0.400121	-129.269929	0.058019
30619.959692	-131.264829	0.150389	-85.528576	0.175375	-125.628847	0.369247	-125.554854	-0.366202
30661.962380	-118.930908	0.356802	-85.037269	-0.146698	-137.603470	-0.204145	-117.501296	0.106713
30703.965068	-119.433011	-0.063436	-87.690443	0.174848	-123.678149	0.025722	-126.458983	-0.030476
30745.967757	-116.387455	0.485203	-102.024824	0.483428	-126.692496	-0.327149	-122.078067	0.431254
30787.970445	-134.958070	0.025863	-87.079384	0.001322	-121.914650	0.398915	-126.874162	0.323351
30829.973133	-127.238793	-0.476543	-84.601914	0.360416	-124.536540	-0.009133	-119.270156	-0.137633
30871.975821	-121.151953	0.447376	-85.230339	-0.397080	-123.156863	0.300837	-135.414018	-0.050794
30913.978509	-124.177406	-0.071397	-83.874803	-0.396343	-124.330506	0.063438	-127.638128	0.309585
30955.981198	-128.363280	-0.015283	-88.806961	-0.461732	-120.925108	0.037375	-128.430147	0.215988
30997.983886	-123.753314	-0.379681	-86.829233	-0.220829	-122.854136	0.341145	-123.491479	0.023999
31039.986574	-122.894754	-0.315429	-83.048242	0.486583	-124.105978	0.224962	-126.488408	-0.244024
31081.989262	-117.943175	0.469824	-93.393747	-0.495585	-127.025640	0.285070	-123.716475	0.345656
31123.991950	-120.736311	0.092841	-91.693527	0.300998	-124.547401	-0.017230	-123.581756	0.432335
31165.994639	-123.205637	-0.245522	-90.189394	0.286199	-118.138032	-0.321212	-119.693640	-0.308618
31207.997327	-129.721921	0.415592	-90.246285	-0.490827	-117.452692	0.179795	-126.625564	0.077620
31250.000015	-119.806647	0.282488	-92.154716	0.174043	-121.425363	-0.006454	-122.084600	0.156327
31292.002703	-133.703518	0.365959	-88.267712	0.360864	-134.906598	-0.298672	-129.065734	0.306395
31334.005391	-114.411794	0.361810	-82.452705	0.185325	-127.327884	0.237598	-126.258743	0.214329
31376.008080	-123.849560	0.320600	-92.529935	-0.484237	-118.866471	-0.110279	-129.018384	-0.450623
31418.010768	-127.647982	0.311469	-92.148862	0.086852	-129.451952	-0.330524	-124.381628	0.465353
31460.013456	-139.311123	0.028227	-84.699525	0.186750	-116.473449	-0.244258	-121.606791	-0.362126
31502.016144	-125.323128	0.132100	-82.693510	-0.295360	-125.060457	0.290753	-120.588292	0.234439
31544.018832	-133.365680	-0.153783	-87.000721	0.131322	-132.782465	0.086877	-126.549661	-0.230886
31586.021521	-121.376457	-0.325858	-86.394301	-0.015375	-127.350611	-0.489650	-135.772302	-0.421086
31628.024209	-119.242999	0.180077	-92.314466	0.458542	-122.753543	-0.300964	-121.912829	0.133751
31670.026897	-132.171581	0.264188	-84.351293	-0.357743	-136.208056	-0.120219	-122.372671	0.338957
31712.029585	-116.264276	0.118541	-83.667565	0.192494	-136.646453	0.169456	-126.876600	0.171928
31754.032273	-101.487470	-0.218265	-86.978224	-0.242545	-126.189570	0.228148	-121.086872	-0.199683
31796.034961	-127.897470	0.339237	-94.452612	-0.349423	-125.372099	0.494051	-140.527351	0.363628
31838.037650	-128.540606	0.066071	-89.349392	0.256695	-125.409798	0.277211	-120.673437	0.384307
31880.040338	-124.341601	0.183047	-89.866083	-0.478502	-118.225858	0.326818	-126.765986	0.310877
31922.043026	-127.427735	-0.170749	-86.176958	-0.470667	-125.704144	0.277047	-120.370629	-0.048959
31964.045714	-125.092923	0.360742	-93.841436	-0.256874	-125.989010	0.419813	-125.937267	0.298316
32006.048402	-127.671077	-0.000684	-82.700853	-0.300468	-121.688073	-0.077731	-127.891588	0.428020
32048.051091	-124.978383	0.037331	-91.517921	-0.305482	-133.811413	0.445337	-125.435112	-0.398651
32090.053779	-127.577487	-0.470654	-89.855694	-0.027993	-123.405943	0.060662	-130.073073	-0.293990
32132.056467	-117.092612	-0.463759	-87.649144	-0.438875	-125.354773	0.260249	-120.884344	0.080047
32174.059155	-122.378517	0.374973	-83.023891	0.277552	-140.641011	-0.186655	-129.655268	-0.230619
32216.061843	-125.704924	-0.441331	-86.973906	0.435261	-131.115199	0.369837	-129.417294	-0.429335
32258.064532	-121.240379	0.299149	-83.376510	0.325476	-128.726857	0.247813	-136.951903	0.334488
32300.067220	-119.212775	0.469155	-82.418035	-0.420664	-136.094668	0.050825	-118.296361	-0.449683
32342.069908	-124.115153	-0.492168	-104.758868	-0.487585	-117.733887	-0.293589	-128.206888	-0.467268
32384.072596	-128.443506	-0.119234	-83.475979	-0.400305	-121.830517	-0.086709	-126.699462	-0.084377
32426.075284	-130.536748	-0.366382	-92.381821	-0.494043	-117.396713	0.299418	-133.428987	-0.359867
32468.077973	-123.095516	0.369118	-90.035025	-0.309007	-138.032893	0.311595	-128.891137	0.158491
32510.080661	-126.435931	0.041351	-93.588284	0.375319	-128.748481	-0.367311	-118.754080	-0.043958
32552.083349	-127.003263	-0.383913	-84.101171	-0.001163	-143.113270	0.291439	-123.535279	-0.323424
32594.086037	-125.252682	-0.383496	-100.484627	0.489474	-125.756866	-0.372942	-121.036622	-0.198618
32636.088725	-126.040385	-0.396860	-88.408397	-0.117318	-122.755043	-0.314435	-135.293043	0.049967
32678.091413	-117.966544	-0.282904	-89.528161	0.071306	-122.759807	-0.011758	-124.831468	-0.180839
32720.094102	-117.965397	0.097793	-110.646379	-0.100732	-135.436460	-0.226086	-129.291269	-0.439437
32762.096790	-122.081582	0.301272	-89.599240	0.430750	-119.820582	0.157916	-117.950666	0.430883
32804.099478	-119.824200	0.377368	-85.744364	0.105297	-118.229168	0.253144	-124.942084	-0.323643
32846.102166	-122.302765	0.354418	-95.720467	0.182849	-124.256047	-0.117769	-127.250301	-0.443143
32888.104854	-124.600742	0.287523	-88.990198	-0.475392	-118.989712	-0.337212	-122.957749	-0.480889
32930.107543	-121.756227	0.012478	-93.070355	0.371338	-118.329377	-0.061893	-123.417987	0.436940
32972.110231	-127.784121	-0.033339	-83.859497	0.446461	-125.920957	-0.152406	-122.604271	0.099518
33014.112919	-119.808564	-0.144871	-84.754080	0.408758	-121.915467	0.006519	-124.478948	-0.182482
33056.115607	-127.680740	0.190374	-81.934444	-0.178056	-119.655619	0.127972	-133.295591	0.336451
33098.118295	-125.001158	-0.456930	-85.022841	-0.140885	-133.898867	0.361113	-123.651100	0.397862
33140.120984	-125.574428	-0.366222	-81.389601	0.349121	-137.813091	-0.228057	-124.825127	0.471367
33182.123672	-118.768188	-0.420802	-85.122441	0.461808	-120.841298	-0.210502	-121.539588	-0.245541
33224.126360	-120.710439	0.288249	-93.843834	0.291368	-127.030389	0.389190	-127.290069	0.344037
33266.129048	-128.298727	-0.420940	-83.198360	-0.070243	-130.040790	0.089418	-127.987750	0.414029
33308.131736	-121.152803	-0.323187	-87.392765	-0.268998	-123.521184	-0.424351	-121.113805	-0.035768
33350.134425	-123.578195	0.275391	-93.701129	-0.138169	-121.274818	0.267048	-122.225677	0.353943
33392.137113	-122.304105	-0.395384	-88.513909	-0.119227	-123.299181	0.418861	-122.710316	0.298445
33434.139801	-122.246744	-0.209259	-84.180242	-0.421823	-126.622086	-0.196858	-126.144922	-0.465956
33476.142489	-116.535290	-0.286662	-89.381293	0.466843	-122.759198	-0.182829	-133.592165	0.166387
33518.145177	-116.596346	-0.136143	-92.375509	0.019254	-121.638331	-0.280326	-123.697271	-0.026711
33560.147866	-121.801927	0.433794	-85.808213	-0.104008	-122.532524	0.065378	-122.428802	0.190468
33602.150554	-127.018079	-0.165267	-104.272111	0.034519	-119.815296	-3.393930E-5	-120.539226	0.276005
33644.153242	-123.814535	0.286823	-89.797024	0.485082	-125.806359	-0.187215	-123.387020	0.429951
33686.155930	-142.444914	0.421224	-83.186042	0.210352	-135.922245	-0.008311	-117.415910	0.437645
33728.158618	-126.011653	-0.371878	-86.938526	-0.057088	-121.212381	0.028133	-125.954137	0.181298
33770.161306	-121.718031	-0.099946	-90.549665	-0.410075	-128.058860	-0.272168	-146.910809	0.031406
33812.163995	-126.629861	0.119341	-87.700832	0.167544	-128.133031	-0.423425	-117.653497	0.000642
33854.166683	-124.725427	-0.179489	-81.290526	0.396147	-119.489741	0.354132	-126.203704	0.307983
33896.169371	-124.302206	0.474859	-87.745119	0.034886	-135.965575	-0.089624	-125.990359	0.158002
33938.172059	-124.410100	0.217318	-92.483093	-0.045437	-129.264102	0.205418	-132.489254	0.187605
33980.174747	-118.583497	-0.112981	-81.768481	0.030611	-126.558760	-0.376102	-120.926088	-0.363130
34022.177436	-118.688274	-0.219877	-87.546313	0.163564	-127.987556	0.394227	-119.222029	0.414802
34064.180124	-121.248000	0.020526	-94.711658	0.484779	-129.944363	-0.296951	-123.165975	-0.059911
34106.182812	-121.700385	-0.450696	-88.606418	0.182520	-121.369865	-0.275357	-123.673600	0.489377
34148.185500	-123.049940	-0.369497	-88.859506	0.487527	-127.205825	0.024328	-120.247050	0.148904
34190.188188	-126.408311	-0.277071	-92.071782	0.103757	-122.959576	-0.131290	-131.353908	-0.081523
34232.190877	-126.070617	0.031503	-92.095465	-0.495463	-127.594370	-0.014350	-119.489632	0.163376
34274.193565	-119.428021	0.472766	-89.268782	-0.494294	-119.774324	-0.368139	-131.756101	-0.130569
34316.196253	-127.456738	-0.245433	-82.792212	0.289596	-122.732790	-0.146686	-132.616982	0.158529
34358.198941	-122.864547	0.256937	-86.178818	0.226010	-128.284911	0.174224	-119.488707	-0.240818
34400.201629	-145.850540	0.076922	-89.758844	0.301448	-122.714278	-0.063564	-125.794922	-0.403642
34442.204318	-124.096242	-0.390123	-91.287425	0.080377	-131.462056	0.172164	-132.764155	0.008792
34484.207006	-119.140070	0.322938	-84.322438	-0.113308	-121.532362	0.081298	-124.367702	0.153467
34526.209694	-127.588250	-0.002444	-99.083918	-0.479848	-118.667753	-0.374587	-122.514863	0.150701
34568.212382	-122.209839	-0.425695	-86.883583	-0.281583	-131.461982	-0.071810	-123.655816	0.484226
34610.215070	-118.774916	0.015570	-99.084864	-0.305409	-128.427771	0.027948	-129.429625	0.085122
34652.217759	-121.254945	-0.310338	-85.341844	0.242342	-124.013514	-0.134818	-123.647394	-0.222840
34694.220447	-122.668579	-0.244395	-80.261380	-0.107488	-121.217566	-0.052226	-116.312172	0.262710
34736.223135	-131.090619	-0.124485	-93.890280	0.196070	-125.662910	0.101134	-125.923092	-0.018710
34778.225823	-123.617109	0.479187	-87.453322	0.146597	-119.270939	0.330442	-123.329941	-0.312095
34820.228511	-124.872377	-0.311204	-93.729251	0.362622	-119.847728	-0.483364	-124.829544	-0.417974
34862.231199	-136.716313	-0.391827	-84.148991	-0.295121	-127.074064	0.011105	-124.762459	-0.230498
34904.233888	-117.733231	-0.379768	-90.018342	-0.043294	-130.393598	0.146263	-125.066180	-0.136804
34946.236576	-121.911349	0.098034	-86.516325	0.388821	-120.084353	-0.022821	-132.993094	0.020710
34988.239264	-118.470381	-0.227114	-96.551051	0.441868	-121.580250	-0.445449	-121.810070	0.382294
35030.241952	-124.557698	0.395070	-87.071203	-0.327359	-119.522599	0.278761	-121.044714	-0.417022
35072.244640	-122.852120	-0.300182	-95.032500	-0.352967	-117.885259	-0.085843	-137.457707	0.142069
35114.247329	-121.977511	-0.103945	-102.778007	-0.395317	-118.700983	0.341507	-137.100247	-0.003299
35156.250017	-122.866855	0.143768	-102.775134	-0.388092	-118.283972	0.390536	-128.406426	-0.234089
35198.252705	-120.964265	0.260967	-87.985560	0.180825	-130.087408	-0.336508	-133.527495	0.395781
35240.255393	-126.634796	0.001950	-89.566706	-0.178573	-123.202897	0.437727	-117.671743	0.215636
35282.258081	-126.772706	-0.475101	-90.910360	0.115264	-120.477722	-0.418662	-130.600166	0.270261
35324.260770	-133.344298	0.065980	-83.218069	0.146335	-121.295680	-0.179618	-128.151637	-0.174671
35366.263458	-128.036687	0.466796	-91.731336	-0.159051	-121.508899	0.291048	-126.731668	-0.003683
35408.266146	-133.368353	-0.153583	-85.675539	-0.165834	-119.669245	-0.490184	-117.974530	-0.307908
35450.268834	-120.277839	-0.396763	-90.695186	0.303352	-121.096491	-0.345302	-132.238500	-0.412040
35492.271522	-124.758698	0.130568	-83.781121	-0.168253	-119.463940	-0.178358	-118.725465	-0.465072
35534.274211	-124.451413	0.327982	-87.913409	-0.339823	-120.888194	0.100896	-115.998648	0.052437
35576.276899	-121.681800	0.005061	-100.404142	0.254946	-128.333598	0.131064	-144.960680	-0.152492
35618.279587	-119.718264	-0.319110	-87.518807	-0.208860	-123.184051	0.323841	-119.874375	0.267170
35660.282275	-125.924692	-0.323428	-81.884446	0.211622	-125.451535	-0.070542	-118.979966	0.145247
35702.284963	-127.921665	-0.489463	-98.658525	-0.063689	-123.446129	-0.234280	-124.295168	-0.419406
35744.287652	-122.064133	0.394928	-83.879909	-0.457592	-121.825137	0.222951	-131.490423	0.100305
35786.290340	-114.995360	0.131788	-84.206821	0.065163	-116.745769	0.078087	-117.070380	0.138134
35828.293028	-118.618318	-0.077384	-101.284411	0.248299	-120.743126	-0.107024	-128.553216	0.416001
35870.295716	-115.572455	-0.068285	-91.139588	-0.124098	-116.609447	-0.417402	-126.158611	-0.143222
35912.298404	-124.352842	-0.481584	-96.047763	-0.379081	-122.146287	-0.487913	-122.744932	0.361848
35954.301092	-118.148720	0.007521	-92.406279	-0.141489	-129.908801	-0.116791	-126.162380	-0.174919
35996.303781	-125.999390	-0.269904	-83.167118	0.148050	-123.710760	0.147179	-121.357941	-0.298956
36038.306469	-124.540677	0.226791	-96.065304	-0.110065	-125.200061	-0.228882	-136.009094	-0.354051
36080.309157	-131.720692	0.408505	-91.191200	0.139161	-128.176779	-0.300991	-124.217064	-0.396201
36122.311845	-141.664820	-0.121605	-89.314465	0.416535	-124.934141	-0.264451	-126.702810	-0.432181
36164.314533	-135.364533	0.472516	-85.380784	0.297732	-120.087090	-0.257202	-118.112378	0.407715
36206.317222	-118.291262	-0.446519	-91.673956	-0.037230	-128.090706	0.484462	-120.928953	0.228455
36248.319910	-124.324890	-0.222512	-97.152814	-0.038044	-118.526103	0.076963	-136.446023	0.417903
36290.322598	-122.798006	-0.468607	-107.957644	0.097068	-139.655864	0.417559	-125.617873	-0.285862
36332.325286	-127.470164	-0.439336	-88.176456	-0.458665	-136.832473	-0.092091	-125.029976	-0.093849
36374.327974	-125.655528	0.067149	-101.164407	0.429221	-125.828702	-0.040132	-121.132932	0.199031
36416.330663	-121.426767	-0.157542	-91.249543	-0.495990	-127.880345	0.398977	-121.992120	0.466632
36458.333351	-134.237648	-0.401132	-94.388369	0.076191	-121.907113	-0.388608	-130.642168	0.236261
36500.336039	-123.282198	-0.087383	-99.262984	0.121288	-117.997877	-0.335338	-120.809584	-0.372859
36542.338727	-119.287661	-0.136919	-83.686217	0.213603	-119.571101	-0.496366	-119.916240	0.465788
36584.341415	-120.514989	0.046151	-84.865522	0.490412	-123.961426	0.060477	-122.150872	0.161123
36626.344104	-121.875674	-0.397415	-94.734301	-0.475281	-124.397391	0.430975	-118.017082	-0.436584
36668.346792	-120.175891	0.393613	-95.052016	-0.448768	-122.953974	-0.477134	-125.062859	-0.085568
36710.349480	-131.230236	0.220564	-102.973840	0.341480	-123.643061	0.383887	-131.917202	-0.116572
36752.352168	-124.548676	-0.199299	-90.640660	-0.087199	-120.161278	-0.380654	-127.205067	-0.250020
36794.354856	-130.250846	0.284692	-90.819404	-0.193317	-142.686603	-0.012749	-125.457314	0.419516
36836.357545	-138.136680	0.250522	-94.573525	-0.484263	-128.419071	0.034712	-122.599514	0.051724
36878.360233	-119.914637	-0.002920	-94.666664	0.419588	-123.917403	0.166918	-132.634826	0.287138
36920.362921	-124.518375	-0.457989	-92.937004	-0.271357	-133.467384	-0.083763	-128.243905	-0.263256
36962.365609	-133.424531	-0.244073	-91.440760	0.239028	-125.928707	-0.116882	-128.432416	-0.046418
37004.368297	-123.156519	0.092841	-82.936077	0.487723	-127.285866	-0.063873	-127.221441	-0.494665
37046.370985	-104.644983	-0.426422	-86.202500	-0.213655	-122.133168	-0.216882	-124.334181	0.143850
37088.373674	-118.850945	0.330772	-89.557574	0.155382	-134.414411	0.193636	-130.032759	-0.253326
37130.376362	-125.883544	-0.175501	-96.939123	-0.267085	-129.249927	0.096181	-119.009927	-0.055742
37172.379050	-120.443571	-0.145838	-94.697547	-0.170235	-129.840842	0.242527	-124.249048	0.047274
37214.381738	-124.754702	-0.181050	-110.739899	0.354309	-117.721071	-0.468641	-131.692350	0.067351
37256.384426	-123.480826	0.037083	-89.348991	0.283508	-122.979883	-0.186744	-132.513367	-0.062025
37298.387115	-123.100854	0.241170	-95.967596	-0.437001	-124.380326	-0.089797	-124.281147	-0.181007
37340.389803	-123.473968	-0.088194	-92.797565	0.005284	-129.822349	0.208291	-126.369303	0.308891
37382.392491	-121.078078	-0.434968	-86.080811	-0.347165	-118.675919	0.103550	-125.570678	0.059599
37424.395179	-123.665998	0.449625	-91.822255	0.430718	-128.947096	0.434724	-121.108028	0.254992
37466.397867	-121.126322	-0.186984	-88.618150	0.487744	-122.473674	-0.397075	-122.122058	-0.331243
37508.400556	-121.860860	0.493334	-89.355472	-0.263401	-125.566772	0.034177	-126.536542	-0.184210
37550.403244	-130.659146	0.353399	-88.265624	0.218321	-118.903624	-0.410137	-124.452968	0.060286
37592.405932	-119.458117	0.144619	-88.520006	0.333125	-133.971459	-0.195468	-126.218953	0.145173
37634.408620	-121.198381	0.188307	-97.391355	0.156358	-128.680752	0.005479	-125.661119	0.469667
37676.411308	-121.399139	0.492692	-89.269241	0.244819	-124.660423	0.246145	-119.664011	0.451088
37718.413997	-123.283466	0.396206	-93.302014	0.481812	-127.965552	0.418864	-124.066441	-0.016604
37760.416685	-131.289856	-0.338633	-88.827358	0.447629	-117.464809	0.360681	-121.210268	0.442389
37802.419373	-122.939292	0.480575	-89.833572	-0.469550	-123.008547	-0.364660	-117.288946	-0.417498
37844.422061	-127.182016	0.462831	-86.061561	0.274370	-132.492986	-0.096583	-131.671309	-0.263146
37886.424749	-117.656697	0.330776	-101.902490	-0.350313	-125.006399	-0.373708	-121.914980	0.293896
37928.427438	-125.083912	-0.132793	-101.722458	-0.493163	-123.851308	-0.337790	-125.663736	-0.257116
37970.430126	-119.237544	0.451391	-102.477053	-0.270850	-119.589881	0.107238	-135.081812	0.087535
38012.432814	-120.518398	-0.182199	-91.170168	-0.306516	-121.083029	-0.418924	-124.401670	-0.471104
38054.435502	-127.774771	-0.033988	-88.295845	0.361067	-139.089594	0.437071	-127.392287	0.314785
38096.438190	-128.341533	-0.253283	-91.397623	0.231510	-122.221532	-0.121141	-120.284114	-0.320678
38138.440878	-124.422872	-0.319480	-90.099791	0.382111	-122.464514	-0.032868	-126.782057	0.044373
38180.443567	-126.812586	-0.137179	-90.276001	-0.305044	-118.438668	-0.467716	-124.467431	0.487799
38222.446255	-110.476350	0.196444	-85.017130	-0.053692	-121.518074	-0.014792	-126.425831	-0.149036
38264.448943	-125.191242	-0.211465	-107.109773	0.133421	-121.200940	-0.285291	-123.230374	0.306403
38306.451631	-118.238120	0.077344	-95.915132	0.274736	-130.719776	-0.254287	-123.184928	-0.291133
38348.454319	-124.329083	-0.094765	-90.860989	-0.442753	-127.133262	-0.408967	-122.740593	-0.488032
38390.457008	-118.335848	0.398171	-99.402550	-0.455761	-122.145924	-0.001252	-121.642830	0.151475
38432.459696	-125.633739	-0.411905	-84.483330	-0.049253	-122.337473	-0.422686	-122.933839	0.196459
38474.462384	-127.758788	0.448964	-87.439253	-0.365493	-115.970309	-0.365931	-121.276477	-0.315004
38516.465072	-131.599735	0.109820	-93.889232	-0.350618	-125.000881	-0.470294	-122.762404	-0.467284
38558.467760	-125.563292	0.116880	-87.132687	0.492283	-123.859504	-0.101567	-121.897530	0.398848
38600.470449	-125.973449	-0.138817	-93.100971	-0.063320	-127.130156	-0.184297	-136.036915	-0.034746
38642.473137	-147.435879	0.222782	-102.475093	-0.192745	-122.048359	-0.366924	-123.053973	0.274849
38684.475825	-118.587506	-0.486515	-89.558958	-0.472975	-122.336785	0.072528	-115.808833	0.438048
38726.478513	-128.733976	0.127305	-101.209025	-0.322389	-127.307013	-0.314126	-120.915154	-0.304109
38768.481201	-126.471062	0.023557	-91.109782	-0.374600	-139.068277	0.385273	-124.943656	-0.089092
38810.483890	-123.417367	0.123863	-91.634737	-0.331202	-152.617152	-0.044529	-137.929984	-0.091608
38852.486578	-135.892609	-0.156183	-89.773647	0.352556	-127.005158	-0.260999	-120.706916	-0.040228
38894.489266	-127.123579	0.197620	-102.298922	-0.264554	-121.806622	-0.360172	-124.498576	0.366686
38936.491954	-125.484839	-0.415591	-94.236539	-0.335041	-120.065381	-0.343157	-120.066995	-0.056733
38978.494642	-123.585665	-0.213430	-91.108612	0.167696	-130.769723	-0.197042	-123.522012	-0.049805
39020.497331	-126.190151	0.392076	-90.769382	-0.032330	-129.411579	0.054364	-124.638593	0.286505
39062.500019	-123.923845	-0.079742	-96.225825	-0.228977	-127.019884	0.406541	-128.981686	-0.355517
39104.502707	-126.171849	-0.045218	-94.399940	-0.464981	-122.788504	-0.321519	-135.883211	0.148280
39146.505395	-130.545180	0.477666	-86.132010	-0.317741	-117.511075	0.177247	-122.083533	0.435309
39188.508083	-137.103487	0.215459	-111.069786	-0.337843	-120.811975	0.318257	-125.162726	0.282403
39230.510771	-129.052189	-0.404752	-103.417519	-0.405931	-121.106548	-0.401260	-126.638499	0.279744
39272.513460	-120.997722	-0.449179	-90.607183	-0.231241	-139.230144	0.286519	-117.842877	-0.347103
39314.516148	-119.315999	0.045384	-90.779469	0.181602	-123.844127	0.040762	-121.049241	-0.412286
39356.518836	-122.852336	-0.402188	-86.881675	-0.457000	-122.648065	0.360263	-117.704271	-0.423866
39398.521524	-126.256799	0.317461	-90.986627	0.431589	-129.910754	0.374278	-122.177543	0.349795
39440.524212	-126.620425	-0.005646	-86.609385	0.126162	-123.445039	0.326277	-126.107403	-0.062047
39482.526901	-117.737107	0.198831	-86.866745	0.484699	-121.840630	0.242348	-118.362392	-0.429347
39524.529589	-121.140832	0.025202	-110.782417	-0.240233	-119.381137	-0.244535	-142.822759	0.155577
39566.532277	-116.121799	-0.124359	-89.080795	-0.077573	-122.474828	-0.285919	-123.239917	-0.435701
39608.534965	-118.743095	0.220063	-90.851262	-0.237267	-124.703685	0.267379	-139.349166	-0.028734
39650.537653	-120.199535	0.009593	-100.910727	-0.104970	-128.428815	0.026822	-124.590911	-0.229562
39692.540342	-120.374358	-0.077110	-87.964361	-0.199782	-120.946477	-0.199051	-120.714190	-0.079229
39734.543030	-129.176183	-0.085131	-86.102556	-0.437514	-126.438485	0.110595	-142.632155	0.072302
39776.545718	-118.948365	0.040558	-95.816730	-0.304573	-119.676842	0.098139	-123.285446	0.386231
39818.548406	-124.176979	0.415489	-90.930767	0.187934	-122.447528	0.156468	-126.723105	-0.467806
39860.551094	-126.271815	-0.426141	-92.256763	-0.257053	-130.639831	-0.171212	-123.031135	0.097034
39902.553783	-122.817473	-0.173874	-88.315783	-0.300798	-131.085314	-0.251635	-122.353756	-0.083991
39944.556471	-115.282921	0.424167	-98.966658	-0.205665	-128.771109	-0.445141	-134.877784	0.124176
39986.559159	-123.815224	0.034984	-95.489752	0.074233	-124.768453	-0.283989	-120.886289	-0.288117
