% f485.txt
% Date Thu, Jul 15, 2021 4:47 PM
% Sine seq
% Response spectrum
% Stim level (V pk) 0.100, 0 dB filter gain, 120.0 dB attenuation
% Stim RMS (V) 0.000
% Freq [Hz]	Ch0 Mag [dB]	Ch0 Phase [cyc]	Ch1 Mag [dB]	Ch1 Phase [cyc]	Ch2 Mag [dB]	Ch2 Phase [cyc]	Ch3 Mag [dB]	Ch3 Phase [cyc]
%%end
50.000000	-113.113961	-0.032455	-57.517654	-0.257726	-103.461282	-0.160565	-114.237490	0.244091
100.000000	-115.431972	0.276564	-47.970417	0.275903	-106.995780	-0.461094	-115.529852	-0.324698
150.000000	-110.590579	-0.128754	-47.338120	-0.317083	-107.133966	0.033583	-116.924994	-0.117247
200.000000	-123.763135	0.016751	-53.186976	-0.088025	-106.483870	0.297939	-123.406445	0.272212
250.000000	-118.649487	-0.258699	-56.533233	0.271431	-101.507007	0.249176	-121.454067	0.031696
300.000000	-98.548829	0.047734	-50.841887	0.472286	-103.280962	-0.480524	-108.923065	0.435588
350.000000	-115.205844	-0.122638	-48.931887	-0.280442	-114.533200	0.472548	-123.700889	0.011588
400.000000	-114.606951	-0.458423	-50.189877	-0.434012	-105.545355	0.436286	-114.258305	0.395672
450.000000	-127.723805	0.497824	-52.206833	0.342961	-107.405975	-0.339322	-122.365736	-0.171348
500.000000	-116.385633	0.044600	-67.533260	-0.435462	-119.527268	-0.276602	-114.600401	0.169992
550.000000	-39.093295	-0.231489	-27.248832	0.440490	-116.500559	0.281890	-135.317778	0.468384
600.000001	-127.179599	0.129094	-53.399481	0.169600	-107.046141	-0.139034	-124.159046	0.498203
650.000001	-116.713509	-0.005684	-56.420112	-0.314046	-116.452259	-0.453966	-117.032656	-0.201931
700.000001	-121.601061	0.448601	-58.488862	-0.202881	-109.393372	-0.301808	-122.358374	0.342639
750.000001	-116.016095	0.333923	-50.577326	-0.230020	-109.841942	0.451747	-121.918551	0.157363
800.000001	-121.952467	0.385828	-64.759990	-0.376509	-107.671687	-0.310619	-119.700210	0.375624
850.000001	-125.270030	0.013272	-75.723643	0.124653	-116.765800	-0.201501	-132.034935	0.120166
900.000001	-111.475867	0.045561	-64.341521	0.235730	-114.389446	-0.487423	-120.384263	0.207122
950.000001	-117.394792	0.191158	-66.908359	-0.352254	-116.003653	0.266268	-120.485930	-0.414076
1000.000001	-117.205526	0.062053	-63.124934	0.034964	-115.392349	0.394765	-117.337964	0.360153
1050.000001	-118.670765	-0.182906	-53.789695	0.211449	-120.823757	-0.263151	-120.466956	-0.262411
1100.000001	-101.468350	-0.487026	-63.603672	-0.122477	-122.583452	-0.083104	-117.801995	0.156694
1150.000001	-123.322575	-0.305035	-67.256026	0.151524	-117.709465	-0.447722	-118.502560	0.218686
1200.000001	-125.825361	0.336770	-59.340474	-0.247779	-109.319374	0.238701	-125.960005	0.025989
1250.000001	-117.061446	-0.011631	-62.302417	0.073428	-124.990851	-0.324974	-117.642879	-0.010408
1300.000001	-115.572155	0.052317	-59.065938	-0.103257	-126.395683	0.207043	-124.432855	-0.098313
1350.000001	-127.554880	0.370149	-64.950601	0.343697	-129.547716	-0.071189	-120.821403	0.130984
1400.000001	-128.170374	-0.365987	-69.975121	-0.465686	-124.958780	-0.309107	-120.574437	-0.125503
1450.000001	-122.999081	0.286500	-59.603009	0.299189	-122.526438	0.064863	-125.034801	0.226037
1500.000001	-121.384620	-0.049031	-62.735574	0.458626	-119.383128	-0.405971	-126.406855	0.235582
1550.000001	-125.961883	0.175646	-64.814078	0.046004	-118.287074	0.433468	-119.028008	-0.112129
1600.000001	-134.162930	0.114745	-70.546967	0.156523	-115.040370	-0.072220	-121.935173	-0.119775
1650.000001	-100.239747	0.311546	-63.585712	-0.472658	-117.105049	0.390356	-118.652683	-0.369648
1700.000002	-124.669368	-0.352661	-57.393027	0.024384	-117.098491	0.463413	-118.790096	-0.114291
1750.000002	-131.047260	-0.115872	-61.791924	0.187612	-116.009834	0.285419	-120.776136	0.141686
1800.000002	-125.318300	-0.140514	-61.052189	0.148641	-124.028609	0.263498	-117.026689	0.419969
1850.000002	-132.137238	-0.425614	-67.647650	0.103449	-122.969975	0.378464	-121.775668	0.220585
1900.000002	-137.273801	-0.227302	-66.156156	-0.436034	-114.313420	-0.161595	-120.490343	0.093758
1950.000002	-123.805144	0.354906	-65.810160	0.192424	-118.776320	0.381105	-118.691018	-0.279156
2000.000002	-117.356798	-0.187477	-64.174257	0.057453	-115.070784	-0.094663	-120.749143	-0.288661
2050.000002	-117.055326	0.056147	-66.559250	0.439419	-117.887822	0.000880	-119.326745	0.116563
2100.000002	-122.125007	0.476526	-59.695199	0.417130	-125.993529	0.479614	-116.994531	0.006098
2150.000002	-118.193741	0.270343	-71.267590	-0.409527	-123.281220	0.389230	-124.041514	-0.355934
2200.000002	-102.568275	-0.399259	-65.523025	-0.231616	-122.471044	-0.051009	-122.283845	-0.256134
2250.000002	-121.578534	0.180304	-67.631297	-0.101537	-114.317612	0.193723	-122.568466	-0.318150
2300.000002	-117.980082	-0.487975	-65.201897	-0.146670	-123.140334	0.269012	-119.929722	-0.278624
2350.000002	-120.495921	-0.473743	-67.938288	-0.027206	-118.365824	-0.321824	-137.103203	0.142957
2400.000002	-121.405263	0.183773	-67.012700	0.357845	-119.089800	-0.242271	-121.697692	-0.140367
2450.000002	-124.950566	0.170421	-65.851536	0.345764	-116.350064	0.117220	-118.942695	-0.339890
2500.000002	-123.918224	-0.007233	-61.436475	-0.080740	-117.844207	-0.471785	-119.426147	0.039843
2550.000002	-118.930183	0.322949	-57.838010	0.108923	-113.617483	0.454042	-117.605318	0.064337
2600.000002	-123.651565	0.129289	-72.555208	-0.464755	-122.553037	0.001709	-121.008285	-0.210831
2650.000002	-117.184255	-0.487124	-63.319820	0.180639	-128.755715	-0.163777	-126.744901	-0.078291
2700.000002	-119.431730	0.494924	-75.913799	0.226205	-131.144399	-0.258484	-119.808246	0.397490
2750.000002	-104.221889	0.347435	-63.693023	0.444886	-114.846458	-0.317194	-119.121418	0.371994
2800.000002	-128.523170	-0.162789	-62.539244	0.074038	-133.480273	-0.301812	-126.209723	-0.404888
2850.000003	-119.943267	-0.323378	-68.078020	0.394631	-116.268733	-0.071767	-118.591516	-0.404271
2900.000003	-120.841580	0.212956	-65.057969	0.283083	-126.866109	0.157956	-121.031861	-0.433642
2950.000003	-119.054022	-0.094054	-72.730457	0.059515	-119.878679	0.162679	-119.871627	-0.066978
3000.000003	-119.225924	0.081864	-62.018206	0.127512	-118.921154	0.053900	-119.620491	0.098587
3050.000003	-129.060038	0.300302	-63.101103	-0.377400	-126.087790	0.090906	-121.667818	-0.302855
3100.000003	-127.759083	0.498621	-63.527738	-0.037917	-141.594164	0.148445	-122.695792	0.478013
3150.000003	-127.160663	0.107309	-63.096456	-0.110036	-126.405162	-0.262522	-115.959248	0.409861
3200.000003	-119.612416	0.304719	-62.609843	-0.066761	-120.938315	-0.219356	-118.090219	0.061543
3250.000003	-129.017605	0.149221	-81.753346	0.319370	-132.434864	-0.252811	-117.176314	-0.354262
3300.000003	-104.519944	-0.386002	-62.794236	-0.004785	-135.494434	-0.364830	-124.560298	0.351631
3350.000003	-126.573771	0.064081	-66.716838	-0.365751	-114.826226	0.341710	-115.429197	0.254618
3400.000003	-123.236025	0.497187	-68.296785	-0.226863	-119.602316	0.445706	-129.649842	-0.047150
3450.000003	-119.375310	-0.375548	-68.121438	-0.174408	-118.130462	-0.369033	-127.734039	0.107189
3500.000003	-121.781534	0.264772	-79.602757	0.468826	-144.328093	0.301115	-119.066059	0.250353
3550.000003	-116.229717	0.298881	-65.622285	-0.365182	-114.721317	0.178482	-126.369383	-0.037132
3600.000003	-128.316904	0.455577	-71.628925	-0.050722	-125.700511	-0.201743	-117.347975	0.345763
3650.000003	-117.055657	0.378805	-65.934598	0.102965	-120.785179	0.047072	-123.314261	-0.097887
3700.000003	-127.460233	0.285473	-81.370026	0.138491	-145.211327	-0.008515	-120.404135	-0.167036
3750.000003	-116.133408	-0.296627	-64.936796	-0.391846	-122.339946	-0.221664	-121.165659	-0.488643
3800.000003	-117.908238	-0.159682	-69.476999	-0.003389	-122.309948	0.449491	-133.642318	0.129015
3850.000003	-129.097449	0.076827	-76.643482	0.239674	-128.312059	-0.399367	-121.263795	0.210344
3900.000003	-123.519582	0.051691	-63.938348	-0.236771	-121.885177	0.109685	-116.050559	0.016271
3950.000003	-118.871504	-0.351666	-68.805002	-0.313428	-120.802634	0.449968	-120.294014	-0.329636
4000.000004	-123.047594	0.141403	-71.179505	-0.449477	-126.467513	0.204336	-122.317210	0.285823
4050.000004	-157.800876	0.155406	-74.023474	-0.090106	-116.330594	-0.116097	-126.801880	0.340834
4100.000004	-120.528488	-0.466090	-74.273876	-0.000763	-119.556427	-0.456589	-118.306661	-0.327547
4150.000004	-119.571254	-0.013822	-67.141971	0.253319	-126.828384	-0.059644	-123.733359	0.182001
4200.000004	-120.391186	-0.357102	-66.423258	-0.134105	-125.034656	-0.134761	-140.626997	-0.495188
4250.000004	-132.242995	-0.236808	-71.733950	0.156905	-119.408949	0.042005	-118.658915	0.000504
4300.000004	-128.264357	0.083180	-67.176401	0.000671	-122.603065	-0.027502	-125.899746	0.020305
4350.000004	-133.273912	0.069876	-67.334527	0.186959	-122.542789	0.498863	-122.354906	-0.338486
4400.000004	-104.033936	-0.321830	-67.216430	0.225879	-120.742694	-0.093602	-114.955097	-0.407388
4450.000004	-128.231609	-0.099527	-78.134176	0.475058	-122.634553	0.044717	-121.183965	-0.476038
4500.000004	-129.543814	0.257539	-67.830776	-0.023755	-125.561508	-0.329851	-122.070805	0.456282
4550.000004	-128.696913	-0.305629	-71.130311	0.280937	-118.719591	-0.424173	-113.104023	-0.384063
4600.000004	-134.370633	0.111222	-71.961129	0.292594	-121.465054	-0.053243	-122.254457	0.141596
4650.000004	-127.405030	0.489962	-73.019178	-0.153033	-117.020731	0.282458	-118.945051	0.409056
4700.000004	-127.596553	-0.387898	-70.468752	0.160801	-122.318567	0.432328	-123.616072	-0.093525
4750.000004	-119.431761	-0.373922	-64.183855	0.295383	-131.879835	-0.118111	-133.675168	-0.251986
4800.000004	-123.269211	0.034570	-68.887970	0.209316	-118.772235	0.101469	-133.363911	-0.346122
4850.000004	-114.008937	-0.101739	-73.401979	-0.304444	-120.441896	-0.049948	-117.290916	-0.122694
4900.000004	-114.812566	-0.327020	-62.354443	0.475385	-125.155404	-0.413339	-126.962785	0.391653
4950.000004	-119.378095	0.228132	-67.990832	0.447998	-122.058900	0.347344	-122.001837	0.197061
5000.000004	-121.223896	-0.045204	-73.245109	-0.306764	-125.233376	-0.105361	-121.182238	0.003469
5050.000004	-131.025084	0.158446	-77.129597	0.466511	-120.610854	0.167427	-118.277759	-0.190151
5100.000005	-115.252891	-0.289320	-77.655503	0.170144	-131.589965	0.385565	-126.393527	-0.369441
5150.000005	-123.649788	-0.166662	-69.348921	-0.416409	-124.391689	0.143574	-122.295391	0.324751
5200.000005	-122.735241	-0.178743	-70.544513	0.157763	-124.280902	0.435394	-123.200851	0.181834
5250.000005	-117.863975	-0.436081	-83.208877	0.453199	-121.931920	0.142646	-122.532748	0.284555
5300.000005	-126.820209	0.114456	-76.904347	0.410835	-120.753844	-0.089320	-117.698667	-0.246145
5350.000005	-125.033000	0.207343	-69.684810	-0.488400	-128.757771	0.497052	-127.632211	-0.429927
5400.000005	-128.745303	0.124411	-83.576039	0.121277	-125.733647	-0.169021	-126.223533	-0.056190
5450.000005	-136.140184	0.465829	-69.068280	-0.269175	-121.205527	-0.205650	-126.867916	0.146924
5500.000005	-110.520623	-0.306854	-77.814767	-0.403532	-125.887332	-0.201326	-131.187653	0.490705
5550.000005	-120.866376	0.243413	-72.687523	0.419826	-123.152614	-0.024763	-133.006962	0.421026
5600.000005	-119.454519	0.231289	-81.180567	0.498013	-119.678148	0.226499	-124.714886	-0.459725
5650.000005	-133.257910	0.214582	-73.226437	0.241122	-116.333596	-0.246654	-122.122362	-0.403106
5700.000005	-119.676071	-0.041878	-72.711449	-0.273660	-122.367620	-0.496101	-117.368089	-0.468702
5750.000005	-122.247469	0.200125	-67.342515	0.465153	-124.846453	0.370696	-118.685643	-0.154249
5800.000005	-131.958720	0.482426	-77.765736	-0.282703	-133.158792	-0.330137	-120.129479	-0.342685
5850.000005	-123.814745	-0.065179	-74.783592	0.130534	-116.072670	-0.328664	-117.048946	-0.246244
5900.000005	-117.622810	-0.274291	-71.371426	0.010249	-119.747913	0.370782	-130.497516	-0.215409
5950.000005	-116.837226	0.464740	-65.350519	-0.312682	-124.094731	-0.497692	-117.559522	0.433032
6000.000005	-113.670938	0.113151	-70.676985	-0.424826	-112.885791	0.479798	-124.940044	0.345981
6050.000005	-118.899832	-0.030878	-67.220945	-0.105905	-124.856790	-0.044117	-119.991408	-0.029012
6100.000005	-129.908766	0.053340	-74.568462	0.078491	-134.795976	0.328690	-117.340404	0.399156
6150.000005	-128.693384	0.466597	-74.026102	0.153889	-118.137905	-0.418151	-120.886539	0.384520
6200.000005	-124.291699	-0.391622	-76.137047	-0.032861	-125.341763	0.102543	-130.631950	-0.422966
6250.000006	-121.854213	0.083855	-77.577912	-0.294095	-115.900825	0.031397	-124.399077	0.036300
6300.000006	-127.058187	0.034976	-84.082324	0.371888	-118.686429	-0.041489	-122.823707	-0.436214
6350.000006	-118.668509	-0.483590	-72.206874	0.140205	-128.534054	0.462287	-117.397666	0.445029
6400.000006	-121.834434	-0.210692	-80.684631	0.469625	-129.822992	-0.210871	-121.007363	0.389112
6450.000006	-135.103402	0.389018	-69.688404	0.028501	-129.101090	0.176730	-126.456703	-0.258097
6500.000006	-125.808503	0.481268	-70.194564	0.373186	-123.060896	-0.387483	-131.638634	0.118750
6550.000006	-137.233537	-0.362095	-77.874049	0.027645	-128.039769	-0.384397	-117.533837	-0.180089
6600.000006	-108.257277	-0.301998	-71.817074	0.412831	-127.222768	-0.300107	-122.520432	0.426751
6650.000006	-127.215067	-0.069475	-68.328625	0.011119	-121.844538	0.218198	-117.064228	0.246845
6700.000006	-122.503415	-0.490337	-67.585231	-0.241436	-125.933225	0.299065	-116.797007	0.092974
6750.000006	-115.347547	-0.231917	-71.844028	0.484872	-123.111937	-0.375836	-118.309281	0.339267
6800.000006	-135.043790	0.127611	-70.172092	0.214693	-122.949754	0.078089	-119.738019	0.239826
6850.000006	-124.588590	0.243731	-76.596438	-0.413283	-124.530825	0.156936	-120.526225	-0.195459
6900.000006	-121.601765	-0.282585	-78.015591	0.091459	-119.780425	-0.077784	-115.451082	-0.296798
6950.000006	-122.909917	-0.451558	-71.930237	0.031170	-120.690119	-0.204829	-120.989676	-0.066687
7000.000006	-127.254416	-0.364343	-68.412361	-0.298107	-136.323703	0.120201	-129.558868	-0.328655
7050.000006	-128.782383	0.440820	-84.244403	-0.005793	-121.645427	0.422896	-116.702305	0.417370
7100.000006	-124.128250	0.207684	-82.154424	0.313037	-118.907554	0.432436	-120.592832	-0.312329
7150.000006	-106.395438	-0.024738	-71.491301	-0.127869	-120.021208	-0.330185	-123.147326	0.408318
7200.000006	-124.202638	0.390659	-73.019681	-0.427336	-119.987989	0.239708	-131.959575	0.228471
7250.000006	-126.720367	-0.021624	-82.792056	-0.443954	-114.855821	0.391139	-117.600033	0.307918
7300.000006	-124.820007	-0.220850	-74.320403	-0.107064	-114.739347	0.381062	-125.538171	0.097114
7350.000007	-115.838928	-0.422706	-72.383923	0.444309	-128.600027	-0.320662	-130.973602	0.358736
7400.000007	-129.062304	-0.162966	-79.723906	0.116210	-138.571776	0.213712	-130.339831	-0.001891
7450.000007	-125.095611	-0.072560	-85.904995	-0.090623	-127.739902	-0.319558	-117.720884	0.285838
7500.000007	-116.125647	-0.404289	-73.594761	-0.304630	-138.769139	-0.189335	-117.515614	-0.331023
7550.000007	-126.475479	0.324966	-71.884998	-0.238889	-130.309892	0.057135	-123.039572	-0.248586
7600.000007	-117.844168	-0.140674	-70.548743	0.246155	-125.090422	-0.392712	-129.366484	-0.269355
7650.000007	-125.554088	-0.347285	-71.056051	0.236819	-124.496519	0.139302	-117.337770	-0.246068
7700.000007	-119.806588	-0.215742	-70.807908	0.402611	-130.238327	0.363505	-127.396510	-0.191273
7750.000007	-124.593357	-0.002240	-80.333752	-0.467031	-123.044439	-0.498315	-128.088804	-0.002399
7800.000007	-123.638553	-0.458571	-70.252028	-0.256150	-128.030371	0.153415	-119.103768	0.042661
7850.000007	-124.569427	-0.215461	-87.152638	0.348144	-130.827860	0.142648	-125.293506	0.336985
7900.000007	-123.598939	0.461579	-70.270583	-0.278970	-122.193992	0.333365	-117.181831	0.283649
7950.000007	-126.444974	-0.002430	-75.429759	-0.314500	-129.225912	0.348829	-115.288665	0.468150
8000.000007	-128.205617	-0.289102	-70.567156	-0.385885	-125.572197	-0.150805	-119.834294	0.024473
8050.000007	-130.527609	0.199229	-75.958588	-0.317580	-121.530716	-0.289573	-122.204601	-0.278618
8100.000007	-120.508521	-0.338775	-78.177531	-0.013983	-121.508230	-0.203441	-118.522867	-0.351276
8150.000007	-136.503677	-0.499729	-78.095291	0.133477	-117.238628	0.111119	-122.880316	0.078587
8200.000007	-118.725023	0.114839	-83.648882	0.157507	-125.768337	0.236333	-121.959476	0.039537
8250.000007	-118.506035	-0.004240	-77.082770	-0.105766	-122.480675	-0.260323	-129.307430	0.119590
8300.000007	-119.904935	0.183531	-67.501216	0.346985	-114.969842	0.339039	-128.614590	0.401057
8350.000007	-123.057953	0.094256	-85.345371	-0.049759	-132.578499	-0.436932	-122.211014	0.105772
8400.000007	-128.182968	-0.494725	-79.948891	-0.252448	-144.248478	0.396160	-120.266440	-0.479326
8450.000007	-122.933269	-0.397012	-71.308579	0.135562	-127.109078	0.497277	-119.739883	0.324445
8500.000008	-127.211834	0.051863	-70.636545	0.359834	-130.351242	-0.195229	-119.131271	0.490553
8550.000008	-134.356227	0.372924	-68.887082	0.475981	-114.544569	0.218833	-118.949692	-0.065044
8600.000008	-124.782173	0.083753	-75.661186	0.448524	-118.680682	0.431352	-122.433824	-0.144687
8650.000008	-121.258230	0.036501	-68.177607	-0.141201	-118.325300	-0.187196	-114.095984	0.417331
8700.000008	-136.034648	-0.439801	-79.315091	-0.316715	-121.722104	0.190231	-118.896489	-0.305522
8750.000008	-127.941155	-0.358944	-71.948360	0.296425	-117.630985	0.271408	-127.069741	-0.482412
8800.000008	-123.715470	0.357467	-69.601771	-0.359006	-130.650177	0.205831	-132.055048	0.476071
8850.000008	-119.672134	0.016432	-74.108674	-0.461868	-124.519731	-0.388033	-128.884674	0.328623
8900.000008	-118.749476	0.299363	-73.398867	0.228968	-116.006733	0.016015	-127.096827	0.032156
8950.000008	-118.120396	0.007497	-77.683261	0.226665	-122.723617	0.089775	-152.309883	0.207678
9000.000008	-119.675080	-0.071878	-78.754972	-0.088711	-115.462992	-0.013285	-128.401092	-0.055697
9050.000008	-120.390253	-0.292772	-74.080133	0.451156	-134.605888	0.356444	-122.304272	-0.127385
9100.000008	-115.601900	0.248261	-76.616791	-0.186256	-126.482280	0.124147	-129.076764	-0.157770
9150.000008	-122.734112	0.310346	-73.420039	-0.258632	-124.396923	0.265565	-118.862868	-0.493237
9200.000008	-116.860288	0.201472	-73.949236	-0.212797	-114.552340	-0.480687	-125.002482	-0.028136
9250.000008	-118.830197	0.240992	-69.449645	-0.164522	-116.394655	0.086324	-119.742163	-0.056093
9300.000008	-121.355719	-0.466886	-83.085296	0.131543	-123.655670	0.373367	-126.435064	0.121157
9350.000008	-115.650076	0.061610	-88.253272	-0.378927	-123.153142	-0.416768	-124.673899	-0.130803
9400.000008	-128.624797	0.072055	-73.279728	-0.408324	-115.792697	0.301586	-123.115741	0.044867
9450.000008	-121.902517	-0.334980	-72.970519	-0.297043	-131.999382	0.386610	-123.652905	-0.118516
9500.000008	-120.025870	-0.398068	-74.110123	-0.320308	-133.980628	0.267381	-123.411797	0.010253
9550.000008	-126.117260	-0.250028	-69.672237	0.348425	-124.801614	-0.201999	-124.077570	-0.418705
9600.000009	-119.725842	0.013394	-73.152404	-0.054793	-119.294284	0.085205	-131.033557	0.009730
9650.000009	-127.726691	0.053929	-72.265271	-0.444951	-140.295642	0.008356	-116.364758	0.438397
9700.000009	-121.331398	0.400589	-78.509406	0.117120	-125.942894	0.415589	-118.107456	0.265016
9750.000009	-122.341902	0.115638	-72.011141	-0.015508	-118.473190	0.183262	-123.941863	0.307001
9800.000009	-138.848619	-0.452917	-77.635475	0.055245	-119.218102	0.486281	-122.846758	-0.075251
9850.000009	-118.851534	-0.028792	-75.335629	0.377394	-119.366090	0.444131	-121.066032	0.176764
9900.000009	-117.159147	0.402647	-72.339145	-0.277136	-116.765316	-0.200317	-126.617780	-0.410824
9950.000009	-125.189930	0.383596	-69.807027	0.113243	-140.790726	-0.024615	-135.452064	-0.039151
10000.000009	-121.770416	0.329776	-75.636289	-0.422436	-118.315218	-0.331203	-121.348968	-0.446193
10050.000009	-127.082864	0.107038	-79.092540	0.163659	-122.635705	0.441259	-123.188807	0.166647
10100.000009	-126.983420	-0.420846	-89.525987	0.497363	-121.154298	0.019344	-120.851846	-0.130227
10150.000009	-122.906440	-0.392019	-79.273728	-0.056310	-123.229160	0.425374	-133.683476	0.288864
10200.000009	-120.376707	-0.413878	-80.893879	-0.439829	-120.402903	0.349066	-125.193859	-0.255759
10250.000009	-126.490873	0.254215	-94.308454	-0.274041	-127.268180	0.286405	-125.884914	0.152671
10300.000009	-132.118034	0.118565	-99.937038	-0.188600	-124.664879	-0.022274	-118.545300	-0.431853
10350.000009	-118.418588	-0.255699	-74.491238	0.304447	-121.825675	0.246162	-121.248333	-0.142862
10400.000009	-127.402202	-0.091952	-80.722530	0.155594	-119.156710	-0.040868	-122.058590	-0.118455
10450.000009	-119.367434	0.150017	-84.056934	0.332221	-121.085963	-0.256817	-120.114137	-0.277415
10500.000009	-117.959814	-0.025762	-69.921616	-0.233487	-121.100158	-0.216621	-122.987548	-0.106939
10550.000009	-121.836257	-0.498121	-80.240675	0.181362	-124.851291	-0.333978	-117.412746	-0.433711
10600.000009	-124.829027	0.491978	-83.052456	0.114468	-127.566167	-0.346047	-126.372078	-0.480212
10650.000009	-120.881394	-0.200803	-82.022510	0.292645	-119.714016	0.252865	-128.921875	0.312158
10700.000009	-138.379619	0.161517	-84.604870	0.420103	-125.492042	0.475905	-117.043034	-0.011310
10750.000010	-123.436939	0.343722	-97.513220	-0.226062	-135.703082	0.464097	-122.070560	0.244878
10800.000010	-135.228212	0.298881	-85.871881	-0.104513	-118.892186	0.108529	-126.354652	-0.070883
10850.000010	-122.737174	-0.186301	-80.256657	0.002267	-116.717555	-0.268713	-125.954735	0.391969
10900.000010	-123.512609	-0.457258	-80.903702	-0.186071	-115.143732	-0.211221	-118.204823	-0.150859
10950.000010	-117.058628	0.097242	-76.580459	-0.305777	-126.211832	-0.496212	-116.442411	-0.059095
11000.000010	-111.552997	0.391552	-83.032106	-0.443399	-122.134837	0.289790	-129.842293	0.361478
11050.000010	-117.708945	-0.286021	-86.816121	0.217666	-121.345986	0.015278	-124.061734	-0.121277
11100.000010	-122.032485	-0.014152	-76.680826	0.292818	-120.252915	0.049654	-116.335348	-0.169537
11150.000010	-119.527539	-0.145964	-71.831945	0.456086	-119.894562	0.090228	-130.622544	-0.377081
11200.000010	-124.098515	0.087910	-80.987480	0.132260	-128.993257	-0.290678	-123.777421	0.306286
11250.000010	-120.976481	0.461896	-76.288056	0.277200	-124.019132	-0.418502	-129.814890	-0.390903
11300.000010	-123.836684	-0.281272	-87.640290	0.476903	-135.732953	0.217399	-121.677441	0.400443
11350.000010	-126.686714	-0.402851	-68.390846	-0.315607	-122.714048	-0.029931	-117.526113	0.300214
11400.000010	-126.714374	-0.440377	-72.492404	-0.248281	-119.716751	-0.333591	-132.743701	-0.220542
11450.000010	-132.395583	-0.041468	-80.006913	-0.221134	-115.171572	0.441819	-127.404584	-0.169228
11500.000010	-132.334566	-0.186211	-75.095617	-0.122376	-115.668645	0.450363	-118.583234	0.305232
11550.000010	-128.009991	0.310789	-99.948845	-0.286285	-117.123253	0.097440	-124.780702	0.010859
11600.000010	-136.417310	-0.334185	-76.702140	-0.439582	-125.541169	-0.182519	-117.598755	0.353845
11650.000010	-136.489997	-0.446977	-73.808497	-0.281022	-128.041649	-0.427235	-126.564971	0.024215
11700.000010	-124.812642	-0.111272	-79.283072	-0.230278	-126.841179	-0.271145	-123.118260	-0.185394
11750.000010	-125.328138	0.476820	-74.581815	-0.200256	-124.999934	-0.197066	-120.388774	-0.008052
11800.000010	-132.396509	-0.439221	-82.521549	-0.482693	-115.620993	-0.499342	-126.326089	-0.182649
11850.000010	-119.288873	-0.197171	-81.709373	0.190833	-124.063018	0.474857	-116.150313	0.373063
11900.000011	-125.941580	0.241642	-72.722194	0.071537	-122.024313	0.385381	-128.498697	0.421369
11950.000011	-117.254637	-0.430467	-80.553141	-0.349206	-134.174956	0.084618	-127.099586	-0.419793
12000.000011	-121.443588	0.021701	-70.890313	-0.356332	-131.398472	-0.133683	-116.952038	0.052661
12050.000011	-120.114271	0.311053	-74.812533	0.044815	-123.408383	0.237620	-120.714386	0.070109
12100.000011	-110.261547	0.341637	-80.711424	-0.047219	-126.735223	0.219235	-128.519095	-0.025211
12150.000011	-122.337188	0.268529	-76.030417	-0.388390	-127.417889	-0.426331	-148.215566	-0.144589
12200.000011	-120.972905	-0.277545	-85.867157	0.274628	-122.487412	0.397926	-124.924133	-0.053804
12250.000011	-125.127545	0.354471	-72.519718	-0.369045	-125.629322	0.313011	-133.031477	-0.055587
12300.000011	-113.559093	-0.183251	-81.256786	-0.423665	-118.829730	-0.109899	-126.706432	0.026833
12350.000011	-126.817794	-0.327548	-74.884999	-0.408357	-125.316908	0.257526	-125.949774	-0.460815
12400.000011	-117.008519	0.455950	-75.902395	0.178305	-131.719691	0.127771	-124.314277	0.141649
12450.000011	-119.156001	0.476539	-79.416428	0.199581	-121.814633	0.338326	-116.034197	0.166706
12500.000011	-119.757716	0.088363	-74.801257	0.216493	-115.486671	0.048959	-130.230263	-0.248875
12550.000011	-115.553890	0.284401	-76.313721	-0.164451	-135.979645	-0.434964	-125.298453	-0.064478
12600.000011	-121.743894	0.059943	-79.243583	0.070548	-116.319052	-0.102542	-122.579908	-0.200414
12650.000011	-129.343797	0.228022	-72.992238	0.207764	-128.074233	-0.131944	-131.204797	0.152359
12700.000011	-130.839521	0.484563	-77.473951	-0.160465	-122.822298	-0.033046	-122.469610	0.111339
12750.000011	-124.422212	0.362261	-86.932948	0.306314	-117.999160	0.162286	-138.599823	-0.158158
12800.000011	-124.298824	0.349442	-76.018995	0.278368	-129.791942	0.157991	-126.616976	0.249748
12850.000011	-129.673773	-0.129028	-80.593238	-0.031130	-125.598035	-0.449462	-129.107339	0.279059
12900.000011	-130.370222	0.103049	-78.003761	-0.152346	-118.059887	-0.262269	-120.062260	0.271906
12950.000011	-124.185942	-0.123310	-79.114409	-0.034747	-119.260724	-0.375027	-118.153004	0.441307
13000.000012	-119.846063	-0.313038	-82.224054	0.016634	-150.902650	0.315785	-125.193169	-0.160643
13050.000012	-119.920967	-0.189616	-88.864436	-0.367935	-127.388703	0.426463	-123.185485	-0.364854
13100.000012	-121.827133	-0.371773	-75.189332	-0.074116	-116.197180	0.394626	-126.637229	-0.123194
13150.000012	-123.169042	0.373207	-79.559945	-0.398213	-123.962508	0.213770	-128.830693	0.076772
13200.000012	-115.628711	0.372739	-81.041913	0.362579	-124.234406	-0.109355	-126.398743	0.167029
13250.000012	-122.978837	-0.101792	-85.633809	-0.286827	-122.738137	-0.112284	-121.311134	0.115257
13300.000012	-123.352355	-0.219536	-89.501047	0.465639	-122.004603	-0.397725	-130.757284	-0.281761
13350.000012	-125.439153	0.039640	-76.602343	0.093866	-116.366717	-0.058673	-117.690629	0.036101
13400.000012	-130.641174	0.418123	-73.963727	-0.274849	-123.675032	0.063271	-117.495383	0.405562
13450.000012	-125.603466	0.267684	-80.217304	-0.267658	-138.648335	0.435375	-119.805290	0.276079
13500.000012	-133.160326	-0.102030	-86.849571	-0.273270	-124.346745	-0.178228	-116.524441	0.356714
13550.000012	-127.497870	0.211557	-71.770343	0.416870	-121.507265	0.232054	-119.706645	0.290967
13600.000012	-121.584606	0.441955	-76.411408	0.172302	-124.726454	-0.249636	-122.773642	0.398399
13650.000012	-128.213568	0.372921	-75.804042	-0.415206	-118.051817	0.275751	-118.369435	0.299664
13700.000012	-123.920801	0.473226	-78.060205	-0.224004	-125.582762	-0.358423	-123.763445	0.301018
13750.000012	-120.100155	-0.226049	-85.946072	-0.299020	-127.868578	0.272148	-129.571450	-0.424352
13800.000012	-114.886891	0.243428	-73.226470	-0.115945	-126.595441	0.224319	-134.272274	0.076699
13850.000012	-125.490390	-0.110776	-91.101262	0.030250	-125.998290	-0.495477	-117.250059	-0.095645
13900.000012	-126.677166	-0.221841	-71.062097	-0.052100	-120.831407	-0.172711	-121.579015	-0.275292
13950.000012	-118.667413	0.155228	-77.962611	-0.462710	-117.918838	-0.221090	-123.927018	-0.154163
14000.000012	-128.459321	0.079657	-77.445911	0.126969	-127.346530	-0.235728	-122.055691	0.336055
14050.000012	-123.147078	-0.424170	-87.767882	0.054773	-130.064387	0.245765	-118.878713	0.356526
14100.000012	-121.087558	0.017149	-87.069447	0.317811	-121.744471	-0.136845	-115.773118	0.112928
14150.000013	-124.619051	-0.356115	-80.277035	-0.319167	-115.293212	-0.330710	-119.866210	-0.233702
14200.000013	-123.719094	-0.332497	-72.421949	-0.438011	-129.579924	0.000536	-118.392968	-0.147651
14250.000013	-127.004940	0.311470	-78.495490	0.462386	-126.301681	-0.046582	-126.871688	0.124794
14300.000013	-115.477836	0.435047	-77.326892	0.111303	-128.538391	0.451995	-113.083993	-0.171735
14350.000013	-125.900155	-0.154119	-75.179909	0.193151	-124.908221	0.241522	-130.443103	-0.071029
14400.000013	-124.477172	0.255227	-78.366656	-0.108203	-122.394914	-0.468195	-138.720585	-0.469036
14450.000013	-121.470623	-0.354921	-82.207486	0.499808	-125.592085	-0.487888	-115.202190	0.351710
14500.000013	-121.821864	0.319609	-77.952320	-0.392335	-123.889035	-0.402506	-122.628639	0.457661
14550.000013	-121.966187	-0.133114	-88.775675	-0.417949	-122.840815	0.154442	-119.359669	0.245525
14600.000013	-125.716345	-0.062430	-85.636332	-0.336554	-129.169762	0.442388	-125.951718	-0.281371
14650.000013	-120.797297	0.282880	-88.000462	-0.075131	-134.500819	-0.035876	-119.920927	-0.011604
14700.000013	-121.665962	0.445435	-95.891398	0.210544	-128.901904	0.407857	-134.983889	-0.073563
14750.000013	-132.784520	0.396943	-82.756152	-0.348407	-122.901491	0.192071	-124.094465	0.101779
14800.000013	-121.293200	-0.290639	-78.481219	0.029819	-121.538605	-0.026093	-124.146105	-0.233199
14850.000013	-113.842651	-0.267782	-88.196594	0.133385	-118.221825	0.477128	-124.442201	-0.120794
14900.000013	-125.275637	0.478826	-73.192955	-0.461264	-127.750295	0.326969	-120.688922	-0.429131
14950.000013	-128.543926	0.474723	-84.838069	-0.456605	-122.005800	0.327202	-123.133713	-0.159263
15000.000013	-120.935762	-0.481601	-72.804267	0.235211	-116.963588	-0.186318	-124.184791	0.409304
15050.000013	-127.967485	0.153751	-71.000066	-0.439721	-127.973262	0.139715	-123.786855	0.327935
15100.000013	-131.427251	0.252184	-77.226479	-0.453221	-121.268565	-0.148100	-123.673978	0.240457
15150.000013	-114.527508	0.451898	-76.571836	-0.450994	-123.555010	-0.153697	-118.905488	-0.438704
15200.000013	-115.734240	0.395039	-85.960777	-0.469254	-143.770476	-0.368953	-129.463212	-0.149851
15250.000014	-119.992425	0.364621	-78.018093	-0.268822	-125.870976	-0.489817	-121.676920	0.472358
15300.000014	-117.478728	-0.108121	-90.459434	0.458513	-120.566250	-0.040134	-123.299835	0.393033
15350.000014	-121.318183	-0.373125	-78.217946	0.170912	-121.228911	-0.451624	-129.115622	-0.469972
15400.000014	-111.401992	-0.430526	-74.559816	0.285211	-114.538602	0.267332	-118.148995	0.419790
15450.000014	-121.784232	0.314467	-77.381803	-0.411183	-118.907045	0.126183	-130.361759	0.110628
15500.000014	-122.380316	-0.439201	-84.545494	-0.081976	-122.565814	0.145891	-120.450991	-0.252354
15550.000014	-118.588648	-0.243605	-74.480005	-0.017910	-119.307718	-0.092836	-117.436327	0.189614
15600.000014	-120.730217	0.173459	-76.135125	-0.049032	-122.268236	0.457143	-114.882810	0.307630
15650.000014	-134.024855	-0.357698	-78.262908	-0.235882	-141.754227	0.341085	-129.944844	0.416165
15700.000014	-119.405946	-0.432072	-74.237516	0.268617	-123.648813	-0.187009	-128.048439	-0.267338
15750.000014	-125.572115	0.088478	-76.483136	0.281605	-115.134389	0.128444	-121.868186	0.070627
15800.000014	-125.996097	-0.033342	-75.564447	-0.305195	-121.137616	-0.131041	-125.679116	0.192552
15850.000014	-121.948986	-0.348440	-84.039898	-0.460810	-123.155259	-0.430535	-122.450538	-0.241672
15900.000014	-129.317229	0.059621	-75.725018	-0.203820	-122.884453	0.197084	-137.620938	-0.299816
15950.000014	-116.272364	-0.114161	-71.541594	-0.023719	-122.672213	0.211309	-119.444933	-0.406526
16000.000014	-125.089111	-0.161983	-76.694603	-0.337061	-119.030697	-0.395231	-143.199866	0.224958
16050.000014	-125.276034	-0.008547	-79.785994	-0.209020	-129.476610	0.429389	-122.958539	-0.083350
16100.000014	-123.196610	0.405225	-76.624915	0.374764	-125.833119	0.067007	-116.837912	0.392563
16150.000014	-127.091476	-0.322724	-74.543527	-0.109408	-128.818099	-0.114790	-118.437751	0.047144
16200.000014	-116.688919	-0.177394	-80.297107	-0.334981	-122.470985	0.175205	-121.773509	-0.178643
16250.000014	-128.936976	-0.108267	-81.389253	-0.042240	-123.004025	-0.395081	-123.718453	-0.374858
16300.000014	-125.708242	0.137694	-75.710966	0.401307	-131.718361	-0.249905	-116.950489	-0.195804
16350.000014	-124.069668	-0.283132	-76.048735	0.285533	-117.448639	0.383788	-125.196277	-0.396124
16400.000015	-121.119617	-0.056569	-78.558666	-0.490384	-128.982734	0.399780	-121.547008	-0.113927
16450.000015	-136.118693	-0.294868	-76.871800	0.483320	-119.726500	-0.184149	-130.771675	0.339127
16500.000015	-117.616101	0.265935	-78.646390	0.219549	-134.015209	-0.027762	-123.328356	0.486610
16550.000015	-116.949109	0.437053	-81.579904	0.122417	-127.271852	0.140157	-118.038119	-0.431849
16600.000015	-121.304983	0.239198	-79.333112	-0.335597	-122.718247	0.248530	-129.319250	0.296058
16650.000015	-122.618981	-0.474758	-75.082838	-0.393394	-124.921778	0.470134	-115.914906	0.210387
16700.000015	-121.949249	0.171814	-86.556262	-0.226374	-117.521262	0.376191	-131.965733	-0.365622
16750.000015	-121.288620	0.062192	-87.937468	-0.021769	-122.783996	-0.403597	-121.191500	-0.185681
16800.000015	-122.738985	-0.125941	-75.173929	-0.444359	-119.913017	-0.266895	-131.736411	0.054865
16850.000015	-129.854590	0.153579	-74.521615	-0.067424	-121.861509	-0.203487	-118.046465	0.319148
16900.000015	-134.811079	-0.137820	-75.876996	0.237007	-120.981993	-0.208792	-123.702775	0.077481
16950.000015	-131.836858	-0.041680	-86.225411	0.333652	-129.109951	0.165505	-123.269796	-0.401077
17000.000015	-126.856474	0.089046	-91.789599	-0.209036	-130.461024	0.326026	-119.380130	0.468852
17050.000015	-121.390051	0.210633	-77.192871	-0.165914	-122.509850	0.078739	-120.119016	0.048712
17100.000015	-124.847815	0.282736	-80.774152	-0.407820	-128.625564	-0.431420	-120.951718	0.020870
17150.000015	-116.579632	0.062899	-79.179536	-0.226008	-122.542605	0.437648	-125.029592	-0.011790
17200.000015	-128.663765	0.157279	-79.730692	0.231411	-120.272070	-0.008104	-128.769738	-0.094014
17250.000015	-119.215193	-0.391699	-75.481252	0.410020	-127.221842	-0.293334	-128.408321	0.136946
17300.000015	-121.938032	-0.097066	-76.434820	-0.110001	-123.463015	-0.416621	-122.539032	-0.390119
17350.000015	-118.883815	0.200991	-88.013068	0.335233	-118.617994	0.280027	-119.569764	0.134200
17400.000015	-135.950231	0.162867	-78.924343	-0.361301	-127.690402	-0.060450	-123.161071	0.454985
17450.000015	-128.378454	0.010806	-85.704115	0.182846	-122.776867	0.244997	-125.289429	-0.385201
17500.000016	-127.408142	0.343651	-79.553955	-0.491195	-129.021841	-0.152199	-126.069607	0.258668
17550.000016	-122.205984	-0.462213	-87.902656	0.381186	-123.202207	0.077674	-125.674128	-0.328312
17600.000016	-117.583775	0.052595	-75.657110	0.412015	-122.302172	0.369175	-119.624777	0.210603
17650.000016	-119.428942	0.235362	-79.908316	0.347459	-120.755356	-0.064009	-129.077423	0.342015
17700.000016	-137.560860	0.367514	-91.366066	0.464799	-120.699922	-0.214150	-137.055575	0.339021
17750.000016	-121.103429	-0.377550	-88.035158	0.209363	-122.221308	-0.351235	-121.075798	0.147450
17800.000016	-126.227145	-0.371906	-78.596195	-0.125368	-119.962159	-0.296845	-125.403785	-0.202610
17850.000016	-125.447500	0.045939	-82.429441	0.049286	-131.514009	-0.246905	-122.730574	0.336526
17900.000016	-117.993389	0.462944	-97.960340	0.004863	-118.859502	0.337989	-119.213268	-0.475293
17950.000016	-117.064156	0.042459	-74.485031	0.490889	-124.583184	0.217723	-119.172177	-0.378626
18000.000016	-127.820370	0.408078	-83.096677	0.448828	-121.209436	0.386591	-132.958861	-0.331426
18050.000016	-123.804349	0.059530	-87.836991	0.170478	-121.305287	-0.009149	-125.011570	0.171048
18100.000016	-123.722576	-0.340212	-83.474394	0.205772	-119.825395	0.166653	-133.279297	0.200888
18150.000016	-121.000628	0.320873	-81.357365	-0.327346	-130.399408	-0.362481	-118.763365	-0.036213
18200.000016	-132.413010	-0.272915	-78.499575	0.402517	-123.884476	-0.136558	-121.781776	-0.402580
18250.000016	-126.819102	0.420252	-79.873585	-0.035676	-122.046439	-0.482549	-117.631266	-0.006350
18300.000016	-119.479145	0.293661	-83.936245	-0.162289	-118.628447	0.193487	-128.624982	0.145969
18350.000016	-125.660569	0.158061	-95.032672	-0.202277	-117.974875	-0.077418	-120.588264	-0.259636
18400.000016	-138.804033	0.496793	-83.680067	-0.010143	-123.376305	0.192578	-123.342645	-0.049109
18450.000016	-126.882615	0.139719	-77.720191	0.124356	-122.581852	-0.369822	-124.229755	0.252892
18500.000016	-126.578731	0.216327	-76.974814	0.266246	-119.075973	0.127853	-126.404643	0.358786
18550.000016	-123.955170	0.231927	-79.556770	0.292668	-126.560003	0.280142	-129.666575	0.176956
18600.000016	-115.398237	-0.051989	-86.664786	0.231633	-124.907962	0.307183	-119.616030	0.316929
18650.000017	-125.561461	0.296283	-81.749574	-0.418720	-124.592642	-0.143068	-123.737560	0.335420
18700.000017	-127.038793	0.229114	-85.813154	0.440577	-121.441625	-0.433662	-124.779717	0.193468
18750.000017	-119.750062	-0.430365	-86.232053	-0.325290	-119.569116	-0.192091	-124.742213	-0.346801
18800.000017	-113.782642	0.342976	-79.660330	0.047579	-119.445313	0.477964	-120.086118	0.119365
18850.000017	-125.908323	-0.400442	-79.127216	0.415040	-115.254130	0.481860	-127.114655	0.135366
18900.000017	-122.616433	0.450272	-82.457872	-0.055443	-128.926307	-0.305009	-128.038214	-0.234776
18950.000017	-120.243870	-0.323441	-91.160007	0.405825	-144.422368	-0.498493	-118.035897	-0.479295
19000.000017	-117.804565	-0.422482	-86.282376	0.419652	-119.774094	-0.428691	-121.443648	-0.346615
19050.000017	-123.543809	0.070949	-83.640792	-0.178995	-125.642551	0.176575	-126.430181	0.313112
19100.000017	-122.387831	0.165739	-85.245725	-0.309633	-124.685978	0.081950	-126.433451	-0.033833
19150.000017	-127.140435	-0.266344	-94.264725	-0.075670	-118.367690	-0.249196	-117.291125	0.453760
19200.000017	-123.388008	0.374157	-86.052759	0.042792	-136.943224	0.007760	-123.252247	0.124408
19250.000017	-115.002499	-0.044759	-81.962118	-0.270228	-123.670279	-0.231474	-123.679403	0.041058
19300.000017	-124.700388	0.149865	-83.313232	-0.364726	-131.155636	-0.236248	-118.611122	0.414998
19350.000017	-123.410344	-0.417931	-80.296500	0.148011	-128.916416	-0.420218	-121.430713	0.135388
19400.000017	-116.469384	0.029373	-92.833828	-0.442737	-136.648104	0.056970	-129.402230	-0.120334
19450.000017	-120.721169	-0.044497	-84.829109	-0.258247	-125.444160	-0.211056	-122.722020	-0.047249
19500.000017	-120.957493	-0.023421	-92.549318	0.488625	-122.348433	-0.222369	-127.722181	-0.199095
19550.000017	-124.388244	0.239146	-81.516490	-0.392108	-124.015687	0.130729	-130.394630	0.482089
19600.000017	-131.336221	-0.057821	-82.761024	-0.132265	-123.453626	-0.373681	-135.200357	-0.258624
19650.000017	-123.465316	-0.207021	-87.214563	0.168346	-119.002131	-0.220928	-124.357093	0.022179
19700.000017	-122.279770	0.050978	-86.306426	0.006533	-133.716089	0.152444	-121.487953	-0.393780
19750.000017	-124.579013	0.166310	-79.107957	-0.240573	-138.678204	-0.142211	-122.055247	0.203069
19800.000018	-133.231752	0.014660	-88.538368	0.410703	-118.628081	0.002800	-127.395003	0.365222
19850.000018	-123.369934	-0.350806	-87.906736	0.488877	-128.293127	-0.383266	-125.455968	0.212070
19900.000018	-131.092535	-0.402112	-82.173838	-0.101085	-125.718296	-0.178263	-124.353906	-0.310766
19950.000018	-129.449852	-0.062012	-86.634638	-0.206396	-128.595228	-0.001461	-124.389617	0.314328
20000.000018	-124.249920	-0.138128	-75.539218	0.382922	-124.381946	-0.325538	-113.936400	-0.172868
