% f486.txt
% Date Thu, Jul 15, 2021 4:47 PM
% Sine seq
% Response spectrum
% Stim level (V pk) 0.100, 0 dB filter gain, 120.0 dB attenuation
% Stim RMS (V) 0.000
% Freq [Hz]	Ch0 Mag [dB]	Ch0 Phase [cyc]	Ch1 Mag [dB]	Ch1 Phase [cyc]	Ch2 Mag [dB]	Ch2 Phase [cyc]	Ch3 Mag [dB]	Ch3 Phase [cyc]
%%end
50.000000	-113.827218	-0.242721	-63.133461	0.447228	-93.614121	0.009125	-110.272170	-0.471063
100.000000	-131.430716	0.151840	-54.571919	-0.366893	-101.890788	0.339561	-116.933372	0.155589
150.000000	-112.396993	-0.347340	-59.273258	-0.438520	-109.561467	0.383948	-115.128494	-0.186033
200.000000	-125.694375	0.265953	-49.251068	0.255104	-106.173138	-0.216368	-122.918010	0.261684
250.000000	-120.655242	0.292082	-60.964909	0.135363	-114.680488	-0.479722	-118.325607	0.463529
300.000000	-99.732102	-0.428710	-60.173732	0.462255	-106.658051	-0.292645	-108.315407	-0.079733
350.000000	-118.682229	-0.277821	-53.495684	0.274868	-101.395222	0.018396	-114.008514	0.374529
400.000000	-128.332043	-0.025233	-51.879853	-0.372415	-108.284082	0.071795	-132.912801	-0.142429
450.000000	-124.754359	-0.114792	-53.027238	-0.431423	-105.685873	-0.484513	-113.069610	0.478353
500.000000	-120.896128	0.064673	-54.347080	0.175978	-118.568546	0.246253	-129.820531	0.456667
550.000000	-115.911758	0.012798	-63.729042	0.344246	-120.882912	-0.016445	-113.673080	0.491577
600.000001	-39.020376	-0.229670	-27.135974	0.436589	-113.669030	-0.371434	-115.672479	0.050934
650.000001	-120.398913	0.436624	-57.460529	-0.342578	-112.327159	-0.167362	-120.125447	-0.311304
700.000001	-123.826577	-0.473927	-63.562013	0.443421	-106.050484	0.342553	-129.125313	-0.160475
750.000001	-123.251229	0.046816	-64.506057	0.280940	-116.015609	0.444564	-124.119102	0.015542
800.000001	-120.612215	-0.437062	-57.536973	-0.295231	-111.328881	-0.216365	-121.013989	0.151447
850.000001	-115.484627	-0.290240	-60.138607	0.077958	-118.179472	-0.370330	-127.119362	0.314470
900.000001	-114.597785	-0.478023	-55.755832	-0.489446	-111.316105	-0.116387	-120.066120	-0.043938
950.000001	-129.837478	0.403495	-60.678113	-0.376566	-113.760853	0.288188	-118.745842	-0.290398
1000.000001	-117.498274	-0.320135	-56.569479	-0.117474	-114.047174	0.139842	-121.705624	0.071325
1050.000001	-121.608677	-0.014848	-59.799998	-0.201041	-119.537108	-0.198397	-114.882185	0.363408
1100.000001	-124.080371	0.471028	-70.505534	-0.499504	-118.657000	-0.016926	-128.629487	0.329819
1150.000001	-119.186628	-0.107903	-68.098384	-0.232174	-119.369514	0.112584	-122.350208	0.068437
1200.000001	-101.139021	-0.463050	-59.116685	0.147137	-118.413025	0.075494	-126.758483	-0.023799
1250.000001	-125.899618	-0.227645	-60.980907	-0.047357	-115.528917	-0.358616	-121.494223	0.322762
1300.000001	-124.660692	0.147976	-58.447514	0.266484	-122.568139	0.009554	-116.568392	-0.113953
1350.000001	-120.367674	0.454100	-67.625482	0.039163	-117.452990	0.063355	-119.349112	0.011682
1400.000001	-127.069691	0.416090	-70.714493	-0.300449	-118.374351	0.061709	-116.683875	0.030616
1450.000001	-120.925008	-0.258192	-65.784673	-0.101290	-124.527824	-0.238368	-116.578453	0.428285
1500.000001	-118.538793	-0.355331	-66.805449	-0.217888	-117.452616	-0.413870	-115.912071	0.492537
1550.000001	-122.099851	-0.135595	-77.103434	-0.354447	-117.949823	0.205920	-116.473676	0.473782
1600.000001	-120.196285	-0.268059	-62.322628	-0.258857	-116.726677	-0.442590	-128.127139	-0.398096
1650.000001	-119.839635	0.343340	-63.399291	-0.170221	-130.462922	-0.471554	-123.978766	0.277061
1700.000002	-124.341149	0.186985	-62.090617	-0.323143	-113.523161	0.108684	-121.610831	0.244702
1750.000002	-129.961282	-0.122696	-66.949379	-0.308973	-115.394205	0.266580	-117.431397	0.190198
1800.000002	-99.802310	0.323397	-61.753288	0.237116	-116.412814	0.128177	-131.391143	0.105329
1850.000002	-117.514561	-0.398176	-66.388065	0.274589	-116.854772	-0.355486	-119.392589	0.435543
1900.000002	-128.868591	0.314160	-68.476647	-0.359956	-118.943136	0.441265	-113.804361	0.338157
1950.000002	-121.063248	0.379824	-64.096254	-0.073619	-121.101000	-0.257437	-125.965594	0.169788
2000.000002	-117.706566	0.410999	-62.636967	0.102189	-123.088689	0.204731	-124.137239	0.460112
2050.000002	-121.435728	-0.224919	-61.945079	-0.190418	-120.240227	0.210031	-117.724586	0.474170
2100.000002	-129.752181	0.495846	-64.892462	-0.180730	-117.724033	-0.377538	-116.438616	0.083089
2150.000002	-126.951400	-0.404173	-68.953185	0.423530	-115.062051	-0.276292	-126.761281	0.204984
2200.000002	-119.498244	0.247460	-63.049525	-0.208541	-128.581061	0.228121	-119.481772	-0.247630
2250.000002	-117.568936	-0.154087	-66.321071	0.490016	-118.646380	-0.494087	-122.682781	-0.153082
2300.000002	-118.208777	0.027457	-61.582685	-0.096810	-116.403510	0.149029	-117.948522	-0.308008
2350.000002	-115.006787	-0.317919	-62.525950	0.062470	-117.594938	-0.323427	-126.794693	0.479779
2400.000002	-100.884928	-0.418987	-67.498584	-0.220905	-122.319513	0.122566	-120.284803	0.461707
2450.000002	-121.261145	-0.140270	-62.760194	0.398828	-115.697073	-0.254851	-119.153023	0.061776
2500.000002	-136.384877	-0.154581	-70.435287	-0.166032	-122.336259	-0.087568	-122.740573	0.362018
2550.000002	-119.466864	0.276606	-62.930632	-0.097822	-127.080146	0.371181	-117.651914	0.056776
2600.000002	-117.135307	-0.299049	-61.332065	0.068028	-122.668795	0.251311	-135.099771	-0.462309
2650.000002	-128.771128	0.284845	-60.450677	0.006343	-129.747806	0.302569	-119.783832	-0.381282
2700.000002	-119.315092	-0.285146	-61.270416	0.073922	-117.239293	0.192617	-125.268674	0.129624
2750.000002	-119.537825	0.355765	-67.498207	-0.389418	-123.424936	0.148290	-119.735475	0.190801
2800.000002	-122.685071	0.437198	-65.005725	0.435336	-122.665632	-0.316787	-115.631250	0.004048
2850.000003	-120.649524	-0.083181	-73.242540	-0.347570	-151.395363	0.247741	-125.277253	-0.329941
2900.000003	-127.878004	0.335283	-66.071145	0.456613	-119.642274	-0.200904	-149.409368	-0.215208
2950.000003	-114.850535	0.169121	-81.268336	-0.159036	-122.443925	-0.065474	-127.282604	-0.087868
3000.000003	-104.273944	0.357315	-61.836145	0.334648	-116.766725	-0.026299	-116.814142	0.441112
3050.000003	-126.917234	-0.045383	-73.324657	0.267901	-118.967185	0.167864	-126.994361	-0.325085
3100.000003	-120.471294	0.435870	-76.273677	-0.355789	-116.708894	-0.215464	-117.510268	0.054361
3150.000003	-118.630506	0.361552	-62.196105	-0.281645	-115.892447	-0.077766	-122.030326	-0.263622
3200.000003	-117.194703	0.112019	-64.001825	0.442651	-123.144038	-0.318233	-129.912737	-0.333966
3250.000003	-113.434144	0.333502	-71.006797	-0.146089	-123.273822	0.257120	-120.968471	0.319809
3300.000003	-119.867887	-0.365621	-74.826959	-0.452935	-120.516010	-0.370293	-125.055460	-0.305350
3350.000003	-126.652894	-0.346126	-71.944264	-0.409335	-127.634014	-0.155799	-121.885939	0.256934
3400.000003	-123.871674	-0.321859	-71.341117	-0.424019	-122.030359	-0.103811	-125.215392	-0.102490
3450.000003	-129.995137	0.234529	-71.713005	-0.442089	-124.399455	0.364222	-119.871950	-0.020267
3500.000003	-123.549458	0.165178	-70.732123	-0.384183	-120.900340	-0.238254	-124.306022	-0.144336
3550.000003	-123.943375	0.226831	-69.014948	-0.106407	-117.630284	-0.433802	-123.704054	-0.390307
3600.000003	-105.336517	-0.397358	-68.320837	0.058228	-122.180744	-0.341649	-125.446772	0.204215
3650.000003	-119.887196	-0.336946	-65.659285	-0.483778	-133.253834	-0.174972	-121.281309	-0.333470
3700.000003	-121.556950	-0.051853	-66.449191	0.229626	-121.556167	-0.492611	-121.820104	-0.475178
3750.000003	-119.727231	0.336328	-69.262971	0.433224	-123.083690	0.382378	-124.066282	-0.168222
3800.000003	-115.820030	-0.384768	-73.270785	-0.198718	-125.679468	-0.094273	-117.201435	-0.281564
3850.000003	-118.142070	-0.429413	-69.008579	-0.229209	-126.627053	-0.399502	-124.456018	0.495048
3900.000003	-123.721671	0.187344	-80.220252	-0.348666	-122.230235	0.116548	-117.420631	-0.003110
3950.000003	-114.460547	0.380307	-63.730839	-0.472026	-137.138662	-0.123096	-127.973960	-0.441442
4000.000004	-125.960607	0.430184	-71.997130	-0.134363	-127.233959	0.407656	-119.384625	0.482124
4050.000004	-118.857040	0.331822	-66.630701	-0.497250	-130.450553	-0.466262	-121.239940	-0.255792
4100.000004	-127.917259	-0.216622	-83.051676	0.350007	-114.656420	-0.389922	-132.224424	-0.137268
4150.000004	-121.081383	0.045147	-72.224234	0.138583	-122.105291	0.063598	-124.760610	0.147060
4200.000004	-125.658820	0.291723	-70.351295	-0.209173	-118.445439	-0.189040	-127.671115	0.475852
4250.000004	-127.789367	0.362601	-70.719954	-0.131243	-128.884379	0.141890	-119.119104	-0.262551
4300.000004	-121.346546	0.428434	-71.661873	0.080888	-122.991679	0.464285	-122.769485	0.263683
4350.000004	-128.184563	-0.468958	-73.797682	-0.293072	-119.180639	-0.288960	-124.671044	-0.102759
4400.000004	-120.383519	0.148859	-66.981565	-0.485327	-128.401935	0.454506	-122.936567	0.279145
4450.000004	-122.136231	0.474247	-68.413608	-0.306605	-124.960748	-0.126789	-121.055080	0.492624
4500.000004	-125.138472	0.314768	-75.969486	-0.014566	-129.833756	0.473764	-142.247973	0.464754
4550.000004	-126.962735	0.457737	-66.027786	0.046412	-129.278278	-0.010024	-124.927733	-0.350144
4600.000004	-119.994443	0.498578	-72.747746	-0.089921	-118.609126	0.408700	-120.558422	-0.376398
4650.000004	-122.101987	-0.069548	-66.110610	0.464250	-118.525055	-0.154131	-132.894558	-0.056949
4700.000004	-121.390341	0.286994	-67.270592	0.140364	-126.154713	0.479001	-118.651764	0.364017
4750.000004	-128.254559	-0.487966	-68.891370	0.140195	-132.143278	0.358501	-119.467455	0.159271
4800.000004	-104.755187	-0.344316	-69.235165	-0.388400	-121.563687	-0.328138	-119.917698	-0.209907
4850.000004	-124.832785	-0.187416	-69.119985	0.328263	-121.063146	0.150457	-124.561610	-0.180623
4900.000004	-114.071807	0.384883	-70.262480	0.392842	-119.891038	0.376794	-130.433286	0.371894
4950.000004	-122.292723	-0.405917	-66.884451	-0.065249	-116.855876	-0.431527	-122.870990	-0.225370
5000.000004	-117.574081	-0.008362	-74.339712	-0.347555	-118.747407	0.236909	-123.787272	0.237655
5050.000004	-119.173411	0.188122	-66.172255	0.218170	-119.265851	0.310073	-121.138987	0.071837
5100.000005	-128.012903	0.335708	-69.680498	-0.461886	-127.744785	0.150747	-142.680991	0.470275
5150.000005	-114.328645	-0.001493	-80.719227	0.150947	-123.145236	0.134129	-119.213493	-0.456313
5200.000005	-121.261594	-0.099808	-69.214925	-0.256606	-131.161891	0.437606	-130.717093	0.463084
5250.000005	-118.931904	-0.150565	-76.484154	0.398287	-117.986966	-0.171383	-123.472345	-0.163456
5300.000005	-122.474093	0.368660	-88.290683	-0.482417	-124.434085	-0.282547	-117.873489	-0.409110
5350.000005	-119.831561	0.308218	-83.257452	0.164192	-122.651465	0.017185	-127.412238	-0.183833
5400.000005	-118.918571	0.023641	-79.502882	-0.205637	-128.594121	0.128291	-130.413597	0.123450
5450.000005	-117.655563	-0.156714	-76.762462	-0.360993	-117.892736	0.115938	-118.728321	-0.219495
5500.000005	-126.127387	-0.099253	-67.860323	0.251100	-123.214373	-0.477675	-121.188628	0.043155
5550.000005	-120.483405	0.026714	-68.689895	0.079293	-114.213212	0.449983	-123.477350	0.436250
5600.000005	-122.020587	-0.093723	-72.517108	0.309830	-127.307840	0.154691	-118.836654	0.261791
5650.000005	-120.773051	-0.202074	-71.945863	0.217435	-124.331125	0.073258	-135.175887	-0.015817
5700.000005	-130.371971	-0.140484	-72.809962	0.434436	-125.140739	-0.116562	-121.863893	-0.298673
5750.000005	-121.957851	-0.085113	-71.028117	0.134039	-119.912904	0.193206	-119.602098	0.360921
5800.000005	-123.835565	-0.324766	-70.312751	0.463314	-120.116236	-0.245424	-124.746843	-0.236610
5850.000005	-134.387974	-0.445965	-72.835653	0.121794	-123.733859	0.056075	-130.181615	-0.040448
5900.000005	-122.054206	-0.181078	-85.123780	0.018635	-122.181109	0.469879	-119.727524	0.304743
5950.000005	-124.830006	0.219223	-66.620008	-0.056781	-121.348070	0.379241	-129.865235	-0.441250
6000.000005	-115.508920	-0.336932	-71.000618	0.196340	-128.188215	0.101998	-118.881217	-0.115264
6050.000005	-117.125599	0.480080	-74.970799	-0.022499	-124.602657	0.353033	-121.012234	0.276177
6100.000005	-120.407097	0.141969	-77.148767	0.192819	-124.083214	0.099876	-120.070635	-0.483762
6150.000005	-127.209203	-0.268053	-81.586856	0.321743	-125.558014	0.275227	-119.021338	0.289021
6200.000005	-118.896866	-0.056886	-70.024950	-0.277641	-136.540314	0.041469	-121.080647	0.211499
6250.000006	-119.542165	-0.392412	-74.597875	0.100645	-122.703830	0.479445	-118.769735	-0.299711
6300.000006	-116.459664	-0.466438	-66.513402	-0.413036	-123.371795	0.347221	-122.075529	0.481858
6350.000006	-120.440362	-0.304006	-79.801871	0.184031	-125.728995	0.016061	-118.123271	0.288722
6400.000006	-117.323661	-0.496596	-73.976439	-0.355952	-126.071431	0.445508	-128.196908	-0.420804
6450.000006	-129.117522	0.107519	-73.344578	-0.486925	-121.343297	-0.322246	-124.155060	-0.340259
6500.000006	-122.557141	0.436641	-68.692804	0.163180	-128.345383	0.161941	-117.385800	-0.223514
6550.000006	-119.341924	0.220651	-74.581002	0.129871	-123.729264	0.144368	-121.249970	-0.023366
6600.000006	-125.423310	-0.111179	-72.932637	0.396926	-125.706830	-0.423299	-131.206012	0.444001
6650.000006	-123.065019	-0.312902	-72.757310	0.124061	-119.930204	-0.326939	-123.268260	0.489075
6700.000006	-135.220752	0.122744	-70.017495	-0.278492	-122.871526	0.122999	-124.404277	0.382866
6750.000006	-120.741447	-0.336503	-72.203733	-0.312400	-131.100860	0.229501	-122.462251	-0.149966
6800.000006	-118.302723	-0.426731	-72.699075	-0.188020	-121.333209	0.455259	-115.681278	-0.446896
6850.000006	-114.976393	-0.185690	-72.837085	-0.191953	-117.382094	-0.281219	-118.114548	-0.222378
6900.000006	-115.292208	-0.012498	-79.331728	0.411636	-122.079350	0.208238	-118.959543	-0.073070
6950.000006	-129.839774	-0.140115	-65.334059	0.437343	-121.763850	0.025657	-140.240576	0.053851
7000.000006	-123.384750	-0.137058	-70.915828	0.143392	-118.499080	-0.210755	-121.554020	-0.341425
7050.000006	-128.203269	0.003309	-78.422147	-0.303569	-123.535619	-0.016425	-135.073455	-0.345340
7100.000006	-118.668343	-0.180471	-75.255491	-0.184775	-117.484755	-0.416618	-131.699542	-0.059771
7150.000006	-127.097504	0.125344	-70.989872	-0.114155	-122.151998	-0.138627	-121.169716	-0.281676
7200.000006	-108.582369	-0.242519	-78.732435	-0.418922	-125.921300	0.483598	-126.557511	-0.334916
7250.000006	-131.462767	-0.205038	-77.437564	-0.349210	-122.658348	-0.300052	-121.797315	-0.149071
7300.000006	-121.479201	0.399866	-71.461452	-0.244328	-118.043156	0.416520	-118.109531	0.434950
7350.000007	-122.803508	-0.469555	-73.237104	-0.352341	-122.366591	-0.120338	-120.010212	0.067703
7400.000007	-125.235311	-0.309350	-73.876848	0.265870	-119.316664	0.125515	-125.428100	0.124847
7450.000007	-126.034003	0.176955	-70.641307	-0.143177	-121.897326	0.397147	-125.140859	0.498259
7500.000007	-119.029908	0.315055	-80.935445	-0.204371	-119.155192	-0.177313	-122.115001	-0.296548
7550.000007	-123.614433	0.323036	-74.250500	0.353673	-121.684006	0.328434	-125.675271	0.226666
7600.000007	-124.745222	0.159208	-77.479940	-0.340567	-126.365316	0.302631	-118.581849	-0.030192
7650.000007	-116.046964	0.118296	-68.594573	-0.159430	-120.762736	-0.248314	-121.858137	-0.284047
7700.000007	-123.391714	-0.402778	-73.678028	-0.306540	-139.116940	0.152187	-140.460505	0.068164
7750.000007	-124.782514	0.065917	-90.072390	-0.172098	-119.705652	-0.478309	-126.191664	-0.431123
7800.000007	-107.202517	0.036939	-72.524994	-0.239950	-131.212886	0.442780	-135.045719	0.148943
7850.000007	-129.987415	-0.330100	-70.174554	-0.415115	-128.008456	-0.252540	-117.560495	0.095795
7900.000007	-115.931207	-0.156926	-76.699898	-0.281363	-126.278355	0.309117	-115.558747	-0.164195
7950.000007	-120.737201	0.174052	-74.965654	0.169208	-121.358375	0.299241	-124.036168	0.116763
8000.000007	-125.277848	0.480257	-83.704758	-0.398409	-124.157269	-0.300165	-118.670318	-0.194112
8050.000007	-124.189420	0.383998	-72.570513	-0.494875	-124.907524	0.330850	-122.130995	-0.004504
8100.000007	-117.187453	0.016699	-69.630315	-0.374010	-123.184571	-0.374522	-121.154971	-0.110988
8150.000007	-121.936612	-0.285133	-69.314272	-0.028430	-123.526303	0.274336	-121.612863	0.499036
8200.000007	-120.537771	-0.051861	-74.505467	-0.218841	-118.675006	-0.302958	-119.309672	0.353728
8250.000007	-121.508305	-0.125873	-73.688488	0.190463	-121.360400	-0.127479	-123.466555	-0.178904
8300.000007	-116.118155	-0.361697	-76.125822	0.307591	-126.214805	-0.239824	-132.818770	0.090914
8350.000007	-121.245885	0.481502	-73.748662	0.070292	-117.745806	-0.496019	-120.858669	-0.196302
8400.000007	-114.563433	-0.189012	-71.270840	0.476595	-129.018169	0.360595	-124.126942	0.382629
8450.000007	-116.647730	-0.184578	-74.493157	-0.168626	-129.966508	0.057667	-116.959918	-0.375648
8500.000008	-127.885121	0.111362	-76.950767	0.461888	-119.464217	-0.274708	-144.586898	-0.271272
8550.000008	-121.063390	0.347743	-90.966241	0.339700	-118.378484	0.087812	-128.166765	-0.257098
8600.000008	-126.931601	-0.484006	-79.417213	-0.184048	-120.658803	-0.088895	-144.013461	0.293830
8650.000008	-127.486434	0.365048	-79.276580	-0.104301	-119.842375	0.237006	-123.261687	0.311905
8700.000008	-121.736091	-0.224448	-77.356646	0.196583	-118.888603	-0.301168	-122.970990	0.035120
8750.000008	-121.739164	-0.293518	-75.707398	-0.253556	-119.535190	-0.252424	-124.919922	-0.336755
8800.000008	-118.281057	0.387780	-74.200873	0.378704	-120.616541	-0.417562	-122.981674	0.438473
8850.000008	-135.666510	0.386673	-84.094158	0.416315	-121.548842	-0.357979	-119.813511	0.393369
8900.000008	-117.739308	0.048185	-68.512786	0.441003	-119.897851	-0.020115	-126.319812	0.157452
8950.000008	-124.704388	-0.008013	-72.953858	0.110426	-127.817563	0.396861	-119.017776	-0.017356
9000.000008	-116.767822	-0.020984	-88.367190	-0.235255	-129.557927	-0.248062	-125.924688	-0.498303
9050.000008	-120.219237	-0.084262	-72.917959	0.077805	-121.094493	9.352454E-5	-118.172042	-0.445601
9100.000008	-127.922183	-0.037707	-83.112446	0.124203	-127.501686	-0.346097	-121.786128	0.419001
9150.000008	-129.404101	-0.341072	-69.622422	0.112679	-121.418266	-0.014050	-129.791127	0.395009
9200.000008	-120.674551	-0.344708	-78.074228	0.222460	-121.397872	-0.407919	-121.830253	0.302620
9250.000008	-128.373072	0.327499	-79.773031	-0.358330	-121.822284	0.103228	-121.914692	0.276608
9300.000008	-120.045763	-0.441443	-72.666514	0.352092	-113.673847	-0.220967	-118.027439	-0.360159
9350.000008	-120.871170	-0.065376	-76.317858	-0.333207	-121.895775	0.483476	-115.543321	0.277684
9400.000008	-120.586011	0.116203	-79.661164	0.163288	-119.715043	0.414024	-130.044455	-0.457166
9450.000008	-118.405353	-0.331020	-81.908272	-0.364675	-120.653737	-0.223868	-120.127486	0.364615
9500.000008	-118.056819	0.409292	-84.907436	-0.061473	-119.877943	-0.259610	-119.182214	0.410067
9550.000008	-119.322791	0.029076	-73.754417	0.289688	-128.663933	0.498986	-121.780799	0.422403
9600.000009	-117.875910	0.468795	-73.217100	-0.026034	-119.957226	0.210123	-115.261918	0.176045
9650.000009	-139.917301	0.385250	-87.742024	-0.100573	-119.223741	-0.386711	-125.612230	-0.333208
9700.000009	-119.468608	0.065930	-77.735881	0.104634	-120.041833	-0.064522	-134.045445	0.125947
9750.000009	-122.478672	0.393387	-73.149424	0.450576	-139.324862	0.462096	-118.853846	0.487652
9800.000009	-120.939725	0.411792	-71.833016	-0.115487	-123.243671	0.455432	-119.007071	-0.331674
9850.000009	-115.941512	0.143115	-75.794489	0.413085	-130.505844	-0.094161	-124.042572	-0.281193
9900.000009	-127.838634	0.432455	-76.916256	0.287052	-119.297207	0.431830	-116.407278	0.342143
9950.000009	-123.479277	-0.373582	-77.147496	-0.280706	-133.823754	-0.498109	-126.726757	-0.182405
10000.000009	-120.102173	-0.316895	-71.744376	0.113169	-117.237812	-0.369160	-118.725441	-0.066993
10050.000009	-125.789501	0.383316	-73.766299	0.092246	-127.510609	-0.014550	-115.510252	0.212801
10100.000009	-121.145890	-0.358841	-77.304341	-0.336900	-127.611452	0.097391	-124.917472	0.227826
10150.000009	-120.630496	0.087093	-84.473606	-0.343760	-129.014531	0.204843	-136.580356	-0.160931
10200.000009	-119.112931	0.060105	-77.550371	-0.211968	-119.744690	0.178457	-122.198264	-0.299638
10250.000009	-117.910006	-0.063140	-79.428923	-0.063094	-126.580142	-0.397631	-137.677389	-0.207201
10300.000009	-123.264120	0.068122	-72.236661	-0.206975	-122.576569	0.379570	-127.982620	-0.083634
10350.000009	-117.727214	-0.489953	-70.458312	0.329218	-120.306865	0.495299	-118.019187	0.312540
10400.000009	-125.563221	-0.480096	-82.313104	-0.263924	-121.105415	0.438139	-125.995636	0.365490
10450.000009	-124.169270	0.288835	-78.154717	0.335004	-118.445406	0.411258	-134.995357	-0.259208
10500.000009	-122.357244	-0.182473	-97.665691	0.259518	-135.917051	0.473511	-115.826440	0.323310
10550.000009	-118.738286	0.240599	-77.199255	0.096190	-134.342616	0.196210	-135.630130	-0.481432
10600.000009	-124.828312	0.026932	-80.288009	-0.492108	-117.129981	0.182630	-130.267612	0.228297
10650.000009	-128.842484	-0.304980	-84.823861	-0.349333	-122.637019	-0.061788	-124.920431	0.425351
10700.000009	-115.542307	-0.199523	-76.937886	0.062053	-116.338533	0.474501	-122.347663	-0.000346
10750.000010	-138.995868	-0.207124	-71.922064	0.112741	-130.056587	0.131514	-116.669098	-0.497819
10800.000010	-120.381645	0.412399	-67.711660	-0.429238	-122.259647	-0.163359	-120.297316	-0.053103
10850.000010	-119.658584	0.123726	-73.770304	-0.136881	-123.159039	0.434501	-135.398267	-0.111946
10900.000010	-117.719333	-0.086342	-76.322924	-0.127521	-130.203606	-0.490649	-122.877406	0.120653
10950.000010	-121.253093	0.110030	-75.012473	-0.408933	-118.156379	0.240241	-130.563289	0.241259
11000.000010	-128.258103	0.399166	-76.255473	-0.419489	-119.820288	0.318378	-122.082285	0.285335
11050.000010	-131.512444	0.403129	-79.096864	-0.069702	-126.834836	0.382842	-117.412773	-0.405130
11100.000010	-121.661071	-0.076462	-78.941053	-0.080257	-123.449487	0.463249	-123.269735	-0.029130
11150.000010	-118.812181	0.497303	-85.983924	0.370642	-128.012711	-0.499991	-131.048341	0.383588
11200.000010	-119.223220	0.197574	-73.913693	-0.295561	-121.955579	0.405777	-123.259664	0.304417
11250.000010	-119.445916	0.427932	-75.118364	-0.173400	-125.285174	-0.087956	-122.919153	0.359279
11300.000010	-120.809171	0.199250	-76.555336	0.340650	-121.657790	0.000323	-123.545945	0.224278
11350.000010	-122.912419	0.002955	-72.433563	0.072583	-121.066736	0.021291	-123.988164	0.393783
11400.000010	-115.827271	0.183241	-80.073073	0.016654	-128.097125	-0.278148	-112.868031	0.264536
11450.000010	-124.101911	-0.113151	-78.849308	-0.337957	-132.868333	0.106973	-123.485082	0.111840
11500.000010	-117.592359	0.461942	-82.455938	-0.205654	-127.535808	-0.223159	-118.380717	0.252510
11550.000010	-119.417513	-0.453189	-77.875997	-0.288061	-115.737120	-0.433914	-123.475961	0.301424
11600.000010	-129.510369	0.344104	-78.664187	0.421607	-118.435965	-0.016734	-117.927666	-0.482456
11650.000010	-115.463118	-0.097549	-81.327991	0.416894	-133.106748	-0.487390	-124.675153	0.417033
11700.000010	-119.438321	0.244601	-78.231944	-0.264391	-118.740734	0.235940	-128.067815	0.258417
11750.000010	-134.347867	-0.426100	-72.398053	-0.051046	-119.451068	0.333516	-117.789184	0.266377
11800.000010	-125.637287	-0.359048	-85.774697	-0.019622	-128.067973	-0.137801	-124.470054	0.403816
11850.000010	-124.171424	-0.466405	-80.644167	0.430200	-122.090608	0.019060	-126.130528	-0.394376
11900.000011	-119.981175	-0.420772	-76.770290	0.375779	-126.214860	-0.192450	-118.682069	0.133852
11950.000011	-118.241372	0.302668	-82.804217	0.078738	-120.410246	0.439604	-129.448294	0.310866
12000.000011	-111.818826	0.359397	-72.885676	-0.345419	-118.217807	0.280211	-123.181198	-0.493970
12050.000011	-120.247577	0.129019	-71.539691	-0.054421	-126.010205	-0.208920	-123.466975	-0.059372
12100.000011	-124.205596	-0.040866	-72.285605	0.472185	-121.626452	-0.262429	-121.692318	-0.425587
12150.000011	-123.174845	-0.371804	-76.332681	-0.406481	-126.957941	0.322383	-116.625900	-0.220758
12200.000011	-119.766842	0.194604	-72.895661	0.272844	-133.822356	0.447945	-121.530509	-0.241794
12250.000011	-117.383488	0.115324	-83.908416	0.248042	-126.470054	0.006085	-119.139456	-0.301988
12300.000011	-122.974743	0.179142	-73.271488	-0.467997	-121.687717	-0.488348	-116.837304	-0.392749
12350.000011	-135.455532	-0.270050	-77.638018	0.114970	-122.608273	0.485019	-119.098841	0.488226
12400.000011	-121.187478	-0.286628	-77.174254	0.291642	-123.562760	0.351349	-123.992135	0.450931
12450.000011	-125.005032	-0.173934	-83.742180	0.283312	-137.661421	-0.222693	-126.398947	0.376677
12500.000011	-113.342950	-0.389598	-74.281718	0.498458	-121.312476	-0.096022	-124.521643	0.344482
12550.000011	-120.896133	0.349752	-72.122682	-0.457503	-119.036188	0.317149	-119.919221	-0.336995
12600.000011	-115.633555	-0.259800	-86.447314	0.205566	-122.798385	-0.094817	-133.947919	0.071816
12650.000011	-116.499071	0.365513	-73.330674	0.374492	-119.031748	0.254491	-125.527177	0.391604
12700.000011	-125.156107	0.307494	-74.512923	0.285496	-127.896901	0.012929	-123.032056	0.313356
12750.000011	-119.611777	-0.355668	-90.699682	-0.284330	-134.280588	-0.153278	-133.897328	0.491879
12800.000011	-130.361728	-0.052387	-77.186902	-0.036039	-123.180444	-0.349684	-142.204526	-0.275957
12850.000011	-119.930706	0.184554	-82.109134	0.484339	-117.911448	0.257259	-118.385750	0.010895
12900.000011	-127.086543	0.080988	-81.434644	-0.062400	-121.182256	0.073302	-123.606392	-0.267179
12950.000011	-126.082076	0.034761	-78.394446	0.191963	-122.927308	-0.247544	-120.858153	-0.210172
13000.000012	-120.497773	-0.298094	-82.979626	0.314866	-124.207417	-0.238556	-129.256083	-0.159155
13050.000012	-118.090230	-0.023605	-83.040304	-0.100091	-123.352187	-0.191744	-126.120027	-0.060889
13100.000012	-117.079275	0.485669	-83.874732	0.148374	-132.035230	-0.253499	-120.693782	0.347001
13150.000012	-120.942618	0.244036	-73.296053	0.051416	-117.903907	0.001305	-130.502410	0.193890
13200.000012	-112.139355	0.488534	-78.562222	0.269944	-122.152806	-0.356778	-120.631959	0.420640
13250.000012	-121.094099	-0.221903	-81.894792	-0.111672	-120.257435	0.014913	-135.885853	-0.458173
13300.000012	-131.301228	-0.354814	-77.897978	0.239272	-117.542730	-0.359648	-118.642859	-0.385532
13350.000012	-115.766676	0.018445	-72.744059	0.118704	-126.962408	-0.261457	-118.290726	0.005898
13400.000012	-122.440108	-0.178777	-84.863735	-0.269652	-120.204274	0.072722	-118.093598	-0.107220
13450.000012	-122.472020	-0.332999	-79.646471	0.493449	-124.860899	0.262999	-134.095455	-0.289237
13500.000012	-118.751257	0.441483	-77.305092	0.307601	-118.282005	0.466740	-124.025833	0.489694
13550.000012	-126.581814	-0.436232	-73.062183	0.431069	-120.793491	-0.031181	-121.339856	-0.165293
13600.000012	-118.060585	-0.196682	-79.088255	0.477934	-121.142820	-0.233571	-120.458957	-0.072884
13650.000012	-132.449307	-0.491774	-81.908449	0.290292	-125.779951	0.421781	-121.915595	0.031480
13700.000012	-120.845804	0.004978	-77.606028	0.211404	-125.880360	-0.451868	-125.430886	-0.096068
13750.000012	-122.143566	0.444694	-81.084794	0.343132	-125.202440	-0.107275	-121.797702	0.300902
13800.000012	-114.858286	0.100562	-74.509774	-0.007583	-125.165461	-0.007236	-124.305968	0.271230
13850.000012	-125.306814	-0.499365	-76.694843	-0.098224	-123.502934	-0.022667	-121.234776	-0.388569
13900.000012	-117.759055	0.266388	-75.211636	0.096287	-115.076345	0.436017	-119.865477	0.365757
13950.000012	-117.636201	-0.311983	-81.659550	0.327742	-125.609133	-0.455641	-122.718446	-0.303569
14000.000012	-118.743641	-0.470240	-75.327856	-0.357865	-122.621503	0.481112	-116.333921	0.427655
14050.000012	-121.254894	-0.049045	-86.223563	-0.030812	-116.722724	-0.145992	-126.137616	0.207618
14100.000012	-122.500180	-0.195637	-76.424918	-0.114084	-115.039282	-0.168461	-118.045787	-0.267453
14150.000013	-121.442227	-0.011234	-70.185378	-0.430229	-119.902932	0.319385	-120.169175	-0.302585
14200.000013	-127.216823	-0.056008	-85.631228	-0.475950	-129.387391	0.013139	-123.597975	-0.192942
14250.000013	-123.529679	0.490533	-76.937062	0.415680	-121.340000	0.101302	-116.102962	0.483340
14300.000013	-126.170715	0.228512	-81.616669	-0.108467	-118.550519	-0.169727	-120.008742	0.289190
14350.000013	-115.894943	0.096892	-81.826564	-0.413503	-118.866848	0.084538	-120.322419	-0.350386
14400.000013	-117.233568	-0.388351	-81.281460	-0.015397	-124.456841	-0.086139	-122.912775	-0.139868
14450.000013	-119.334707	0.402788	-84.082010	-0.093795	-124.336766	0.059537	-121.719209	0.166803
14500.000013	-122.029946	0.069952	-85.125994	-0.202958	-126.890002	0.205772	-115.242186	-0.045365
14550.000013	-128.273156	0.209811	-90.020776	-0.395093	-123.915303	-0.233608	-117.101748	0.195844
14600.000013	-125.332313	0.461534	-81.495217	-0.304385	-117.773069	0.356518	-129.133234	0.412468
14650.000013	-132.685550	0.462632	-70.290939	0.242323	-123.924804	-0.071931	-120.568608	-0.036663
14700.000013	-120.853280	0.224349	-79.400350	-0.037291	-124.265372	0.324137	-118.481513	-0.011851
14750.000013	-124.456833	-0.464193	-78.176058	-0.215707	-129.866446	0.121253	-123.581127	-0.156343
14800.000013	-117.897297	0.418997	-71.275752	-0.003479	-121.506083	-0.351145	-123.818670	0.496164
14850.000013	-127.291383	0.177086	-75.318999	0.417273	-118.890342	0.245871	-126.228697	0.291206
14900.000013	-119.416661	-0.300589	-85.738120	-0.459322	-125.777372	0.252334	-122.434835	-0.180524
14950.000013	-124.965337	-0.378990	-74.740826	0.189164	-123.572218	0.170553	-118.986060	-0.249877
15000.000013	-125.978870	0.256356	-76.987481	0.212321	-123.398711	0.257307	-124.082820	0.195835
15050.000013	-122.616089	-0.233271	-79.564505	-0.075620	-122.945505	0.438979	-120.878130	-0.287401
15100.000013	-126.299636	-0.179321	-75.226578	0.213103	-125.391049	0.258412	-136.239406	-0.051638
15150.000013	-118.640971	-0.275908	-94.789539	-0.440705	-118.879303	0.318683	-118.593290	-0.295708
15200.000013	-124.175432	0.294240	-76.711785	-0.141473	-117.340748	0.179570	-123.268857	0.307322
15250.000014	-120.595451	0.182244	-75.508252	0.444382	-114.890844	0.345403	-121.104419	0.457747
15300.000014	-131.106700	0.463989	-74.666732	0.367689	-127.639203	0.394595	-126.606647	0.418716
15350.000014	-118.274920	-0.408758	-86.732810	0.243439	-126.003801	0.008969	-131.676414	-0.166295
15400.000014	-117.226969	-0.301548	-81.481104	0.391108	-118.963968	0.252358	-123.121397	0.094910
15450.000014	-118.954201	0.488643	-80.978014	0.140337	-118.712570	-0.415333	-134.132002	0.164716
15500.000014	-122.337591	-0.375448	-78.854444	-0.277957	-133.453879	0.345531	-121.688054	0.362578
15550.000014	-128.897855	-0.396869	-89.156502	-0.004801	-129.342257	0.306599	-127.119355	0.319461
15600.000014	-113.007181	-0.452828	-72.559162	-0.247712	-117.968677	-0.319979	-125.463600	-0.291953
15650.000014	-121.501406	-0.272516	-78.475774	0.147964	-118.420019	0.283829	-116.210841	-0.045202
15700.000014	-119.350315	-0.411005	-74.857439	-0.209070	-115.643551	-0.193153	-125.065127	-0.214177
15750.000014	-121.655048	-0.224111	-77.907501	-0.006383	-123.254434	-0.006500	-119.974625	-0.425398
15800.000014	-121.516686	0.423333	-82.850891	-0.002926	-116.495627	-0.079353	-125.338960	0.151210
15850.000014	-127.551415	0.304966	-78.819691	-0.404506	-127.124442	0.104510	-128.009038	0.477320
15900.000014	-122.964248	-0.089084	-83.240430	-0.024883	-124.591827	-0.180765	-131.325279	-0.441796
15950.000014	-119.701497	-0.030530	-81.096809	0.379698	-141.153492	0.064996	-123.587519	0.080806
16000.000014	-131.011662	-0.174123	-83.876597	-0.366877	-132.739098	0.067468	-121.310983	0.201774
16050.000014	-122.514258	0.258303	-72.647371	0.123616	-120.734391	0.273373	-131.187944	-0.350378
16100.000014	-120.035843	-0.368374	-98.034699	0.484785	-117.728165	0.008448	-127.257988	0.104814
16150.000014	-123.835906	-0.462835	-88.871156	0.374122	-128.321883	0.439556	-119.362061	-0.167869
16200.000014	-113.984036	-0.202936	-87.166389	-0.136468	-134.708159	0.123957	-116.261091	-0.462629
16250.000014	-119.039596	-0.361843	-77.756946	0.155288	-145.402830	0.193716	-123.108742	-0.481037
16300.000014	-123.022672	0.079286	-75.826528	0.313163	-121.338730	0.057624	-122.717766	0.029304
16350.000014	-121.292854	0.032570	-78.682280	-0.306289	-119.759252	0.029936	-129.121373	-0.236476
16400.000015	-132.289053	0.164347	-75.618958	-0.365220	-127.723839	0.030125	-120.523223	0.096953
16450.000015	-130.029778	-0.290947	-102.304466	-0.128975	-136.754209	-0.211301	-119.502789	0.396108
16500.000015	-122.646381	-0.227311	-81.981623	-0.138117	-119.951801	-0.144214	-122.978255	-0.416328
16550.000015	-123.818074	0.476753	-83.936412	0.322834	-126.827852	0.438281	-121.910926	-0.446125
16600.000015	-119.679552	-0.377270	-75.064791	-0.464907	-127.129210	0.095392	-138.160399	-0.207483
16650.000015	-124.580177	0.369200	-82.466702	-0.118115	-124.809461	-0.173727	-121.025906	-0.301829
16700.000015	-118.349534	0.338234	-75.103984	-0.049598	-128.767943	0.253478	-117.416733	0.257712
16750.000015	-128.413634	0.179707	-79.211213	-0.393162	-126.814817	0.011867	-118.504270	0.262968
16800.000015	-112.011144	-0.392826	-81.255880	0.270054	-123.568363	-0.297409	-127.589191	-0.252142
16850.000015	-117.047560	-0.437742	-76.005971	0.310477	-117.580729	-0.453299	-124.023311	-0.391698
16900.000015	-121.230013	-0.263475	-90.366691	0.009766	-118.722090	0.474432	-121.260873	0.038618
16950.000015	-121.572286	-0.006879	-75.295688	-0.110417	-126.227562	-0.184354	-118.868660	0.019229
17000.000015	-125.966296	0.201697	-79.382859	-0.394816	-126.569247	0.323982	-117.647124	0.045373
17050.000015	-133.021351	0.078323	-82.011012	-0.078086	-139.614351	-0.405578	-118.244820	0.015567
17100.000015	-122.020079	0.284422	-75.190524	0.039429	-124.009491	0.159191	-126.311431	0.064132
17150.000015	-130.337399	0.088969	-83.139891	-0.265573	-125.300088	0.070873	-128.967706	-0.218726
17200.000015	-127.131702	-0.131385	-80.426435	0.343033	-124.751666	0.181347	-118.185694	-0.110189
17250.000015	-128.678983	-0.329406	-86.042502	-0.091642	-119.309224	0.314390	-121.885939	-0.418089
17300.000015	-134.020045	0.332207	-88.163366	-0.340618	-133.004372	-0.126427	-142.987380	-0.024541
17350.000015	-133.879169	0.211380	-80.174466	0.452780	-119.557803	0.364426	-121.775817	0.385278
17400.000015	-113.921437	-0.104524	-87.445178	0.210833	-127.592903	-0.095297	-124.489617	-0.144753
17450.000015	-118.805727	0.477697	-79.599280	-0.498997	-116.732647	-0.110362	-116.167907	-0.185984
17500.000016	-127.806838	-0.095637	-83.303963	-0.251409	-116.480641	0.403470	-120.413224	-0.027112
17550.000016	-131.654644	-0.013382	-79.520245	0.469684	-128.097141	0.153238	-121.199459	0.053096
17600.000016	-120.145984	-0.191776	-83.891905	0.458396	-130.231453	0.113661	-125.034343	0.341184
17650.000016	-118.858535	0.498957	-90.718041	0.312909	-132.479142	-0.020351	-116.035159	0.458826
17700.000016	-129.026536	0.185949	-83.826621	0.467574	-125.563746	0.283119	-142.870154	0.239475
17750.000016	-115.032545	0.328155	-76.040547	0.390964	-123.259006	0.452997	-123.710561	-0.370070
17800.000016	-122.510418	0.258691	-76.397937	-0.315217	-121.394384	-0.348069	-127.411738	-0.097896
17850.000016	-130.151358	0.395352	-85.300953	0.419555	-124.271198	-0.038125	-131.512260	0.233804
17900.000016	-116.875682	-0.021234	-78.311439	-0.083343	-116.876035	-0.456612	-118.195828	-0.318545
17950.000016	-123.081105	0.019308	-78.640838	-0.008243	-125.382453	0.129146	-121.781308	0.352113
18000.000016	-115.781079	-0.459952	-88.013570	0.396147	-122.653422	-0.418761	-119.164184	-0.436313
18050.000016	-135.005626	-0.405005	-83.340742	-0.394570	-117.076402	0.398443	-118.604176	-0.307841
18100.000016	-125.822505	-0.396763	-77.505762	-0.361529	-151.229294	-0.105347	-129.128417	-0.149971
18150.000016	-124.486454	-0.046369	-88.064568	0.144347	-140.061987	-0.482386	-127.839420	-0.412713
18200.000016	-124.423294	-0.161089	-83.741171	0.365905	-124.854899	0.165474	-122.971639	0.415046
18250.000016	-117.571434	-0.293360	-79.357872	0.481773	-118.036209	-0.362173	-121.100906	-0.173265
18300.000016	-123.833961	-0.448620	-83.642891	0.184389	-117.753437	-0.344942	-117.874279	0.426871
18350.000016	-119.393983	-0.002934	-79.982509	-0.148083	-141.811141	-0.091964	-122.956192	-0.400237
18400.000016	-124.665633	-0.379334	-73.244905	-0.006003	-119.953951	0.226818	-140.311228	0.128548
18450.000016	-127.127602	-0.275276	-88.765925	0.094918	-119.996530	0.283320	-127.867786	0.077466
18500.000016	-121.419804	-0.173749	-83.335265	-0.345279	-120.617730	0.076208	-126.587021	-0.240281
18550.000016	-125.491395	-0.112761	-78.419194	-0.105157	-129.656201	-0.405248	-129.624820	-0.019764
18600.000016	-115.915452	-0.190472	-76.644747	0.138648	-121.043225	-0.457382	-121.911782	0.292740
18650.000017	-131.068238	0.305509	-104.059647	-0.217506	-118.929158	0.152019	-123.751386	0.219058
18700.000017	-122.534511	0.360917	-88.669523	-0.173577	-122.166202	0.222098	-124.297203	-0.167837
18750.000017	-120.942000	0.256513	-75.692488	0.038977	-120.310140	0.171626	-125.357928	0.359592
18800.000017	-126.437120	0.006139	-80.485209	-0.439161	-120.422388	0.368462	-123.182807	0.180994
18850.000017	-119.067418	-0.396233	-78.507925	-0.457294	-120.810687	-0.232406	-119.490740	-0.173565
18900.000017	-127.886885	0.133182	-95.041508	-0.299308	-119.130962	0.390767	-123.185703	-0.395977
18950.000017	-125.511657	-0.367909	-85.790024	0.415096	-125.775760	0.308131	-124.009235	-0.330304
19000.000017	-119.983793	-0.262403	-87.906095	-0.271835	-115.009346	0.358882	-120.895664	0.276723
19050.000017	-128.934718	0.217365	-78.729876	-0.210875	-127.229771	-0.485418	-116.333310	-0.119107
19100.000017	-126.643325	0.053025	-89.028867	-0.130342	-120.460150	0.220482	-123.331575	-0.180661
19150.000017	-123.131491	-0.233000	-87.663316	-0.037527	-114.881704	-0.079146	-117.215966	-0.317788
19200.000017	-118.740759	0.222269	-81.190575	0.206279	-123.057276	-0.432980	-124.551576	-0.321958
19250.000017	-128.109170	0.421956	-98.794219	0.097731	-125.896626	0.143418	-123.907666	0.389229
19300.000017	-115.643813	-0.296302	-83.270359	0.428725	-128.304824	-0.179097	-127.865842	-0.284535
19350.000017	-122.350492	0.025426	-76.810065	-0.009754	-120.846815	-0.062189	-116.659208	-0.124046
19400.000017	-131.400112	-0.056470	-75.922370	0.209535	-125.583380	0.309586	-127.568195	0.068523
19450.000017	-125.568398	0.110294	-77.232924	-0.455534	-128.975212	-0.378761	-129.115367	0.055937
19500.000017	-116.845337	-0.218572	-94.595526	0.197157	-126.147285	-0.448823	-129.261162	-0.374880
19550.000017	-126.827868	0.212522	-82.584289	0.126171	-124.247313	-0.101021	-123.178530	0.195272
19600.000017	-119.679537	-0.137901	-86.001144	0.034903	-128.293431	-0.245202	-124.756444	-0.208328
19650.000017	-129.602812	0.389553	-78.329231	-0.209704	-120.321290	0.374164	-122.170353	0.032694
19700.000017	-118.046060	-0.417012	-83.886877	-0.361386	-122.310772	0.380971	-132.318866	-0.351080
19750.000017	-120.453125	0.148573	-77.084344	0.049876	-128.462140	-0.177161	-125.525255	-0.169577
19800.000018	-119.158990	0.322216	-77.139522	-0.328133	-122.683388	-0.337218	-117.607515	0.450267
19850.000018	-121.787635	-0.266706	-83.085849	0.172869	-118.131754	-0.280165	-124.615340	-0.287560
19900.000018	-129.627895	0.463713	-77.724809	0.073339	-127.456923	0.201753	-120.301684	0.281435
19950.000018	-122.596868	-0.370710	-90.379529	-0.044852	-121.190240	-0.351561	-125.081053	0.449081
20000.000018	-127.825144	-0.132512	-82.353907	0.214399	-118.937818	-0.248140	-127.702232	-0.071739
