% f494.txt
% Date Thu, Jul 15, 2021 4:48 PM
% Sine seq
% Response spectrum
% Stim level (V pk) 0.100, 0 dB filter gain, 120.0 dB attenuation
% Stim RMS (V) 0.000
% Freq [Hz]	Ch0 Mag [dB]	Ch0 Phase [cyc]	Ch1 Mag [dB]	Ch1 Phase [cyc]	Ch2 Mag [dB]	Ch2 Phase [cyc]	Ch3 Mag [dB]	Ch3 Phase [cyc]
%%end
50.000000	-115.746173	-0.343416	-68.541127	0.291892	-103.329363	0.100108	-114.163542	-0.249701
100.000000	-119.774536	0.283572	-57.975313	0.492194	-94.150780	0.328228	-113.920860	-0.068644
150.000000	-127.506465	0.063783	-49.607830	-0.332961	-105.857073	0.294199	-116.429280	-0.020104
200.000000	-114.869509	0.311964	-53.338712	-0.052198	-104.211421	-0.252166	-118.514675	-0.444938
250.000000	-124.635890	0.343967	-46.369496	-0.097689	-103.864414	-0.326081	-129.575695	0.473648
300.000000	-99.198136	-0.200303	-57.114342	0.299196	-111.326379	-0.135539	-108.886703	0.078237
350.000000	-122.392626	0.315715	-48.441185	0.331905	-113.567955	-0.009250	-120.512132	0.353027
400.000000	-121.321411	-0.274044	-48.959692	0.091693	-105.092309	-0.071882	-129.815548	-0.344266
450.000000	-121.379576	-0.100830	-49.427852	-0.384442	-107.603122	-0.396843	-121.085458	0.387937
500.000000	-116.092963	0.325718	-58.266417	-0.117554	-106.990838	0.410715	-120.129072	0.277162
550.000000	-116.616971	-0.229414	-59.951035	-0.491695	-116.140753	-0.399765	-121.265937	-0.320584
600.000001	-123.208679	-0.432220	-101.164026	0.039378	-109.535926	0.342006	-127.379919	0.293293
650.000001	-122.214123	-0.447071	-59.186065	0.455294	-135.024214	-0.380323	-119.927990	-0.344299
700.000001	-120.230568	-0.244772	-55.810730	-0.335727	-119.377608	0.273423	-119.314903	-0.497825
750.000001	-136.572830	0.417101	-62.108317	0.159945	-117.515877	0.254742	-129.412514	0.499384
800.000001	-120.798999	0.109839	-66.472448	0.348232	-116.137030	-0.120481	-119.899609	-0.296171
850.000001	-119.967692	-0.331267	-62.867418	0.215430	-112.129661	0.255613	-124.992471	0.337948
900.000001	-114.245988	0.190281	-70.107191	-0.075610	-115.738358	0.239732	-120.712500	-0.395430
950.000001	-113.488013	-0.380893	-62.066722	0.028085	-111.054944	-0.116693	-121.227906	-0.329568
1000.000001	-127.949687	-0.321864	-60.293942	-0.062781	-113.951514	-0.307918	-122.319380	-0.486417
1050.000001	-38.456851	-0.218485	-25.282723	0.421821	-106.575938	0.411182	-120.063743	0.448243
1100.000001	-130.609713	0.266134	-68.745986	0.012173	-127.201929	0.279725	-120.336275	-0.206656
1150.000001	-119.839060	0.448956	-58.666072	-0.247431	-119.189434	0.436316	-125.976595	-0.294777
1200.000001	-121.026860	-0.143171	-57.434065	-0.013559	-119.792032	0.132259	-123.556813	-0.097024
1250.000001	-121.904771	0.217320	-55.585353	0.160531	-116.232069	0.462927	-147.347600	0.372890
1300.000001	-116.584449	-0.291709	-62.920981	0.386218	-113.663269	-0.344809	-117.660978	-0.444103
1350.000001	-126.002449	0.177765	-60.689158	0.067887	-117.045965	0.277376	-126.824775	0.392813
1400.000001	-124.240208	-0.330188	-58.197572	-0.208249	-114.852788	-0.085968	-118.851808	0.131179
1450.000001	-124.246669	0.241588	-61.196995	-0.047836	-113.506144	0.112098	-125.275981	0.458450
1500.000001	-119.515836	-0.317257	-66.273085	0.379938	-114.505780	-0.458251	-129.171331	-0.225172
1550.000001	-122.426141	-0.395356	-79.025720	-0.079392	-124.596480	-0.225518	-126.232582	-0.367173
1600.000001	-120.618815	0.251367	-54.956521	-0.200739	-117.137904	0.372936	-128.952137	0.218838
1650.000001	-116.995602	0.086421	-60.697795	-0.129547	-131.871702	-0.431280	-136.851303	0.494392
1700.000002	-112.353366	0.442368	-69.235585	0.327755	-121.166659	0.487688	-121.269448	-0.420350
1750.000002	-128.208923	0.239404	-62.907662	-0.406807	-124.416452	-0.380206	-126.633601	0.159927
1800.000002	-118.490937	-0.475688	-59.617946	-0.141624	-128.973481	0.475784	-121.744661	0.462121
1850.000002	-147.539614	0.360860	-60.168653	-0.059766	-121.603105	0.424400	-122.284894	-0.082337
1900.000002	-122.244958	-0.475311	-61.465079	0.157906	-116.656401	-0.460636	-123.584384	-0.110926
1950.000002	-123.395808	-0.399120	-62.011843	0.185471	-120.736689	-0.413555	-119.836381	0.375835
2000.000002	-116.752447	0.276495	-63.923418	0.499544	-134.506276	-0.437304	-119.814259	0.144048
2050.000002	-115.643243	0.434146	-59.218545	0.004961	-131.019820	-0.355859	-120.722910	0.431883
2100.000002	-107.106830	-0.399845	-73.724055	0.367971	-114.042661	-0.302061	-117.631617	-0.397237
2150.000002	-143.142322	0.276750	-60.436997	-0.447768	-115.468923	0.259699	-118.096299	0.219517
2200.000002	-124.583865	0.070149	-59.403016	-0.170945	-118.396731	-0.215217	-115.026447	0.088666
2250.000002	-127.198608	0.002270	-72.869146	-0.352756	-129.272077	0.043925	-125.645248	-0.362685
2300.000002	-127.312567	-0.162029	-61.330147	0.404189	-124.381081	0.207558	-123.242804	-0.219323
2350.000002	-117.580859	0.167041	-64.021377	-0.305685	-122.822801	0.219687	-123.437573	0.242910
2400.000002	-121.774086	-0.093932	-75.802320	-0.409050	-130.419399	-0.286692	-122.799836	-0.020754
2450.000002	-121.008579	-0.379329	-65.639540	-0.455363	-120.772852	-0.271400	-118.779343	0.103126
2500.000002	-127.110860	0.038704	-80.389091	-0.059497	-121.701264	0.216822	-135.130288	0.101440
2550.000002	-126.411618	-0.460324	-64.432551	0.458661	-118.875894	-0.410164	-119.425578	0.149820
2600.000002	-121.255122	-0.033347	-62.657281	-0.161921	-118.082973	0.197370	-128.231489	0.227570
2650.000002	-119.609057	-0.076348	-74.732023	0.478334	-119.803308	0.243718	-118.000744	-0.129008
2700.000002	-127.249351	-0.158269	-70.226314	-0.076141	-123.277708	-0.171613	-119.021121	-0.332251
2750.000002	-123.442723	-0.092381	-71.835069	0.099821	-114.014936	-0.070556	-121.411810	-0.138996
2800.000002	-116.274479	0.461585	-70.766036	-0.222303	-120.497069	0.444040	-114.545653	0.482289
2850.000003	-121.196754	0.090471	-68.510440	0.092425	-128.562013	0.378505	-124.947712	0.058283
2900.000003	-124.172330	-0.397228	-84.454782	0.407392	-114.491114	-0.123425	-135.919024	-0.170635
2950.000003	-137.061528	0.369648	-65.626117	0.000934	-122.946276	0.023159	-136.123057	-0.297558
3000.000003	-127.182160	-0.127089	-64.713855	0.174640	-113.324072	0.467973	-121.436575	0.262387
3050.000003	-123.848767	-0.451720	-73.070762	-0.170251	-115.156574	0.297199	-119.256842	-0.037957
3100.000003	-131.839677	0.002933	-69.295498	0.478697	-123.076513	-0.496349	-123.617687	-0.304101
3150.000003	-100.517712	0.392042	-67.136658	-0.413726	-120.750463	-0.158173	-121.687659	0.162272
3200.000003	-117.795723	-0.177747	-65.796335	0.048439	-117.267587	-0.297043	-134.353788	-0.312650
3250.000003	-125.179121	-0.330112	-72.706113	-0.153874	-125.708223	0.096624	-125.096372	-0.253655
3300.000003	-126.551412	-0.181825	-68.086478	0.158258	-125.460529	-0.297481	-119.400648	0.064178
3350.000003	-128.719692	0.432985	-66.496349	-0.013801	-119.518551	0.009954	-119.651389	-0.353302
3400.000003	-121.633865	-0.413001	-71.542270	-0.160603	-123.151220	-0.371038	-120.573036	-0.472697
3450.000003	-121.918492	-0.335426	-61.993875	-0.017383	-114.999539	0.429817	-123.952600	0.321081
3500.000003	-134.935112	0.432348	-75.032967	-0.291490	-122.195090	0.295229	-123.437982	0.339519
3550.000003	-123.017299	0.381258	-72.009420	-0.191005	-132.669716	-0.098726	-120.661258	0.271126
3600.000003	-122.963188	-0.192716	-69.942248	-0.452003	-132.014701	-0.238947	-132.874550	-0.159580
3650.000003	-130.918233	0.200317	-72.008509	-0.374072	-121.514417	0.247113	-129.550490	-0.276938
3700.000003	-118.089201	0.299508	-66.449241	0.281679	-116.324954	0.127770	-126.500242	0.170901
3750.000003	-123.726941	0.012521	-70.235313	0.445733	-113.251406	0.210560	-123.085161	0.192198
3800.000003	-123.732640	0.494290	-70.006482	0.343606	-123.828862	0.447010	-120.529402	-0.292630
3850.000003	-119.833842	-0.156785	-65.341395	0.354421	-121.551503	0.426266	-121.092111	-0.229219
3900.000003	-124.178262	0.409074	-73.449651	-0.077833	-113.317469	-0.181760	-122.450335	-0.174308
3950.000003	-118.316382	0.264003	-62.266248	0.319132	-130.195265	0.333563	-124.711335	-0.271608
4000.000004	-124.213984	0.183993	-81.118340	0.103947	-117.960977	0.383471	-120.724133	-0.344997
4050.000004	-119.767535	0.467594	-70.955203	-0.061210	-117.332829	0.070053	-124.526894	0.384654
4100.000004	-120.763492	0.477498	-68.183988	-0.258513	-121.502273	-0.118930	-118.388219	-0.075073
4150.000004	-138.223269	-0.039863	-62.022362	-0.462449	-115.935326	0.095047	-125.628130	0.337719
4200.000004	-100.575583	-0.385959	-75.655154	0.247088	-125.747525	-0.427652	-123.022024	0.265360
4250.000004	-125.347387	0.005318	-66.822450	-0.228490	-123.878035	0.142389	-119.639215	-0.199138
4300.000004	-122.586917	-0.008065	-72.943570	-0.428845	-119.767810	0.224471	-119.913695	0.209394
4350.000004	-120.044239	0.200643	-82.069050	-0.430969	-115.267455	0.269519	-130.633671	-0.072043
4400.000004	-132.446262	-0.226299	-73.567130	-0.026691	-121.994174	0.076270	-118.492499	0.328360
4450.000004	-118.558913	-0.165427	-69.279950	-0.171842	-122.103473	-0.335477	-121.798448	-0.068493
4500.000004	-118.265239	0.347957	-77.182244	-0.315873	-118.201585	-0.188426	-130.093101	-0.360244
4550.000004	-119.925258	0.436987	-70.084114	-0.479596	-121.975494	-0.090042	-122.971128	-0.204224
4600.000004	-117.921358	0.112695	-83.380015	-0.216044	-129.761999	0.028785	-122.361261	-0.392342
4650.000004	-117.928708	-0.480313	-75.932595	0.243134	-121.814349	0.365338	-124.245644	0.294277
4700.000004	-118.951959	-0.499196	-77.267397	0.455974	-156.411895	-0.159630	-119.899165	-0.217576
4750.000004	-118.373642	0.072601	-69.863132	-0.184573	-118.119083	0.204344	-117.960927	0.020221
4800.000004	-121.489723	0.388836	-77.277388	-0.034022	-124.787495	-0.274712	-133.774935	0.487580
4850.000004	-115.888024	0.276919	-66.441516	0.402870	-116.700704	0.351290	-121.208487	0.237803
4900.000004	-121.334208	-0.486090	-89.263603	0.053731	-119.281598	-0.415529	-127.550560	0.300622
4950.000004	-124.138324	0.456637	-78.053709	0.371447	-115.632368	-0.445655	-125.944714	0.268821
5000.000004	-130.393197	-0.144279	-66.258223	0.050125	-125.904509	-0.299402	-114.441020	-0.132365
5050.000004	-137.043498	0.089493	-73.693635	0.480179	-122.308925	-0.468346	-125.276356	0.393866
5100.000005	-119.589527	0.019241	-80.373238	-0.417608	-123.910315	0.116760	-119.912952	0.199637
5150.000005	-123.842351	-0.094725	-70.702695	-0.373345	-127.069102	-0.280842	-123.405669	0.212617
5200.000005	-125.172214	-0.102628	-72.967500	-0.200819	-119.817226	-0.178611	-123.762662	-0.497134
5250.000005	-103.532493	0.388575	-68.970049	0.479752	-129.039737	-0.364478	-124.220611	-0.133761
5300.000005	-131.531471	-0.173027	-61.600451	0.002591	-118.624509	-0.223410	-129.164408	-0.044122
5350.000005	-117.464809	-0.231985	-68.719673	0.176871	-126.507817	-0.086247	-120.375795	0.465551
5400.000005	-121.240081	-0.187379	-65.327560	0.136871	-122.799743	0.030813	-125.221826	-0.233301
5450.000005	-123.829350	-0.477362	-64.063681	0.334554	-120.361586	-0.412982	-132.485281	-0.352791
5500.000005	-122.351838	0.151894	-69.758637	0.191826	-115.680867	-0.047727	-123.144505	0.013710
5550.000005	-124.280494	0.307652	-69.478398	-0.220934	-123.091487	-0.436373	-123.060427	-0.487499
5600.000005	-120.915789	-0.408006	-70.324136	0.395869	-120.789868	-0.260947	-121.436864	0.233283
5650.000005	-125.544892	-0.059525	-72.428995	0.200097	-123.150373	-0.080794	-128.625037	0.029251
5700.000005	-120.037087	0.124483	-76.924411	0.004308	-127.837939	-0.114036	-121.771509	0.175847
5750.000005	-130.912640	-0.017097	-69.269343	0.439908	-129.156954	-0.333609	-119.817002	-0.178632
5800.000005	-121.152075	0.097542	-78.849862	-0.094558	-122.986941	-0.310465	-120.376282	-0.343472
5850.000005	-130.205581	0.305111	-77.984959	0.018477	-123.112990	-0.015515	-120.282560	-0.266323
5900.000005	-119.235125	0.183370	-64.731039	-0.256394	-117.716326	0.071906	-122.898466	-0.041434
5950.000005	-113.477519	0.296454	-67.095028	-0.135345	-133.889991	0.450941	-126.183027	-0.008492
6000.000005	-123.612633	-0.079591	-70.544978	0.284564	-118.907131	-0.430411	-122.204556	-0.186407
6050.000005	-119.861434	-0.468444	-71.770149	-0.327890	-128.650680	-0.361423	-127.872547	-0.177954
6100.000005	-128.192244	-0.043471	-68.919961	0.131121	-119.454802	-0.052076	-120.698280	0.024414
6150.000005	-122.033623	0.381806	-74.266756	-0.173357	-127.987529	0.083395	-130.406217	0.305193
6200.000005	-116.848871	0.313684	-79.790622	0.311117	-135.531209	-0.047937	-131.407427	0.257764
6250.000006	-115.206211	-0.342583	-73.775753	-0.242480	-126.486679	0.192912	-125.270234	0.329017
6300.000006	-104.330674	-0.320892	-71.377820	-0.076945	-121.911265	-0.030800	-118.137497	-0.406876
6350.000006	-113.579662	0.267412	-76.559729	0.071750	-122.437624	0.119884	-124.450207	0.078085
6400.000006	-120.673614	-0.010863	-69.724661	-0.478118	-128.370275	0.339181	-130.644718	0.374154
6450.000006	-118.061562	0.476872	-71.512917	-0.368107	-123.558873	0.047386	-121.287849	0.367793
6500.000006	-120.259377	0.223063	-69.054702	-0.253609	-118.720374	-0.280495	-133.983434	-0.131222
6550.000006	-115.335414	0.317807	-70.040823	-0.010421	-122.693995	0.176276	-124.629382	-0.452874
6600.000006	-137.912782	-0.083389	-73.351627	-0.045953	-122.485807	0.134780	-120.223469	-0.220384
6650.000006	-118.777667	-0.265329	-73.355652	0.109440	-144.313809	-0.292928	-121.496577	0.043583
6700.000006	-116.523503	-0.303021	-69.326878	0.177239	-114.460196	-0.477567	-113.756746	-0.426280
6750.000006	-112.901230	-0.259269	-71.823742	-0.287069	-125.137120	0.452606	-135.935002	0.001837
6800.000006	-122.941892	-0.319386	-72.373860	-0.213363	-126.049690	0.401947	-127.646546	0.202942
6850.000006	-114.833747	0.190064	-85.427892	0.226435	-120.726721	-0.086154	-127.214997	-0.012103
6900.000006	-122.621551	-0.218450	-66.121149	0.233651	-120.841155	-0.290896	-124.848019	-0.155982
6950.000006	-125.338432	0.496997	-73.653192	0.328999	-120.138662	0.004010	-131.598368	-0.207449
7000.000006	-114.422102	0.238648	-88.548976	0.148409	-115.917245	0.310777	-116.679149	0.182933
7050.000006	-124.962981	0.184275	-80.520018	0.067434	-133.676231	-0.478489	-132.549992	-0.467383
7100.000006	-123.655805	-0.447421	-77.782108	-0.386069	-119.211969	-0.364901	-122.621531	-0.410807
7150.000006	-124.700264	0.148474	-74.202049	-0.057061	-126.132939	-0.454680	-123.334531	0.291363
7200.000006	-123.604854	-0.428542	-74.503464	0.013466	-120.019094	-0.442581	-125.539004	-0.091452
7250.000006	-124.015746	-0.170615	-79.407101	-0.107197	-128.694717	-0.464807	-125.367226	-0.140146
7300.000006	-133.505166	0.250121	-75.151959	-0.496609	-120.374050	0.237627	-120.405985	-0.375655
7350.000007	-117.361371	0.496830	-72.652070	-0.467203	-142.454289	0.427388	-127.874669	-0.282966
7400.000007	-119.027222	-0.479523	-77.867587	0.349755	-115.801949	-0.374854	-127.375566	0.080233
7450.000007	-128.100891	-0.242339	-65.065398	-0.492669	-121.881620	-0.192928	-122.875641	0.388814
7500.000007	-121.456932	0.467087	-72.829839	0.142289	-122.450687	0.432625	-118.933424	-0.341028
7550.000007	-123.397153	-0.144654	-71.707679	0.443910	-124.436915	0.126631	-122.015380	-0.280707
7600.000007	-138.840898	0.299236	-73.375322	-0.408275	-133.743616	-0.083495	-124.645979	-0.223317
7650.000007	-127.238646	-0.466737	-75.602652	-0.057337	-118.151399	-0.099949	-121.879479	-0.050093
7700.000007	-118.540455	0.313387	-70.221339	0.271308	-120.955592	0.083127	-126.005168	-0.381981
7750.000007	-116.336845	0.253736	-74.739531	-0.423002	-117.421312	0.149279	-122.604179	-0.005745
7800.000007	-123.635411	-0.278938	-73.340644	0.456618	-118.333192	0.184284	-117.785599	-0.294770
7850.000007	-125.769772	-0.236177	-77.397077	-0.348860	-124.638177	0.001139	-125.070034	0.260575
7900.000007	-123.724867	0.019178	-76.094860	0.116588	-123.321220	-0.032440	-120.316170	0.028373
7950.000007	-122.272544	0.081806	-78.581156	-0.381994	-139.811112	-0.178903	-118.923467	0.353961
8000.000007	-120.037840	0.100440	-71.694396	-0.132563	-127.222970	0.435341	-123.993598	0.061040
8050.000007	-118.193616	-0.041446	-74.184373	-0.241040	-118.238782	-0.488907	-123.840439	0.479923
8100.000007	-118.814209	0.203621	-71.839117	-0.070483	-124.536576	0.109994	-123.367738	0.063528
8150.000007	-128.788402	0.441179	-96.584136	0.033947	-120.414856	0.136909	-145.479880	-0.240652
8200.000007	-118.866605	-0.077800	-74.741684	0.288250	-130.951598	-0.072578	-124.555535	-0.187526
8250.000007	-126.681353	0.009918	-80.224698	-0.433654	-133.437521	0.169042	-119.872164	-0.337125
8300.000007	-125.634801	0.186196	-72.846866	0.269391	-132.195356	0.070423	-128.176572	0.253865
8350.000007	-118.434165	0.416652	-71.683105	0.223631	-122.480946	0.477267	-123.849516	-0.365650
8400.000007	-103.035619	-0.252968	-84.732243	0.105439	-122.490855	-0.315556	-119.463413	-0.375232
8450.000007	-123.418761	0.325617	-77.311707	0.175125	-120.790709	-0.403204	-131.534938	0.157294
8500.000008	-129.168701	-0.057371	-75.982701	0.330872	-122.730762	0.286858	-127.076304	0.282616
8550.000008	-119.835583	-0.164313	-75.568217	0.076311	-126.274205	0.052531	-132.034778	0.141193
8600.000008	-115.884997	0.050565	-69.530801	-0.128591	-123.754159	-0.190372	-119.234415	0.046908
8650.000008	-125.999485	-0.093445	-66.277633	0.468551	-131.068802	0.215777	-118.593484	0.392349
8700.000008	-118.413792	-0.436657	-73.780249	-0.008452	-121.187356	0.406076	-120.582172	0.299088
8750.000008	-127.068831	0.224671	-72.728790	0.355079	-125.830639	-0.314261	-122.165355	-0.215954
8800.000008	-119.609237	0.209906	-76.923878	0.134912	-117.600593	0.372707	-127.844323	-0.303543
8850.000008	-122.742718	-0.114227	-77.523776	-0.300725	-130.496948	0.292862	-126.756167	-0.031647
8900.000008	-124.952727	-0.345261	-74.378110	-0.266979	-121.017837	-0.461716	-125.938546	0.494351
8950.000008	-122.755621	-0.203487	-72.951704	-0.396062	-116.984131	-0.022431	-121.122951	-0.204239
9000.000008	-116.293551	0.431602	-70.483179	0.164340	-138.705967	0.260442	-126.598453	0.140099
9050.000008	-126.176931	-0.072537	-72.747790	0.185377	-121.386298	-0.061587	-136.482014	-0.334131
9100.000008	-126.335272	-0.113828	-71.572758	0.208389	-124.025735	0.001764	-125.349474	-0.073866
9150.000008	-118.635279	0.454420	-77.639303	0.197924	-128.447863	-0.433534	-123.112930	-0.419869
9200.000008	-120.839271	-0.154993	-76.969435	0.434974	-120.365955	-0.271997	-120.337564	0.190580
9250.000008	-124.210693	0.340370	-75.438496	-0.376340	-123.568696	0.152510	-114.247016	0.275911
9300.000008	-121.709416	-0.222843	-77.931819	0.123945	-127.732804	0.457098	-123.252621	0.098775
9350.000008	-123.375259	0.279271	-78.207873	-0.491724	-119.137323	0.383315	-130.410164	0.141731
9400.000008	-126.394337	0.441066	-73.062604	-0.065015	-120.284969	0.427132	-117.274128	-0.349892
9450.000008	-119.389811	0.381523	-77.883927	0.266969	-133.180877	-0.240401	-138.790697	0.069585
9500.000008	-129.556085	-0.367775	-72.647413	-0.213757	-130.099118	-0.175373	-126.140828	0.221852
9550.000008	-134.779603	-0.367820	-69.290663	-0.254804	-123.686039	-0.463210	-120.600873	0.445929
9600.000009	-115.017510	-0.302077	-72.343802	0.142508	-130.274244	-0.397165	-129.137434	-0.100236
9650.000009	-121.736891	0.329263	-78.694066	-0.455645	-133.406673	-0.473563	-133.474551	-0.060567
9700.000009	-118.297331	-0.471690	-85.250987	0.482876	-116.285645	0.357756	-123.208057	0.333274
9750.000009	-127.876568	0.266469	-77.434405	-0.247862	-126.211232	-0.194234	-121.332381	0.036451
9800.000009	-122.184662	-0.238334	-74.872270	-0.362000	-117.931281	-0.220733	-120.993903	-0.234440
9850.000009	-118.381510	0.236635	-75.271288	0.192012	-117.521636	-0.480671	-119.979335	0.296307
9900.000009	-120.266335	0.222394	-68.451370	0.024158	-125.338895	-0.312388	-127.345914	0.235209
9950.000009	-115.994257	-0.463514	-71.313618	-0.270952	-120.869871	0.482677	-121.401699	0.278527
10000.000009	-115.016352	0.378030	-85.472528	-0.431535	-123.673019	0.461757	-117.077024	-0.442692
10050.000009	-131.483799	0.262875	-77.815333	-0.367345	-127.086124	0.239666	-129.526312	0.136881
10100.000009	-119.172629	-0.287764	-72.165040	-0.225881	-115.681706	-0.080576	-119.992620	-0.148597
10150.000009	-125.299289	0.207056	-77.273959	0.007946	-133.754129	-0.259975	-124.387342	0.336224
10200.000009	-127.092672	-0.403980	-78.475769	-0.246927	-120.909594	0.191333	-125.009842	-0.247632
10250.000009	-128.908917	-0.378764	-71.528041	0.262210	-120.604657	-0.194336	-120.915355	-0.429517
10300.000009	-115.933052	-0.312455	-73.087656	0.466303	-112.453782	-0.299404	-121.743645	0.060422
10350.000009	-126.974769	0.473070	-82.060781	-0.494166	-121.559635	-0.317609	-124.744978	0.352212
10400.000009	-122.337489	0.104322	-84.583851	0.451148	-124.279430	0.091608	-127.482750	-0.002988
10450.000009	-119.581776	0.399146	-71.780965	0.327994	-147.030787	0.084578	-122.491625	0.285788
10500.000009	-110.706202	-0.199069	-81.016453	0.034812	-122.285213	0.183198	-122.538172	0.247733
10550.000009	-125.979472	-0.289956	-83.039361	-0.171002	-117.448524	0.473989	-120.092185	0.150302
10600.000009	-120.304300	-0.072198	-76.677170	0.268717	-129.778247	0.174944	-121.909628	-0.105316
10650.000009	-123.231440	0.341514	-70.311419	0.207894	-127.427414	-0.274871	-131.704396	-0.152479
10700.000009	-117.971710	0.143414	-85.410065	0.389787	-132.769829	0.123386	-129.198346	0.242389
10750.000010	-123.806604	-0.082803	-68.386016	0.284697	-118.603344	-0.053707	-126.411462	-0.140030
10800.000010	-129.081971	0.458923	-78.734024	-0.395497	-124.574830	-0.268907	-122.646537	0.356744
10850.000010	-119.800480	0.379182	-72.541065	0.009488	-126.958599	0.237238	-124.760429	-0.103220
10900.000010	-121.958892	0.272541	-72.156904	-0.025561	-122.815661	0.371766	-126.769922	-0.272031
10950.000010	-125.646345	-0.197901	-78.467449	0.385899	-126.947597	0.240040	-134.774707	0.036708
11000.000010	-128.970641	-0.102275	-79.189593	-0.041317	-132.150668	-0.057193	-134.165171	-0.459984
11050.000010	-122.555406	0.047726	-76.451695	-0.263935	-123.263612	0.256495	-126.795998	-0.365470
11100.000010	-128.397649	0.276103	-85.986447	-0.076804	-122.354478	-0.014600	-125.946759	0.257709
11150.000010	-123.392030	0.488393	-79.901323	0.026981	-126.067801	0.138280	-124.702725	-0.447736
11200.000010	-121.340444	-0.233046	-77.969346	-0.212597	-120.172115	-0.151990	-122.887770	0.030990
11250.000010	-129.810471	-0.205392	-78.452105	0.303204	-123.663919	-0.452364	-121.252529	-0.287952
11300.000010	-114.887856	0.448836	-80.218594	0.103562	-121.206221	-0.407181	-121.103694	0.412666
11350.000010	-124.698509	-0.131923	-78.148372	0.436901	-120.876109	0.031613	-125.050104	-0.463966
11400.000010	-117.647363	-0.416533	-88.193693	-0.292059	-118.356562	0.354431	-119.235429	0.409072
11450.000010	-122.075327	0.492919	-77.523829	0.128794	-116.653773	0.485389	-131.522994	-0.021755
11500.000010	-120.882962	0.289403	-91.549063	0.048975	-128.643456	0.430162	-119.340399	0.341480
11550.000010	-116.259512	0.175777	-75.342908	0.164712	-124.000515	0.369967	-125.460737	0.285092
11600.000010	-124.920065	-0.131140	-75.058393	0.201558	-124.078710	-0.422096	-133.083392	0.229254
11650.000010	-122.486484	-0.402150	-68.797137	-0.275789	-120.923292	-0.286989	-128.826709	0.098587
11700.000010	-133.286314	-0.481139	-74.081338	0.093688	-120.162614	0.058318	-131.535614	0.243362
11750.000010	-137.407071	0.367391	-77.216534	-0.193586	-125.304352	0.375864	-120.778891	0.487096
11800.000010	-123.425103	-0.017790	-79.146502	-0.138002	-119.019421	0.017700	-142.108819	0.108086
11850.000010	-123.728200	0.218257	-74.090547	0.311452	-121.008487	-0.249845	-120.089100	0.151670
11900.000011	-135.362161	-0.134378	-83.183340	-0.209628	-118.007282	-0.321116	-120.365822	0.060240
11950.000011	-123.366343	0.483749	-76.564096	0.123779	-120.089132	0.484582	-131.409482	0.256686
12000.000011	-121.761111	0.157552	-81.463932	-0.336734	-116.883283	0.354453	-123.570495	0.344658
12050.000011	-117.473131	0.299372	-78.780367	0.455494	-114.491872	0.375546	-119.627053	0.267246
12100.000011	-126.116380	-0.211537	-80.967797	0.198852	-120.495935	-0.184326	-115.990350	-0.061338
12150.000011	-133.435463	-0.072591	-74.022994	-0.118885	-129.022248	-0.175690	-127.597190	0.098362
12200.000011	-141.402045	0.256737	-74.795036	-0.126595	-127.904448	0.179185	-126.870693	-0.411767
12250.000011	-116.377844	0.308846	-83.660023	0.290372	-117.218341	0.315968	-156.157393	-0.245961
12300.000011	-124.923602	0.004855	-72.700976	-0.334602	-124.023293	-0.465722	-150.815758	-0.336904
12350.000011	-114.885647	-0.497240	-83.910533	0.043731	-138.045395	-0.462507	-121.921977	0.494561
12400.000011	-122.066540	-0.215446	-73.331346	0.101542	-134.262064	0.067742	-125.053591	-0.138829
12450.000011	-132.447776	-0.427708	-80.243368	-0.215347	-122.261094	0.424057	-147.994697	-0.239703
12500.000011	-130.303598	0.212356	-76.486694	0.226855	-116.866779	0.013755	-125.804137	-0.449291
12550.000011	-131.145151	0.155686	-79.597152	-0.244770	-118.888077	0.213552	-119.972010	0.485867
12600.000011	-115.919746	-0.171355	-73.841492	0.005957	-124.136316	-0.141021	-126.793027	-0.178500
12650.000011	-118.981295	-0.201337	-80.052162	-0.462996	-127.625547	0.003791	-120.199591	-0.202554
12700.000011	-139.219691	0.120761	-73.635198	-0.437160	-128.008529	-0.468384	-133.876704	0.444158
12750.000011	-136.074527	-0.108882	-81.624971	-0.258039	-119.549020	-0.315413	-127.173642	-0.187117
12800.000011	-134.324390	0.338129	-75.999993	0.081652	-122.636512	-0.194653	-125.950857	-0.190124
12850.000011	-140.488502	0.058434	-80.635077	-0.108899	-122.437504	0.231414	-138.438805	-0.331665
12900.000011	-122.845833	0.277062	-77.489097	-0.283229	-117.359727	0.224636	-121.512200	0.297556
12950.000011	-127.421327	0.266911	-76.138648	0.233864	-119.682407	-0.422822	-133.895739	0.361780
13000.000012	-118.519943	-0.146124	-89.069438	0.149709	-122.869689	-0.052799	-118.080135	-0.175324
13050.000012	-118.153158	0.455406	-73.637845	-0.358105	-126.648662	0.388557	-132.529729	-0.377314
13100.000012	-118.937611	-0.059152	-73.720579	0.403811	-136.338044	-0.476232	-132.771034	0.399582
13150.000012	-116.940180	-0.203372	-79.166210	0.255223	-120.894163	0.308815	-140.253699	0.071369
13200.000012	-118.163615	-0.125802	-88.457667	0.207452	-133.332650	-0.074331	-116.945819	-0.313932
13250.000012	-124.679134	-0.074389	-81.971131	0.269142	-134.232465	-0.232479	-126.286846	-0.040626
13300.000012	-121.691158	-0.206286	-75.756360	0.201844	-117.155430	0.154956	-121.445311	-0.018996
13350.000012	-126.152201	-0.115426	-73.546551	-0.130179	-122.551462	-0.016403	-116.543310	-0.214244
13400.000012	-135.304963	0.117825	-81.493900	-0.173721	-126.458321	0.265062	-121.208247	-0.483126
13450.000012	-126.544982	-0.318052	-84.670932	0.079150	-124.672907	-0.027811	-130.243577	0.436330
13500.000012	-119.091420	-0.389118	-92.125889	-0.129657	-122.621675	0.217117	-114.451962	-0.383505
13550.000012	-120.117509	0.264008	-79.133402	0.009140	-125.645443	-0.204738	-122.598824	0.465139
13600.000012	-111.140495	-0.293562	-72.388363	-0.153788	-118.611404	-0.212187	-122.010695	-0.352274
13650.000012	-116.849042	0.141987	-72.607905	0.446231	-126.975122	0.486884	-123.475946	-0.473044
13700.000012	-118.234708	0.022978	-83.253023	-0.302425	-123.074857	0.317045	-124.112281	-0.490370
13750.000012	-121.614958	0.115484	-70.325717	-0.215544	-124.976846	0.315590	-118.322709	0.107202
13800.000012	-131.217983	-0.216619	-71.566919	-0.193986	-121.809782	0.192466	-121.476155	-0.435530
13850.000012	-122.226802	0.481454	-75.238668	-0.073314	-126.462390	-0.162753	-130.757584	-0.371221
13900.000012	-129.188591	0.089520	-86.791122	0.188946	-115.655261	0.374714	-124.183773	0.142807
13950.000012	-125.230118	-0.440699	-77.532341	0.319366	-130.462963	0.023422	-120.454920	-0.461440
14000.000012	-127.184596	-0.067485	-77.145022	-0.400799	-119.841035	-0.364668	-121.662777	-0.291991
14050.000012	-128.809571	-0.084131	-76.713433	0.176767	-120.441668	-8.700187E-6	-119.709680	0.009045
14100.000012	-120.254449	0.232746	-93.557886	-0.323785	-121.537930	0.390858	-131.887081	0.450177
14150.000013	-118.186055	-0.183311	-77.665749	-0.053607	-125.254010	-0.329304	-124.353836	-0.055129
14200.000013	-124.437142	0.476762	-82.672378	0.469745	-118.619520	0.187360	-125.136559	-0.203009
14250.000013	-119.777246	-0.205826	-79.002837	0.145356	-122.882624	-0.405048	-131.084322	-0.234981
14300.000013	-126.815849	-0.390622	-71.389215	-0.449656	-126.122570	0.055786	-116.787220	0.019777
14350.000013	-122.252976	-0.194067	-78.507061	0.266271	-129.450343	-0.366285	-121.402264	0.241428
14400.000013	-118.262678	0.106807	-83.580273	-0.384134	-120.704498	0.136348	-123.188780	0.169907
14450.000013	-125.698800	0.144036	-76.918861	-0.070167	-120.434270	0.216709	-117.483729	0.270241
14500.000013	-119.337430	-0.216371	-76.176801	-0.051140	-117.351841	0.341021	-118.273278	0.476549
14550.000013	-123.557082	-0.138693	-72.880354	-0.416647	-121.899078	-0.182311	-131.921315	0.292992
14600.000013	-119.178842	0.322980	-74.684272	0.338072	-117.937928	-0.401104	-117.982215	-0.198618
14650.000013	-116.365615	-0.355851	-76.599474	0.310406	-122.457453	-0.291404	-125.525823	-0.049314
14700.000013	-111.488512	-0.088490	-86.156850	-0.009705	-134.913297	0.183444	-118.572758	-0.038983
14750.000013	-116.776384	-0.442644	-87.722319	0.194178	-128.147487	0.067069	-127.346082	-0.278129
14800.000013	-124.122566	0.171591	-81.880408	-0.381818	-118.553981	0.246997	-118.574830	-0.494886
14850.000013	-126.009856	0.226102	-68.854416	-0.487058	-119.847779	0.351989	-118.367454	0.347769
14900.000013	-117.523765	0.107939	-87.694541	0.114472	-126.867039	-0.158663	-118.429780	0.042570
14950.000013	-123.944739	0.196210	-83.702392	0.463190	-115.968852	0.040973	-121.348110	-0.235362
15000.000013	-120.434956	0.146781	-84.687082	0.331747	-118.965754	0.320742	-122.217764	0.432556
15050.000013	-122.397480	0.309900	-86.168622	-0.451672	-122.077431	0.269848	-119.303589	0.167628
15100.000013	-124.738877	0.309457	-86.795357	-0.461522	-120.371602	0.133614	-125.542502	0.166764
15150.000013	-127.439543	0.023499	-78.214477	0.321121	-122.314604	0.147682	-128.451863	0.334958
15200.000013	-121.072979	-0.181627	-75.227782	0.283711	-121.277458	-0.325871	-118.487788	-0.118517
15250.000014	-125.439109	-0.300023	-77.961550	-0.449663	-130.346264	-0.467258	-129.566037	0.293172
15300.000014	-132.312146	0.007322	-93.066813	-0.133567	-119.701237	-0.107530	-126.918758	0.109850
15350.000014	-123.016338	-0.319661	-78.053261	-0.489886	-122.510441	-0.317346	-114.652637	0.420277
15400.000014	-125.122574	0.357061	-78.501183	0.136146	-120.638711	-0.084307	-120.415094	0.432834
15450.000014	-125.084442	-0.470069	-86.191246	0.339594	-123.884537	-0.073800	-124.792834	0.443651
15500.000014	-119.387009	0.243338	-78.861076	-0.367346	-120.379387	0.134676	-129.764106	0.199733
15550.000014	-127.153493	-0.449063	-97.583364	-0.399363	-115.300427	-0.296470	-114.944384	-0.234819
15600.000014	-128.223144	-0.080119	-76.818884	-0.296625	-124.570680	-0.153213	-129.412566	0.457564
15650.000014	-118.672110	-0.004707	-76.277641	-0.341128	-116.598732	-0.227376	-125.294833	-0.134611
15700.000014	-123.622104	0.428427	-73.390114	-0.034293	-117.667514	0.461667	-126.842014	-0.413709
15750.000014	-107.381029	0.221658	-81.495365	0.468986	-118.281143	0.379106	-123.157647	-0.042613
15800.000014	-123.383888	-0.350487	-72.970671	0.296580	-122.636957	-0.138764	-128.169881	-0.311467
15850.000014	-120.997453	-0.377286	-74.514025	0.049733	-122.298513	-0.100598	-117.906306	-0.171856
15900.000014	-118.748632	-0.398631	-83.408864	0.391898	-121.738237	-0.346570	-129.540457	0.055538
15950.000014	-120.824402	-0.240980	-73.420789	0.408493	-124.393406	0.404113	-122.240905	0.432342
16000.000014	-116.150873	0.465268	-74.614475	-0.008877	-139.158708	0.063761	-131.554402	-0.303456
16050.000014	-121.217648	-0.056066	-73.952127	0.164316	-134.545021	0.468982	-123.417561	0.398095
16100.000014	-134.594794	-0.320675	-75.932230	-0.216195	-125.588205	0.449323	-121.768552	-0.031724
16150.000014	-125.428608	-0.104247	-80.776536	0.135069	-126.203530	-0.309227	-128.938104	0.368869
16200.000014	-119.510183	-0.002830	-84.587745	-0.454165	-122.941770	-0.096988	-114.756124	-0.420230
16250.000014	-126.422731	0.110928	-83.454026	0.087881	-138.927659	-0.244876	-123.858904	-0.186765
16300.000014	-119.267566	0.480860	-83.763102	-0.494073	-122.907261	0.297477	-132.874185	-0.121254
16350.000014	-132.119584	-0.114892	-82.079572	0.031895	-134.544405	-0.402134	-134.920072	-0.350553
16400.000015	-129.859807	-0.423037	-79.438165	-0.489338	-120.256432	-0.186607	-124.352148	0.313129
16450.000015	-115.296583	0.076286	-79.291570	0.410865	-116.459132	0.113028	-118.755951	-0.149747
16500.000015	-122.676183	-0.246346	-84.314834	-0.098714	-121.184089	-0.249361	-120.212862	0.306068
16550.000015	-116.153047	0.421035	-76.529321	-0.065083	-124.116542	0.151926	-124.257100	0.376540
16600.000015	-119.255379	-0.426784	-77.225874	-0.406575	-118.373061	0.122749	-130.998168	-0.469688
16650.000015	-123.833500	-0.461347	-80.868282	0.349871	-119.600375	-0.335553	-122.894256	-0.352240
16700.000015	-120.832789	0.294415	-84.172510	0.054687	-116.144652	0.328556	-118.017481	0.177725
16750.000015	-114.456956	0.000419	-76.205474	-0.227298	-114.502944	-0.055430	-124.761120	-0.454697
16800.000015	-120.558382	-0.052133	-77.051375	-0.221272	-128.110936	0.089045	-129.749087	0.061656
16850.000015	-122.060579	-0.034263	-76.832521	0.294055	-118.465192	-0.381693	-120.953394	-0.175181
16900.000015	-122.588207	0.484181	-80.946260	0.386302	-126.188628	-0.147521	-136.237009	-0.038608
16950.000015	-120.595801	-0.168893	-72.036977	0.455701	-127.755976	0.350757	-123.631320	0.364411
17000.000015	-129.969900	0.040886	-77.142660	0.217257	-113.552413	-0.469523	-120.759917	0.051541
17050.000015	-132.605546	0.209262	-91.724030	-0.487011	-121.013894	0.233568	-125.001476	0.242690
17100.000015	-125.883641	-0.341508	-80.408601	-0.333400	-129.095728	0.333007	-117.802126	-0.318767
17150.000015	-113.824723	-0.082908	-77.549393	-0.046468	-129.759026	0.032799	-121.825744	0.163305
17200.000015	-123.563765	0.455053	-80.936980	0.493731	-127.837559	0.152703	-124.065520	-0.497581
17250.000015	-121.167375	-0.094101	-86.940465	0.288500	-120.303335	-0.147715	-117.387932	-0.193650
17300.000015	-128.998892	0.012041	-77.769885	-0.032174	-118.522654	-0.264887	-133.331740	-0.362856
17350.000015	-121.048815	-0.465418	-79.143362	-0.377959	-124.479967	-0.278522	-118.910962	0.205224
17400.000015	-121.358936	-0.259509	-78.196211	0.212303	-119.909682	-0.418455	-119.087891	-0.232876
17450.000015	-120.157878	-0.177068	-79.226727	0.225982	-117.460703	-0.161266	-126.587817	0.388494
17500.000016	-127.766231	0.214159	-89.746402	0.040259	-127.208794	0.407274	-136.217542	-0.489845
17550.000016	-122.412976	-0.178518	-74.039808	-0.424832	-117.263775	0.027551	-120.458503	0.226997
17600.000016	-123.210820	-0.054845	-82.146924	0.411279	-126.255755	-0.094382	-130.369578	0.127400
17650.000016	-122.937408	-0.336329	-87.919382	-0.155049	-117.971632	0.177753	-121.184163	-0.131304
17700.000016	-118.914986	0.265378	-77.451802	-0.194470	-136.615592	-0.193650	-119.743710	0.250135
17750.000016	-120.451002	-0.204675	-88.284327	0.300837	-132.603818	-0.230467	-124.933997	-0.339743
17800.000016	-133.470763	0.423089	-80.534790	-0.073510	-129.436410	0.125377	-124.530354	0.267498
17850.000016	-117.973549	0.265114	-81.275190	-0.248689	-129.822265	0.258240	-118.421658	0.413969
17900.000016	-122.272236	0.353059	-82.972705	-0.263705	-135.899301	-0.274288	-119.861141	0.160745
17950.000016	-121.194284	0.434577	-84.372860	-0.217851	-122.206262	-0.468977	-122.274100	-0.015108
18000.000016	-135.651103	0.121708	-84.107973	-0.191052	-122.853411	0.096793	-127.509959	-0.346308
18050.000016	-122.646566	0.499217	-91.968480	0.408531	-120.970711	-0.337311	-124.599740	0.414706
18100.000016	-121.652088	0.425463	-81.355615	0.379166	-126.575944	-0.230077	-125.342393	0.317850
18150.000016	-119.767993	-0.281902	-75.606041	-0.130608	-123.599854	0.494408	-124.436270	0.184041
18200.000016	-119.946101	-0.070280	-82.906395	-0.246011	-123.794642	0.347997	-117.679040	-0.204721
18250.000016	-127.326708	-0.217010	-95.130203	-0.188544	-118.608578	-0.385827	-115.337614	-0.441007
18300.000016	-129.260284	0.475511	-81.475862	-0.309749	-123.602764	0.011170	-125.255016	0.478078
18350.000016	-121.214665	0.067616	-80.035867	0.082570	-133.258666	-0.393102	-121.806931	0.423447
18400.000016	-118.492659	-0.306237	-82.520864	-0.335935	-120.870237	-0.352697	-120.747012	-0.338553
18450.000016	-123.791476	0.072033	-79.187710	0.065842	-134.304273	0.309788	-128.811230	0.263474
18500.000016	-141.861455	0.211181	-88.173986	-0.205998	-126.153797	-0.201302	-116.518449	0.187278
18550.000016	-128.598127	-0.147177	-83.848479	-0.327771	-120.337788	0.107776	-119.185134	0.106466
18600.000016	-136.033911	-0.068100	-96.171540	0.071962	-138.051769	0.214240	-126.109776	-0.098359
18650.000017	-131.040322	-0.208050	-76.772403	-0.134214	-137.828927	-0.440092	-116.082580	-0.421433
18700.000017	-128.262820	-0.193894	-85.469709	-0.360900	-126.668014	0.215451	-121.569385	0.038835
18750.000017	-130.549738	-0.185830	-79.492728	-0.023162	-115.943433	-0.239479	-126.207533	0.011393
18800.000017	-121.596233	0.257489	-76.197912	0.047818	-120.148466	0.315482	-122.031003	0.452029
18850.000017	-122.106759	-0.339007	-74.814353	-0.432486	-132.250371	-0.388533	-121.022642	-0.357194
18900.000017	-113.773988	-0.399840	-84.730704	-0.284490	-124.888727	0.041274	-123.800298	-0.209628
18950.000017	-119.957895	-0.497394	-78.025693	0.263739	-130.918990	-0.453133	-120.413249	-0.153068
19000.000017	-121.496333	0.439551	-80.270109	-0.389869	-132.265408	-0.135587	-121.739145	-0.181108
19050.000017	-121.849029	-0.211587	-79.974887	-0.083293	-122.929328	0.243898	-122.740686	-0.391796
19100.000017	-125.773338	0.091980	-82.507197	-0.114554	-124.139780	-0.088936	-123.990276	-0.042162
19150.000017	-123.689196	0.327998	-77.705044	-0.075184	-119.516802	0.267074	-133.059169	-0.488268
19200.000017	-153.188820	-0.426772	-88.327619	-0.324748	-136.584331	-0.448778	-128.633696	0.054506
19250.000017	-121.983390	-0.462520	-82.353182	0.492943	-120.724182	0.177727	-118.767585	0.428210
19300.000017	-117.100554	-0.259211	-89.109201	-0.282055	-117.371732	-0.325070	-117.038542	-0.178840
19350.000017	-127.886380	-0.048012	-83.170840	0.216171	-122.698887	-0.289038	-124.763383	-0.432709
19400.000017	-117.635355	0.140138	-91.060372	0.178961	-116.388495	-0.086255	-123.615650	-0.085932
19450.000017	-120.285395	-0.010826	-81.742387	-0.006846	-118.678868	0.309078	-126.094662	-0.119017
19500.000017	-118.178160	0.318598	-90.936432	-0.152819	-121.752511	0.394322	-119.447167	0.296135
19550.000017	-123.597462	-0.166522	-82.058368	0.324742	-126.554931	-0.091683	-121.222942	0.096689
19600.000017	-118.968041	0.463016	-80.441948	-0.272127	-121.690137	-0.059235	-125.986367	0.067324
19650.000017	-121.982315	-0.031712	-78.835381	0.168989	-121.134838	-0.214112	-119.593578	-0.442883
19700.000017	-131.112945	0.418613	-79.757365	0.214255	-119.082618	-0.321694	-124.351637	-0.066830
19750.000017	-119.881216	-0.183148	-87.098014	-0.159704	-124.906361	-0.461335	-125.726130	-0.187353
19800.000018	-125.742438	-0.405346	-84.989220	-0.259561	-123.261403	-0.302928	-124.011347	0.109852
19850.000018	-134.234873	0.104704	-78.601690	0.314402	-123.779756	-0.352442	-121.877784	0.020376
19900.000018	-124.541690	0.060547	-84.253184	0.381826	-122.857084	-0.175357	-118.837295	0.162028
19950.000018	-130.445645	0.184692	-77.934357	-0.104784	-129.915962	-0.383786	-122.496508	0.019767
20000.000018	-133.864158	-0.084970	-81.282989	-0.443083	-120.015520	-0.115358	-122.458425	0.278403
