% f527.txt
% Date Thu, Jul 15, 2021 4:52 PM
% Sine seq
% Response spectrum
% Stim level (V pk) 0.100, 0 dB filter gain, 120.0 dB attenuation
% Stim RMS (V) 0.000
% Freq [Hz]	Ch0 Mag [dB]	Ch0 Phase [cyc]	Ch1 Mag [dB]	Ch1 Phase [cyc]	Ch2 Mag [dB]	Ch2 Phase [cyc]	Ch3 Mag [dB]	Ch3 Phase [cyc]
%%end
50.000000	-116.085143	-0.408440	-45.786535	-0.240156	-95.792706	-0.495904	-114.497792	-0.262392
100.000000	-119.896441	-0.122498	-66.802674	-0.493876	-92.560954	0.205766	-116.129771	0.165417
150.000000	-123.698736	0.108116	-51.909281	0.420647	-106.704236	0.063754	-133.709950	-0.245065
200.000000	-118.861265	-0.015108	-52.367344	0.319727	-106.241913	0.489006	-127.499287	-0.317840
250.000000	-123.932169	0.149242	-61.930104	0.299731	-103.142223	0.142505	-136.131502	0.492563
300.000000	-96.383451	-0.350569	-50.623191	0.434380	-102.496143	0.456920	-108.816711	-0.071413
350.000000	-119.338090	-0.484481	-64.607906	0.018950	-116.079408	-0.211520	-121.371688	-0.219436
400.000000	-125.234728	0.005097	-49.767617	0.263338	-108.560859	0.219764	-118.556615	-0.137457
450.000000	-122.780671	-0.178489	-60.209524	-0.417212	-132.183110	-0.334520	-127.112516	-0.359307
500.000000	-128.711674	0.152534	-51.411635	-0.230413	-113.892927	-0.406801	-118.514976	-0.147845
550.000000	-114.866799	-0.091868	-60.600233	0.286887	-108.971398	0.233409	-122.084763	-0.302434
600.000001	-39.104298	-0.229283	-26.464688	-0.499817	-115.160612	0.317710	-117.695907	0.462616
650.000001	-128.782844	-0.005070	-59.730220	-0.456143	-107.619962	-0.275255	-126.880641	-0.349769
700.000001	-115.339438	-0.015375	-53.597059	0.062152	-105.986895	0.142706	-120.031665	0.231873
750.000001	-127.331834	0.024303	-67.231961	0.136910	-111.107072	0.273987	-123.463666	0.014993
800.000001	-124.280272	0.132492	-81.894177	0.130655	-113.361706	-0.282786	-122.244514	0.488714
850.000001	-118.442109	0.259817	-55.882678	-0.062307	-114.378487	0.009403	-120.694025	0.072076
900.000001	-108.319328	-0.320027	-56.960324	0.072517	-123.658252	-0.033167	-126.760638	-0.034659
950.000001	-131.085204	0.330994	-61.169206	-0.320060	-123.856692	-0.283419	-120.332666	-0.491060
1000.000001	-124.161213	-0.270240	-65.455326	0.257789	-115.793040	-0.061108	-126.283062	-0.400853
1050.000001	-125.725458	-0.419232	-65.644616	-0.008908	-110.929628	0.175850	-116.740463	0.191780
1100.000001	-115.135294	0.053352	-57.372079	0.118588	-123.244173	0.044982	-124.541083	-0.277235
1150.000001	-121.182255	-0.317917	-59.114197	-0.327582	-114.038391	-0.174732	-120.476142	0.134681
1200.000001	-101.646511	-0.459403	-65.080303	-0.476057	-113.228207	0.033226	-120.945632	-0.292909
1250.000001	-146.493963	-0.179641	-62.141287	0.281406	-118.057766	-0.362747	-122.145898	0.457317
1300.000001	-128.622020	-0.049712	-66.098311	-0.146759	-117.405924	-0.369254	-119.831401	0.071900
1350.000001	-121.802144	-0.345058	-58.618303	-0.432046	-129.532897	0.402353	-134.310836	0.074465
1400.000001	-119.461697	0.210393	-65.698827	-0.418198	-111.173600	0.379720	-133.222408	-0.154837
1450.000001	-118.899691	0.332406	-62.722337	0.463910	-118.422175	-0.017844	-120.616553	0.127361
1500.000001	-120.591749	-0.414699	-64.065755	0.418486	-116.038386	0.325841	-119.762454	-0.303958
1550.000001	-121.142015	0.355170	-65.818036	-0.451648	-117.638636	0.117870	-124.065518	-0.260308
1600.000001	-117.701439	-0.187456	-67.713196	0.106132	-116.429256	0.195702	-136.784198	-0.095656
1650.000001	-121.313101	-0.166562	-56.856906	0.225100	-117.319502	-0.398897	-127.633310	0.215845
1700.000002	-118.755648	0.250713	-63.166943	-0.332224	-119.083733	0.133969	-120.360348	0.256156
1750.000002	-143.860069	-0.399924	-74.554086	-0.120706	-118.844352	0.281497	-121.711082	0.192366
1800.000002	-101.290964	0.310537	-63.977027	-0.397191	-117.633685	-0.074883	-118.113912	0.347223
1850.000002	-123.567534	-0.423821	-59.549238	-0.315195	-119.285689	-0.264666	-116.916576	0.294144
1900.000002	-129.744328	-0.318166	-77.453647	-0.463085	-109.915424	-0.140097	-127.026528	0.108536
1950.000002	-116.129582	0.029558	-65.278117	0.460272	-115.932723	-0.235697	-125.421788	0.054897
2000.000002	-128.225242	0.042786	-66.021868	-0.492648	-118.601166	-0.095711	-135.395267	-0.141332
2050.000002	-117.790551	-0.135071	-68.646977	-0.101189	-122.717336	-0.117473	-124.149876	-0.133387
2100.000002	-119.436107	0.434673	-61.723231	-0.151456	-118.285371	0.440108	-127.008386	-0.125304
2150.000002	-115.867704	0.293893	-67.265761	-0.476710	-115.722726	0.378467	-121.117711	0.210208
2200.000002	-120.413749	0.050727	-63.628427	-0.440487	-123.296329	-0.167851	-126.262069	0.076219
2250.000002	-119.913628	-0.185394	-65.158675	0.061956	-119.123776	-0.124031	-120.009171	-0.087137
2300.000002	-116.694916	-0.202225	-63.021510	-0.051528	-117.836978	-0.230154	-116.506205	-0.198713
2350.000002	-124.796685	-0.448552	-65.876774	-0.454635	-120.526522	-0.401099	-128.249797	-0.076824
2400.000002	-100.990696	-0.425674	-69.845530	0.115715	-123.541906	0.483934	-118.103063	-0.235234
2450.000002	-121.743824	0.206477	-65.123384	0.018934	-127.153855	-0.197951	-124.041232	-0.014333
2500.000002	-128.485840	0.200333	-69.594825	-0.038776	-126.214529	-0.154678	-148.876861	0.498705
2550.000002	-124.506720	-0.134021	-72.336875	0.418759	-128.185830	-0.199475	-121.393059	0.364423
2600.000002	-115.798907	-0.404480	-70.353566	-0.036330	-115.557332	0.186396	-125.549215	-0.245922
2650.000002	-129.477565	0.311830	-60.922591	-0.346252	-118.301168	-0.260807	-124.578334	0.375664
2700.000002	-113.108935	0.397172	-73.951942	-0.248668	-114.540353	-0.068368	-130.264386	0.261412
2750.000002	-122.044251	0.409575	-64.836545	-0.041390	-131.510431	0.015336	-133.701918	0.120498
2800.000002	-119.299674	-0.181837	-61.838051	0.376316	-127.611731	0.348091	-123.468905	0.080428
2850.000003	-118.528814	-0.034541	-66.461773	0.285235	-113.137981	0.376465	-121.593714	0.400649
2900.000003	-124.574735	0.125687	-73.750735	-0.363213	-132.751775	0.258489	-121.161489	0.425815
2950.000003	-121.386800	-0.105318	-63.454325	0.459078	-119.863453	0.225139	-126.076740	-0.217905
3000.000003	-104.786966	0.340726	-72.040766	-0.059043	-121.247647	0.277840	-121.370524	-0.365740
3050.000003	-116.575400	0.449690	-74.515159	-0.249092	-130.534951	0.048155	-127.193303	-0.143762
3100.000003	-130.738978	-0.129933	-75.801443	-0.162925	-120.780362	-0.087813	-120.272332	0.054489
3150.000003	-126.218150	-0.141359	-66.854234	0.441649	-115.681355	0.489309	-127.714173	0.323623
3200.000003	-127.292334	0.188515	-63.891050	0.034571	-126.986986	0.410795	-122.906102	0.074598
3250.000003	-137.431430	0.114169	-70.397281	0.004331	-117.882692	-0.175570	-125.359321	-0.317956
3300.000003	-128.947880	-0.400956	-82.875460	0.452457	-120.159247	-0.390340	-126.402725	0.420321
3350.000003	-117.175119	0.141570	-66.686979	0.129196	-126.618955	-0.097399	-123.152171	0.387683
3400.000003	-126.754154	0.028093	-71.816855	0.318689	-119.009255	0.418772	-129.133905	-0.314015
3450.000003	-126.816463	-0.338098	-69.373012	-0.166568	-143.275655	-0.363461	-127.350339	0.086213
3500.000003	-129.742035	0.318350	-64.177515	0.154747	-119.829897	-0.067626	-124.764511	-0.403341
3550.000003	-127.579405	-0.178668	-74.139933	-0.444630	-124.549362	-0.015703	-123.195544	0.147224
3600.000003	-103.354738	-0.403416	-65.428081	0.103317	-123.620484	0.055626	-126.096598	0.003525
3650.000003	-125.814442	-0.121541	-70.123263	-0.053501	-131.077197	0.310314	-152.913121	-0.021171
3700.000003	-135.422766	-0.344489	-77.729599	-0.498507	-125.045622	-0.151194	-121.890530	0.066910
3750.000003	-117.589008	0.180175	-67.711750	-0.117395	-120.260825	-0.494896	-118.098185	0.173139
3800.000003	-122.013984	-0.196243	-69.635588	-0.331045	-119.602627	-0.204409	-120.883822	-0.363207
3850.000003	-118.422251	0.025859	-66.487942	-0.124069	-120.261612	-0.308093	-125.786660	-0.301675
3900.000003	-118.287350	0.100050	-70.624463	0.407134	-125.422093	0.187368	-117.391348	-0.006982
3950.000003	-117.620974	-0.382897	-67.906895	0.177759	-118.733604	-0.389740	-132.920933	0.048736
4000.000004	-116.891744	-0.435050	-70.162918	0.058063	-122.970030	-0.113150	-122.036415	-0.230097
4050.000004	-124.363860	-0.369104	-70.839594	0.035232	-120.088560	0.304213	-122.619579	0.139001
4100.000004	-121.130654	-0.006070	-74.310460	-0.102897	-115.113678	-0.016981	-127.565669	0.244621
4150.000004	-123.192856	-0.408491	-71.617886	-0.161042	-122.620268	0.336303	-122.867044	0.496894
4200.000004	-128.249566	-0.231235	-72.799407	0.345089	-114.605910	-0.325010	-130.763404	0.324108
4250.000004	-118.276677	-0.405289	-77.617639	-0.026071	-119.836985	-0.449338	-123.349066	-0.269371
4300.000004	-115.129686	0.114775	-72.623382	0.310879	-118.945329	0.068179	-125.960111	0.197487
4350.000004	-122.155892	-0.072131	-68.893590	0.441577	-122.473562	-0.384416	-127.689633	-0.108965
4400.000004	-119.282850	-0.405333	-66.916303	-0.254166	-118.642855	0.448451	-118.670319	0.348354
4450.000004	-125.677218	-0.216049	-68.977862	-0.327042	-120.559472	-0.322338	-135.096702	-0.109383
4500.000004	-119.647659	0.201701	-70.453788	-0.320150	-118.122431	-0.487916	-123.733657	0.241660
4550.000004	-129.782132	-0.064753	-66.051129	0.209617	-125.444703	0.317937	-121.526439	-0.265326
4600.000004	-120.410848	0.469084	-65.206350	-0.321099	-115.893817	-0.383228	-130.181406	0.426955
4650.000004	-122.996953	-0.214674	-80.550501	-0.113277	-118.740674	0.417822	-119.023433	0.093447
4700.000004	-132.810287	-0.495503	-75.497744	-0.000177	-126.476615	-0.065328	-131.471711	0.014861
4750.000004	-125.736000	-0.121406	-70.154259	0.491330	-124.775466	-0.224138	-114.460453	-0.446506
4800.000004	-104.785222	-0.314739	-72.401612	0.284044	-116.473759	0.150297	-121.576236	0.349337
4850.000004	-120.630825	-0.001448	-72.089290	-0.427338	-126.679225	-0.189777	-130.820936	0.470049
4900.000004	-121.712119	0.151996	-68.900523	-0.188125	-122.188544	0.276991	-118.124518	0.362211
4950.000004	-119.700608	-0.117389	-75.143038	0.381971	-125.419669	-0.073991	-132.670552	-0.366716
5000.000004	-121.665510	0.391186	-81.612667	-0.244024	-115.887603	0.221221	-115.923636	0.457051
5050.000004	-122.926591	-0.139869	-66.971572	-0.435199	-123.650496	-0.099296	-118.396531	0.294637
5100.000005	-128.828132	-0.361267	-66.596755	-0.052211	-153.853556	-0.372640	-120.591826	-0.362303
5150.000005	-115.306821	-0.452015	-73.273849	-0.312885	-125.194941	0.287105	-127.600965	-0.361414
5200.000005	-122.114483	0.003667	-72.270116	-0.063598	-120.948079	-0.410519	-122.352851	0.089188
5250.000005	-126.892289	0.280445	-68.968513	-0.056202	-116.051553	0.194316	-122.263929	0.323059
5300.000005	-117.157917	-0.169489	-69.802645	-0.299489	-122.789653	-0.086291	-120.275627	-0.195916
5350.000005	-131.134530	-0.388586	-72.618702	-0.120276	-120.415066	-0.400618	-119.140276	-0.045623
5400.000005	-121.341968	0.365352	-68.546035	0.451426	-119.357004	0.307576	-120.223191	-0.369089
5450.000005	-135.866893	-0.219924	-72.337101	0.408174	-128.024748	0.477256	-126.800764	0.255442
5500.000005	-124.411312	-0.153548	-73.030345	-0.165701	-124.534702	0.486787	-131.229114	0.020256
5550.000005	-132.815665	-0.403656	-93.024137	0.024724	-113.419478	-0.443200	-120.799540	0.460512
5600.000005	-131.790845	0.197355	-73.103091	0.385169	-116.342319	0.146527	-121.489543	-0.182658
5650.000005	-124.257735	0.465903	-76.933402	-0.121409	-129.445372	-0.478313	-125.967845	0.358604
5700.000005	-122.369376	0.350875	-69.141520	0.447709	-136.869192	0.003402	-119.102996	0.401742
5750.000005	-119.757298	0.281951	-68.357147	0.373091	-121.270370	0.368238	-117.995843	-0.476990
5800.000005	-134.496045	0.367611	-72.969310	-0.145166	-116.259956	-0.429091	-126.388948	-0.307617
5850.000005	-116.846819	0.357268	-75.590298	-0.273342	-119.156758	-0.480565	-125.466435	0.348331
5900.000005	-133.370041	-0.129485	-78.239932	0.127451	-126.394827	0.108350	-127.020651	0.403756
5950.000005	-119.290906	0.392823	-91.694350	0.219586	-112.811341	0.015946	-120.852504	0.017129
6000.000005	-109.021956	-0.340500	-72.134661	-0.180750	-119.684861	-0.194646	-125.208513	-0.281065
6050.000005	-118.250673	0.064344	-70.110143	-0.096305	-119.137887	-0.197956	-120.925242	0.306927
6100.000005	-126.932699	0.126310	-78.398968	-0.027081	-122.586667	0.295274	-127.617730	0.400819
6150.000005	-112.953905	-0.425990	-78.800017	0.281855	-124.589519	-0.321619	-130.730254	0.424996
6200.000005	-127.069504	-0.013271	-72.275799	-0.349572	-119.278994	0.146923	-126.523856	-0.315747
6250.000006	-124.719478	-0.338506	-83.735037	-0.231515	-119.238917	-0.352706	-118.490173	0.376739
6300.000006	-123.062209	-0.484996	-80.238505	-0.056206	-130.613826	-0.464931	-134.940683	0.456538
6350.000006	-119.728750	0.227475	-71.414669	-0.237194	-117.068443	0.071348	-120.339026	-0.179284
6400.000006	-138.078966	-0.261498	-73.942313	-0.049795	-132.060282	-0.382904	-121.644089	0.338155
6450.000006	-121.850897	-0.306457	-69.350554	0.359555	-117.094655	-0.141896	-131.161124	-0.267522
6500.000006	-119.315596	-0.262028	-84.736466	-0.252050	-125.090506	-0.400881	-115.484495	0.470561
6550.000006	-118.969902	-0.199134	-73.873579	0.284567	-123.624124	-0.057889	-127.030030	-0.360761
6600.000006	-118.198250	0.113341	-75.161959	-0.180418	-120.635069	0.212122	-112.497524	0.090014
6650.000006	-119.420440	-0.124482	-75.507838	-0.139188	-121.410485	-0.099859	-135.093432	-0.152774
6700.000006	-124.025641	0.285024	-72.043312	0.339224	-129.393804	-0.115398	-119.189390	-0.287241
6750.000006	-119.495199	-0.441832	-70.183093	0.059849	-117.061608	-0.481412	-132.652084	0.191612
6800.000006	-120.853366	0.234874	-73.777568	0.168508	-124.287502	0.291739	-124.032921	0.450328
6850.000006	-130.419490	0.281812	-82.676537	0.163874	-122.714317	0.110523	-119.950770	0.064463
6900.000006	-123.099910	-0.170037	-73.034502	-0.152320	-121.279532	0.091134	-124.545335	-0.486122
6950.000006	-118.080780	0.223154	-71.356782	0.488110	-125.243948	0.135231	-130.624560	0.390054
7000.000006	-117.680301	0.218055	-67.887325	0.467654	-115.418560	0.029502	-121.100106	-0.041954
7050.000006	-118.447434	-0.226141	-67.357528	-0.263468	-116.658461	-0.238253	-128.605660	-0.207336
7100.000006	-125.354926	0.270589	-79.459327	0.098558	-116.030195	-0.203412	-119.519765	-0.228909
7150.000006	-130.033282	0.008914	-72.920980	-0.061360	-125.856889	-0.223992	-123.676099	0.107238
7200.000006	-109.952781	-0.278365	-77.664965	-0.215692	-125.138556	-0.087198	-128.051588	0.468224
7250.000006	-118.433697	-0.171008	-78.343226	-0.204147	-118.036533	-0.102573	-122.183045	-0.285558
7300.000006	-128.096659	0.390221	-76.551816	0.123797	-152.424265	-0.121300	-120.010242	0.304962
7350.000007	-122.106821	0.124286	-71.071308	-0.163121	-125.028085	-0.053586	-123.229927	-0.405923
7400.000007	-120.555540	0.059594	-70.637637	-0.435452	-122.510950	0.480611	-121.398287	-0.034693
7450.000007	-124.557808	0.465768	-72.402305	0.437163	-124.958146	-0.465777	-117.827483	0.356789
7500.000007	-145.295575	0.429796	-76.207238	-0.264208	-121.036830	0.477210	-119.079706	0.476239
7550.000007	-119.198634	0.134460	-72.344471	-0.025557	-122.784120	-0.255258	-130.008258	0.298260
7600.000007	-121.550081	-0.374072	-81.120180	0.457943	-118.863420	-0.404838	-121.612993	0.082465
7650.000007	-130.989877	-0.212243	-71.275176	0.144618	-126.451428	-0.389335	-120.362492	-0.126561
7700.000007	-118.414301	-0.478358	-75.395000	-0.093714	-129.211714	0.292107	-128.254658	-0.447980
7750.000007	-125.001895	-0.039789	-72.773547	-0.273966	-133.289300	0.153285	-118.730261	-0.235648
7800.000007	-106.763885	0.015216	-74.174823	-0.470060	-114.401561	-0.480916	-119.458330	0.471811
7850.000007	-117.806549	0.275333	-70.319324	0.381543	-120.584426	-0.258696	-121.825885	-0.068801
7900.000007	-124.199366	-0.433322	-69.611721	-0.053900	-129.066442	0.175270	-125.116214	0.292494
7950.000007	-120.674057	0.499575	-75.785287	0.072265	-140.514561	0.220221	-125.814480	-0.171405
8000.000007	-116.419770	-0.434946	-72.348527	-0.226310	-115.268121	0.412115	-113.698326	0.477769
8050.000007	-130.955634	-0.450997	-79.234837	0.438804	-131.471707	-0.191464	-126.117207	0.193793
8100.000007	-123.486154	-0.479100	-78.825491	-0.328817	-120.974579	-0.283963	-118.658445	-0.438172
8150.000007	-124.702431	-0.150994	-74.975318	-0.120898	-121.922306	-0.377857	-121.307007	-0.236809
8200.000007	-126.508495	0.439747	-74.700061	-0.283045	-126.727123	-0.464220	-125.273130	0.085355
8250.000007	-123.668114	-0.193916	-82.202727	0.418367	-122.819228	-0.425865	-128.810851	0.322345
8300.000007	-117.529309	0.177561	-81.892814	0.492781	-122.572388	-0.052490	-128.248822	0.167783
8350.000007	-127.556640	0.067587	-67.812346	-0.200632	-129.573450	0.420378	-118.063070	0.098880
8400.000007	-121.545286	-0.262651	-81.786327	0.245840	-117.544489	-0.412546	-124.576205	-0.003021
8450.000007	-122.990728	-0.133945	-71.231153	-0.225743	-134.804882	-0.321282	-122.032708	-0.116024
8500.000008	-121.020451	0.497269	-78.588140	0.101083	-122.935402	0.336576	-146.168971	0.216544
8550.000008	-118.134750	0.333454	-83.672478	0.280323	-122.279166	0.143885	-118.253667	0.069196
8600.000008	-128.609744	0.174778	-74.871774	0.271284	-118.837597	-0.125067	-119.139153	-0.474405
8650.000008	-122.742009	-0.258625	-81.285783	-0.489752	-127.736886	-0.112050	-147.782231	0.145347
8700.000008	-129.059569	0.496162	-79.159800	-0.188966	-123.868405	-0.342921	-122.045947	0.005348
8750.000008	-115.421993	-0.237453	-83.288874	0.122524	-121.304322	0.054963	-131.868281	-0.432524
8800.000008	-119.620421	-0.398002	-73.163553	-0.119700	-120.364435	-0.123398	-122.547570	-0.241502
8850.000008	-120.716632	-0.154774	-75.040535	-0.347553	-120.109077	-0.239615	-126.985921	0.209050
8900.000008	-125.181908	0.013425	-94.005182	0.268104	-122.167864	0.025939	-131.042598	0.389970
8950.000008	-115.537456	0.274674	-74.687184	0.485759	-120.827454	-0.447003	-123.912944	0.019053
9000.000008	-110.706131	0.125978	-77.821857	0.033351	-114.182336	0.173095	-122.132764	0.112751
9050.000008	-119.701528	0.466754	-75.520877	-0.077484	-116.055285	-0.488099	-122.202333	0.348416
9100.000008	-120.570749	-0.069883	-78.214681	-0.373555	-126.503754	0.120443	-131.549538	0.046254
9150.000008	-124.477681	0.389904	-76.593318	0.000347	-123.939235	0.046694	-122.842123	-0.403970
9200.000008	-121.131431	-0.127976	-75.030389	0.186904	-123.592090	-0.427194	-135.962716	0.107791
9250.000008	-127.406065	0.062873	-77.145676	0.116987	-119.277745	0.179686	-120.050786	0.132791
9300.000008	-129.226088	-0.100850	-76.737592	-0.147809	-133.084504	0.300724	-125.511317	-0.437565
9350.000008	-122.378025	-0.499851	-73.896935	0.461836	-121.904818	-0.006224	-121.267452	-0.278177
9400.000008	-130.981792	0.499955	-73.701603	0.308273	-123.719991	-0.264559	-118.203732	-0.350613
9450.000008	-124.645808	-0.289703	-76.728175	0.271234	-125.196769	-0.413116	-122.113336	0.440898
9500.000008	-120.231711	-0.303250	-75.958423	0.437586	-113.564947	-0.111977	-129.182899	-0.449315
9550.000008	-122.599719	0.201061	-79.625090	-0.419181	-119.446438	0.106564	-127.673894	-0.415170
9600.000009	-130.163194	0.154460	-71.117707	0.450492	-123.262746	-0.228986	-126.044261	0.478330
9650.000009	-121.531379	0.208136	-75.096130	-0.355494	-131.533835	-0.070708	-125.434801	0.418885
9700.000009	-127.025524	-0.487572	-74.418450	-0.319999	-122.692794	-0.305290	-126.303586	0.472940
9750.000009	-115.054835	0.068219	-71.948063	0.202879	-117.277964	0.027971	-122.818359	-0.189290
9800.000009	-121.052304	0.440072	-92.885129	0.379745	-129.782614	-0.362641	-122.890788	0.179056
9850.000009	-143.010739	-0.331078	-76.748368	0.021570	-122.601636	0.383097	-135.274249	-0.269859
9900.000009	-127.364167	-0.479929	-73.906460	0.405210	-121.564310	-0.323929	-119.054606	0.141353
9950.000009	-120.630684	0.419808	-74.326182	-0.464163	-118.144846	0.488744	-124.017255	0.485637
10000.000009	-116.583179	-0.497748	-73.727675	-0.061839	-130.424698	-0.316667	-116.094885	-0.354049
10050.000009	-120.825457	-0.201576	-90.520768	0.187131	-119.256067	-0.153600	-116.906103	-0.432340
10100.000009	-120.511001	-0.015734	-64.965607	-0.228609	-122.584780	-0.076240	-121.660391	-0.154545
10150.000009	-124.192192	0.257596	-73.896869	-0.226011	-124.524210	0.273293	-125.817649	-0.489080
10200.000009	-115.093087	0.053090	-87.325398	-0.310218	-127.724912	-0.131893	-121.483455	0.371886
10250.000009	-123.421506	-0.304505	-83.855208	0.389852	-122.597732	-0.422611	-121.886106	-0.004692
10300.000009	-123.185400	-0.439132	-76.491351	-0.361171	-127.573239	0.206449	-118.863496	-0.415310
10350.000009	-121.509513	0.295504	-76.705796	-0.463288	-118.915455	0.383434	-143.980606	-0.057945
10400.000009	-130.992003	-0.057300	-82.565874	-0.173873	-123.241254	-0.038431	-119.858371	0.194059
10450.000009	-120.866913	-0.308625	-75.481661	-0.213999	-121.229838	-0.429053	-117.185899	-0.275869
10500.000009	-125.333222	-0.117390	-76.084424	-0.325292	-119.793068	-0.023855	-127.189482	-0.065528
10550.000009	-120.481380	-0.423853	-89.349853	0.228216	-124.020049	-0.072177	-122.804734	-0.366318
10600.000009	-120.607726	0.105844	-82.877665	-0.441470	-121.031407	0.165225	-123.422188	-0.117394
10650.000009	-120.621375	-0.380592	-75.929181	0.266859	-125.973065	-0.404519	-124.450784	-0.269390
10700.000009	-120.191511	0.286192	-77.533165	0.078071	-121.412022	0.107588	-126.062114	0.200175
10750.000010	-128.716459	-0.204084	-90.990352	-0.150331	-129.181977	0.479017	-124.929217	0.038659
10800.000010	-113.780586	0.424388	-77.511119	-0.015704	-132.479886	-0.181209	-119.175017	0.076199
10850.000010	-128.226624	0.207172	-73.285759	-0.114573	-130.533740	0.143171	-132.208232	0.469326
10900.000010	-132.895721	-0.101369	-72.540158	-0.084216	-120.907494	0.343347	-123.279934	-0.315389
10950.000010	-121.357448	-0.474203	-76.471825	-0.102754	-117.062214	0.295610	-125.244294	-0.329352
11000.000010	-132.017792	-0.270928	-81.343692	-0.172028	-145.292631	-0.256852	-125.138218	-0.199247
11050.000010	-123.353996	0.385249	-73.084384	-0.498174	-125.529699	-0.361483	-122.173936	0.098110
11100.000010	-132.896559	-0.114537	-74.706626	0.204969	-118.103169	-0.380920	-119.466554	0.024877
11150.000010	-126.444115	-0.179786	-73.127992	-0.469731	-117.042046	-0.094028	-128.050125	-0.127760
11200.000010	-122.267865	-0.452403	-80.345430	0.440699	-121.903164	-0.165394	-127.674389	-0.210128
11250.000010	-123.042157	-0.358406	-78.498596	-0.134543	-120.878736	0.457465	-119.497652	0.343414
11300.000010	-119.629792	-0.255286	-73.130340	-0.178885	-126.184468	-0.325945	-129.399123	0.276047
11350.000010	-120.932413	-0.416827	-77.123509	-0.050635	-119.898701	-0.113621	-129.178537	0.093365
11400.000010	-122.076600	-0.332441	-81.731197	-0.161671	-124.259758	-0.100346	-143.807258	0.026597
11450.000010	-124.731192	0.164589	-75.159292	-0.000815	-119.577472	-0.179442	-118.642359	-0.325124
11500.000010	-121.669746	0.088882	-73.249721	-0.287090	-126.591202	-0.134919	-116.781399	0.107715
11550.000010	-131.318601	0.418427	-75.601462	-0.127394	-121.781345	-0.252789	-121.471282	0.373980
11600.000010	-116.747576	0.185669	-73.044047	0.026562	-120.843299	0.025798	-128.103572	-0.422336
11650.000010	-122.602042	-0.438609	-73.108362	0.367457	-134.153144	0.459936	-123.789977	-0.488648
11700.000010	-120.301419	-0.437952	-74.454090	0.074189	-118.419576	0.344988	-114.118704	0.280238
11750.000010	-130.557679	-0.371354	-81.853618	-0.349181	-121.186662	0.139424	-124.265163	0.388467
11800.000010	-116.037242	0.086153	-82.418541	-0.377076	-118.170656	-0.090432	-121.623312	-0.054036
11850.000010	-127.200072	0.257973	-76.721607	-0.398843	-118.257194	-0.177619	-124.285057	0.057528
11900.000011	-127.706247	0.289137	-93.448348	-0.489230	-118.196615	0.097193	-122.458517	-0.040776
11950.000011	-132.401373	0.035858	-72.882830	0.443612	-122.042391	0.146177	-121.525360	0.093772
12000.000011	-112.912207	0.371232	-86.551532	0.184348	-130.393603	0.475610	-128.195812	0.402597
12050.000011	-120.146706	0.121384	-77.596059	-0.290916	-137.513971	-0.492261	-116.863097	0.338614
12100.000011	-124.216346	0.023896	-72.144157	0.208873	-130.858540	-0.446875	-117.801975	-0.464844
12150.000011	-124.518440	-0.000340	-79.228928	-0.321805	-126.550154	0.467216	-120.881629	-0.189089
12200.000011	-117.461048	-0.385954	-84.291517	0.144430	-119.403908	-0.151211	-121.478934	-0.042098
12250.000011	-117.426608	0.387612	-75.474370	0.227210	-120.749072	0.282290	-120.454465	0.222204
12300.000011	-119.742602	0.258523	-79.175328	-0.048818	-118.349855	0.146283	-118.267717	-0.192910
12350.000011	-121.312348	-0.431242	-75.858347	0.301992	-123.248282	-0.375218	-118.988970	0.029731
12400.000011	-124.588905	0.033144	-73.273985	0.265595	-121.891260	0.290132	-119.004130	-0.008283
12450.000011	-121.621547	-0.164469	-87.862306	0.152418	-119.067314	0.025781	-129.210406	0.370761
12500.000011	-119.923145	-0.213747	-87.051164	-0.236815	-136.117811	-0.381386	-133.089004	0.007738
12550.000011	-121.144536	0.356210	-70.902477	-0.005144	-123.009541	0.240139	-125.018238	0.428729
12600.000011	-119.374500	-0.134905	-75.968853	0.421604	-118.371111	0.178362	-124.723624	0.026766
12650.000011	-121.240272	0.161505	-80.294194	0.006681	-131.929194	0.463332	-132.950735	-0.196043
12700.000011	-147.459204	-0.047675	-74.490933	-0.257910	-137.747583	0.317498	-123.540013	0.283740
12750.000011	-125.128730	-0.103609	-80.539339	0.490308	-124.776089	0.199744	-129.763609	0.214209
12800.000011	-121.926701	0.427389	-78.845362	0.348346	-149.724977	0.082616	-123.358727	-0.100305
12850.000011	-122.556651	0.451709	-75.812265	-0.246880	-128.833322	0.461175	-118.944455	0.268544
12900.000011	-120.820408	0.062278	-77.734758	-0.242255	-124.290691	0.101511	-127.271503	0.406796
12950.000011	-135.222874	-0.221501	-80.358902	0.122013	-119.067381	0.287721	-121.006048	0.431718
13000.000012	-120.020903	-0.321740	-75.489457	0.404903	-115.223256	-0.376615	-125.415723	-0.264176
13050.000012	-134.507889	0.215963	-85.977651	0.042253	-118.403267	0.233534	-118.873463	-0.025798
13100.000012	-119.876252	-0.129219	-72.959556	-0.208189	-119.495656	-0.276623	-120.866997	-0.290081
13150.000012	-120.989087	-0.190634	-87.371475	0.260310	-127.580230	-0.334899	-120.179986	0.004744
13200.000012	-112.359218	-0.462360	-82.557493	-0.113319	-122.045624	0.092366	-126.341532	0.161508
13250.000012	-121.722285	-0.074257	-80.711811	-0.023312	-118.779092	-0.266390	-122.502089	-0.205348
13300.000012	-131.372513	-0.010427	-80.866517	-0.318821	-125.360980	0.090097	-117.795866	0.025631
13350.000012	-116.603732	-0.030657	-75.892986	0.295422	-119.632807	-0.010395	-122.028851	-0.132385
13400.000012	-124.924638	-0.427502	-81.924902	0.119964	-120.069641	-0.371874	-124.687430	0.149269
13450.000012	-122.627989	-0.024262	-72.824604	-0.233737	-118.396312	0.178897	-124.932047	0.210959
13500.000012	-124.877361	0.189047	-77.012555	0.023698	-117.555903	-0.279374	-123.408225	-0.409856
13550.000012	-141.578425	0.046557	-75.247469	-0.447262	-122.369442	-0.029909	-125.120818	0.098845
13600.000012	-125.845282	0.130680	-81.464839	0.199948	-114.149010	0.110494	-120.662113	0.189489
13650.000012	-119.560461	-0.087683	-75.056219	-0.394618	-121.854563	-0.043149	-120.927909	0.421609
13700.000012	-119.569288	0.311787	-78.927515	0.115183	-127.398405	-0.432832	-128.976408	0.482971
13750.000012	-124.560015	-0.480610	-73.795526	-0.421952	-123.028319	-0.122351	-126.742470	-0.264183
13800.000012	-114.912864	0.257491	-92.894250	0.149703	-116.331851	0.311403	-117.639869	0.315002
13850.000012	-130.256966	-0.383087	-82.281511	-0.009643	-126.856028	0.311182	-126.074398	0.375524
13900.000012	-133.517938	-0.384266	-78.242763	-0.294247	-119.398721	-0.057592	-130.504636	0.377371
13950.000012	-120.773466	-0.027159	-78.917467	0.194260	-118.084600	-0.307449	-122.979910	-0.410078
14000.000012	-122.161655	-0.083000	-72.292868	-0.497542	-131.624443	-0.422234	-121.182914	0.355780
14050.000012	-116.378594	-0.488157	-74.429301	-0.419079	-121.784554	0.459584	-117.809591	-0.274941
14100.000012	-117.554791	-0.182672	-78.163722	0.207691	-118.219347	-0.087383	-120.457673	-0.079423
14150.000013	-138.831391	0.480241	-73.148124	-0.212881	-126.051160	-0.148471	-124.341418	0.275227
14200.000013	-120.841763	0.270350	-81.656418	0.409634	-122.967779	-0.320255	-138.848310	-0.138755
14250.000013	-118.386618	0.275049	-79.288917	0.438221	-126.520339	0.464936	-128.525404	-0.343287
14300.000013	-122.530606	0.134257	-82.677468	0.043496	-117.641894	0.158695	-127.493298	-0.055497
14350.000013	-119.648293	-0.058898	-73.681260	0.156771	-133.769902	-0.049504	-119.910319	0.037496
14400.000013	-117.364633	0.491449	-90.377711	-0.173566	-119.250099	-0.128810	-123.835175	-0.070540
14450.000013	-122.634332	0.049194	-86.044488	0.287207	-119.985958	0.463175	-119.664794	0.491555
14500.000013	-123.443970	0.089744	-80.825510	-0.324952	-126.652812	-0.287186	-120.881578	0.223976
14550.000013	-121.320970	0.350327	-77.730008	-0.436255	-121.554565	0.227689	-117.018120	0.347309
14600.000013	-127.312706	0.217660	-81.924440	0.440731	-117.161389	0.407766	-123.151842	0.406169
14650.000013	-120.573386	-0.362695	-85.379363	-0.066214	-115.916970	-0.431073	-118.962256	-0.398972
14700.000013	-139.620159	-0.444692	-82.493711	0.045219	-121.957856	-0.099638	-119.560401	0.337440
14750.000013	-122.309981	0.173240	-83.628673	-0.428301	-121.082403	-0.384140	-126.873962	0.308479
14800.000013	-118.610386	-0.320346	-75.997200	0.051397	-123.558925	0.442076	-119.746472	-0.326903
14850.000013	-126.876428	-0.068447	-76.270182	-0.221520	-130.294515	-0.379560	-125.610437	-0.307703
14900.000013	-136.656279	0.131966	-82.087626	0.358959	-132.457611	-0.128527	-119.561304	0.260279
14950.000013	-126.320541	-0.367879	-84.299785	0.089232	-117.476417	-0.327703	-116.535998	-0.433124
15000.000013	-126.616852	0.181473	-79.285696	0.051629	-122.164800	0.477461	-124.846153	-0.403920
15050.000013	-119.332780	-0.370432	-102.972929	0.144081	-117.289279	0.397996	-124.276709	-0.428086
15100.000013	-134.752113	-0.020994	-80.597035	0.478699	-118.888724	-0.405350	-120.441546	-0.312620
15150.000013	-116.331457	-0.155411	-90.125490	-0.295234	-126.691009	0.369314	-119.520839	0.130789
15200.000013	-130.151143	0.492256	-77.159491	0.460986	-125.005250	0.487072	-130.479766	0.282960
15250.000014	-121.950466	-0.463216	-80.188199	0.329734	-118.971634	0.494189	-124.227661	-0.399917
15300.000014	-119.018370	0.334353	-83.365281	-0.229946	-135.142891	-0.064561	-117.861923	0.316583
15350.000014	-126.619370	0.129463	-76.498792	-0.360238	-115.869311	-0.318745	-119.964215	-0.143812
15400.000014	-121.104821	0.300838	-74.519668	0.044174	-131.072999	-0.135811	-124.828378	0.137174
15450.000014	-124.866272	-0.231676	-86.395261	-0.227573	-135.755404	-0.490715	-125.005192	-0.128248
15500.000014	-122.719944	0.133577	-76.853428	-0.072346	-117.702796	-0.129854	-123.381080	0.085555
15550.000014	-122.293268	-0.371970	-77.900988	0.362631	-122.597937	0.075490	-125.122551	0.056533
15600.000014	-116.300990	-0.287187	-82.945536	-0.282927	-130.064514	-0.149768	-115.506181	-0.017996
15650.000014	-120.228942	0.335580	-77.624087	0.158998	-122.423111	0.466745	-119.479698	0.398547
15700.000014	-131.328886	-0.019099	-92.916038	-0.369032	-121.880059	-0.041523	-120.756458	0.372049
15750.000014	-125.262344	-0.201327	-86.474998	-0.095785	-121.921808	-0.434768	-123.147682	0.450253
15800.000014	-122.971103	0.419562	-80.786073	0.300947	-120.284996	0.255491	-124.577804	0.204989
15850.000014	-139.676340	0.116993	-81.418572	-0.476255	-119.271144	-0.456899	-120.409143	0.352343
15900.000014	-121.748098	-0.224020	-74.502578	-0.017486	-118.082989	-0.349517	-125.786650	0.207291
15950.000014	-126.155229	-0.013113	-78.555273	-0.134275	-122.176199	0.072878	-119.800435	0.217628
16000.000014	-117.528894	0.117408	-84.160610	0.391503	-116.049119	0.008912	-120.439700	0.328114
16050.000014	-132.349366	-0.107825	-74.642281	-0.415117	-119.278036	-0.203888	-121.530704	0.058136
16100.000014	-121.512711	0.228616	-83.247500	-0.113533	-118.023015	0.390307	-125.804280	0.267310
16150.000014	-134.172819	0.226912	-79.660082	-0.176962	-125.324908	0.099822	-115.227741	-0.034371
16200.000014	-114.281619	-0.122324	-78.481094	-0.266175	-120.810498	-0.113550	-127.861818	-0.269561
16250.000014	-120.799399	-0.390180	-79.570033	-0.423721	-122.751627	-0.123968	-116.109855	-0.418978
16300.000014	-118.699327	-0.099656	-78.351897	-0.267758	-125.242085	-0.176304	-118.422637	-0.097998
16350.000014	-121.802427	0.297205	-83.090469	0.377466	-125.594257	0.130557	-121.067027	0.176077
16400.000015	-123.888612	-0.074554	-79.792405	0.043034	-124.411908	0.455189	-126.635324	-0.097087
16450.000015	-137.450375	0.358899	-75.890159	-0.297591	-129.326636	0.459113	-129.259281	0.376891
16500.000015	-121.954830	-0.229244	-94.180784	-0.256440	-119.636398	-0.023281	-129.626565	0.079261
16550.000015	-119.739095	-0.026066	-78.570657	0.050301	-125.740146	-0.169535	-128.036532	0.124278
16600.000015	-123.251102	0.261822	-75.821254	0.489518	-122.782054	-0.083459	-133.528242	-0.405151
16650.000015	-121.318896	-0.129774	-81.842282	-0.379398	-123.183933	0.211630	-121.917522	0.186650
16700.000015	-138.073426	0.345221	-74.796709	0.334412	-122.670720	0.260916	-119.884922	-0.342636
16750.000015	-117.623629	-0.248555	-76.086204	0.433597	-122.609292	-0.437074	-130.140884	0.413468
16800.000015	-111.809158	-0.383143	-74.335442	-0.492150	-127.794217	-0.485192	-113.389407	-0.401469
16850.000015	-129.357573	0.379172	-84.818596	-0.405999	-122.519339	0.424386	-125.574630	0.294508
16900.000015	-128.291885	0.335320	-81.702338	-0.345768	-123.469992	-0.199732	-126.088845	-0.259359
16950.000015	-121.560299	0.393365	-83.427153	0.485735	-124.831295	-0.330459	-133.022458	-0.019486
17000.000015	-118.256867	-0.126176	-78.333017	0.163782	-125.856721	0.386485	-128.664835	-0.226779
17050.000015	-126.858644	-0.287964	-81.950943	0.030777	-124.447439	0.354906	-119.338423	0.448542
17100.000015	-118.176250	0.417245	-86.392491	0.092084	-144.809377	-0.049626	-123.407981	0.490513
17150.000015	-128.933901	-0.232634	-104.332678	-0.274675	-119.118406	-0.335557	-119.088671	-0.287749
17200.000015	-118.346948	0.382122	-81.665796	-0.268231	-119.103912	-0.405225	-126.535722	0.184793
17250.000015	-124.004620	0.008421	-80.541608	0.194198	-126.695842	-0.438475	-128.938212	0.366941
17300.000015	-121.025888	-0.278659	-77.277113	0.265773	-116.447858	0.220203	-120.833551	-0.429553
17350.000015	-116.917003	0.410375	-81.641738	-0.430131	-123.038757	0.499518	-136.276838	-0.207743
17400.000015	-126.071600	-0.152230	-88.905642	-0.052236	-122.830884	0.263890	-132.538164	0.240207
17450.000015	-126.714096	-0.006850	-87.387959	-0.203031	-125.863149	-0.159203	-124.996327	0.024292
17500.000016	-132.744520	0.113249	-94.631279	-0.279639	-126.526250	-0.120280	-138.982385	0.171082
17550.000016	-121.052192	0.405393	-82.623422	0.204381	-117.664700	-0.475191	-123.500674	0.433054
17600.000016	-128.087278	0.492154	-84.889813	-0.037922	-122.053073	0.098415	-129.978090	0.143434
17650.000016	-127.133543	-0.133000	-80.340605	0.403810	-125.824057	-0.183241	-122.021342	-0.002805
17700.000016	-123.489700	0.112212	-76.104423	-0.065851	-123.842404	0.102560	-123.399480	-0.389411
17750.000016	-122.882696	0.057769	-79.294195	0.274811	-122.093214	-0.070057	-121.675641	-0.275246
17800.000016	-118.406197	-0.011874	-82.225865	-0.047301	-119.869579	-0.167620	-120.956828	0.268081
17850.000016	-128.048117	-0.238412	-76.377428	-0.306458	-122.107062	0.097964	-123.675121	-0.124070
17900.000016	-126.376854	0.251184	-83.501549	-0.046537	-122.513685	0.261294	-124.527504	-0.150980
17950.000016	-123.445059	0.216122	-80.953890	-0.372487	-124.675629	0.013411	-116.851275	-0.195943
18000.000016	-119.545191	-0.107036	-80.270043	0.453684	-124.149714	0.123776	-127.874709	0.386062
18050.000016	-119.051283	-0.207834	-79.754030	0.358512	-123.954106	-0.360480	-129.010344	0.147446
18100.000016	-117.573786	0.310318	-78.803887	0.158132	-130.973047	-0.346080	-123.887277	-0.276363
18150.000016	-121.481001	0.366885	-78.931756	0.036487	-127.417800	0.235594	-126.194444	-0.206629
18200.000016	-125.047315	-0.425199	-79.874591	0.213462	-121.583789	-0.221954	-120.186373	-0.240419
18250.000016	-124.713531	-0.118036	-76.444913	-0.104330	-124.324289	0.257943	-117.578221	-0.398511
18300.000016	-122.772053	-0.304766	-81.937114	-0.092177	-124.015224	-0.382711	-118.689737	-0.036034
18350.000016	-122.998246	-0.408358	-84.447439	0.485825	-127.264929	-0.366938	-124.493014	0.073104
18400.000016	-139.514697	-0.277456	-79.230997	0.195433	-123.647079	0.409031	-122.115042	-0.240217
18450.000016	-119.102297	-0.048341	-73.592723	-0.344598	-119.765466	-0.111699	-125.992860	0.103250
18500.000016	-122.406019	-0.372306	-81.501835	-0.255862	-128.663458	0.432944	-120.826491	-0.256104
18550.000016	-120.459216	0.095386	-80.705207	0.440377	-114.161582	0.023066	-132.002714	0.155665
18600.000016	-127.746612	0.078454	-82.080305	0.039923	-130.418747	0.427436	-124.971373	-0.404718
18650.000017	-121.016346	-0.302596	-76.925725	-0.313906	-130.821795	0.020589	-127.558580	-0.269037
18700.000017	-130.694440	0.244147	-84.095811	0.227988	-126.698335	-0.457574	-129.642183	-0.411435
18750.000017	-124.876950	0.011303	-95.331206	-0.410140	-116.218641	-0.202054	-122.528988	0.383632
18800.000017	-121.814332	-0.345477	-81.150264	0.012828	-125.461963	-0.020813	-115.727829	-0.298206
18850.000017	-121.497039	0.203822	-77.602022	-0.499404	-119.605658	0.132527	-125.921055	-0.258221
18900.000017	-125.841695	0.255001	-83.822526	-0.439837	-132.565841	0.018237	-121.977057	-0.382105
18950.000017	-123.680680	-0.084843	-88.810005	-0.222083	-117.866482	-0.104137	-119.426161	-0.299043
19000.000017	-116.230725	-0.297467	-76.376093	-0.397879	-122.688718	-0.457509	-117.961658	0.251181
19050.000017	-122.421298	0.034737	-78.466315	-0.167589	-120.466525	0.282302	-116.601783	0.064173
19100.000017	-120.718994	-0.000508	-78.146196	0.247764	-126.711454	-0.499592	-130.054517	-0.267805
19150.000017	-120.918170	-0.444481	-76.977643	0.243627	-125.904266	0.061504	-135.238091	0.075510
19200.000017	-123.261560	0.344180	-76.487774	0.021848	-123.121729	0.201422	-117.435726	-0.403455
19250.000017	-120.769485	0.329734	-79.835101	-0.361433	-127.543473	0.104025	-115.467559	0.323117
19300.000017	-124.619578	0.146339	-85.893497	-0.481971	-119.758709	-0.188777	-117.211794	-0.401529
19350.000017	-120.845671	-0.319741	-86.018956	-0.401217	-126.947931	0.295884	-135.916540	-0.156463
19400.000017	-130.657482	-0.317218	-83.584923	-0.325665	-126.806348	-0.057144	-131.090071	-0.382597
19450.000017	-129.575021	0.024488	-80.170177	0.280074	-123.030610	-0.392373	-120.689537	-0.101303
19500.000017	-119.918892	0.173479	-80.488472	0.361259	-123.134936	0.347408	-125.686590	0.062194
19550.000017	-123.882821	-0.297133	-78.679369	-0.178568	-122.252298	-0.381037	-118.643634	0.254791
19600.000017	-125.132268	0.174265	-83.651146	0.355545	-117.067481	0.143299	-120.314089	0.234863
19650.000017	-121.387826	0.460783	-83.298028	0.263983	-122.310013	-0.059765	-120.819966	0.247965
19700.000017	-133.172988	-0.463913	-77.778195	0.038432	-124.697030	0.469762	-120.500025	-0.088222
19750.000017	-113.914047	-0.144992	-78.188462	-0.080267	-123.150483	0.237574	-135.237875	0.253234
19800.000018	-128.778953	0.295567	-74.951847	0.481262	-132.704268	-0.385739	-122.567647	0.256921
19850.000018	-124.682188	-0.153426	-81.834132	0.270500	-121.581022	-0.353556	-120.602831	-0.011073
19900.000018	-120.515356	0.030655	-81.228824	-0.253011	-123.999287	0.088882	-116.782536	-0.136581
19950.000018	-121.885541	-0.257242	-77.570512	-0.163860	-128.622299	0.003502	-149.947862	0.269031
20000.000018	-123.400311	-0.111758	-81.981074	-0.068508	-126.934586	-0.277631	-118.754446	-0.040618
