% f539.txt
% Date Thu, Jul 15, 2021 4:52 PM
% Sine seq
% Response spectrum
% Stim level (V pk) 0.100, 0 dB filter gain, 120.0 dB attenuation
% Stim RMS (V) 0.000
% Freq [Hz]	Ch0 Mag [dB]	Ch0 Phase [cyc]	Ch1 Mag [dB]	Ch1 Phase [cyc]	Ch2 Mag [dB]	Ch2 Phase [cyc]	Ch3 Mag [dB]	Ch3 Phase [cyc]
%%end
50.000000	-120.321417	0.104104	-53.874696	-0.332490	-93.137998	-0.446695	-117.362800	0.056563
100.000000	-114.975037	-0.026447	-56.909284	-0.132034	-108.446363	-0.436224	-113.003079	-0.105239
150.000000	-122.548247	0.382529	-54.655627	-0.279965	-103.003623	0.308566	-114.416642	-0.259901
200.000000	-115.649831	0.494950	-59.443139	0.001645	-110.844371	-0.348604	-117.047104	-0.262477
250.000000	-123.216787	-0.390631	-47.926249	0.219467	-108.741013	-0.148902	-119.818360	-0.141567
300.000000	-96.077552	-0.242884	-53.770640	-0.398222	-110.367678	-0.191874	-107.785388	0.183493
350.000000	-136.428684	-0.383825	-59.171694	0.034219	-107.033826	-0.345928	-124.645254	0.194873
400.000000	-124.978831	0.253292	-44.957557	-0.262676	-111.397229	-0.106501	-118.924976	-0.287941
450.000000	-125.776107	0.163216	-51.687446	-0.292000	-106.232019	0.264469	-122.191363	0.244239
500.000000	-125.935264	0.190198	-56.704858	-0.160483	-120.798179	0.365239	-123.162473	-0.263512
550.000000	-140.972295	0.015798	-54.511715	-0.086413	-119.347513	0.248282	-121.949946	0.310410
600.000001	-125.610570	0.030684	-58.598631	0.092404	-114.580504	0.287939	-123.253918	0.353881
650.000001	-119.749404	0.460555	-58.984917	-0.392642	-125.230494	0.317409	-123.363902	-0.464411
700.000001	-126.212431	0.401343	-58.592977	0.461611	-112.545761	-0.197978	-134.604495	0.411212
750.000001	-117.100336	-0.496281	-57.956962	0.182234	-110.518209	-0.352674	-126.982705	-0.082167
800.000001	-119.259960	-0.369611	-65.609379	-0.414604	-113.196993	-0.415076	-119.695749	0.491465
850.000001	-115.943184	0.199807	-58.823340	-0.101430	-131.953248	-0.013608	-124.352538	-0.352105
900.000001	-113.443256	0.207815	-64.056312	-0.269486	-110.563651	-0.221676	-120.602758	0.232253
950.000001	-123.671762	0.226803	-59.055947	-0.326928	-121.496345	0.064845	-126.692113	0.203751
1000.000001	-117.766798	0.243275	-61.867778	0.226727	-119.942172	-0.214038	-122.729868	0.349558
1050.000001	-118.785796	0.480562	-56.804331	-0.322438	-122.115393	0.403665	-116.862593	0.121306
1100.000001	-117.187844	0.180860	-58.051227	0.076561	-115.671799	-0.394723	-119.224554	-0.340854
1150.000001	-118.114161	0.037084	-66.695129	-0.022263	-120.797577	0.091295	-118.944925	0.198224
1200.000001	-124.137407	0.466382	-65.619024	-0.036549	-137.187346	-0.301109	-116.916585	0.468296
1250.000001	-120.512830	-0.265479	-66.591120	0.448656	-125.855577	0.203947	-121.342977	-0.486300
1300.000001	-124.545847	-0.403854	-63.908112	0.077933	-120.593142	0.193105	-126.831645	-0.330745
1350.000001	-118.181940	-0.028255	-61.309205	-0.062613	-133.449504	0.246568	-120.118847	-0.092841
1400.000001	-38.108810	-0.212971	-17.588464	0.462838	-109.919021	0.464982	-120.192130	0.140940
1450.000001	-121.457120	0.208197	-60.517024	0.334542	-119.037005	-0.396832	-125.053938	-0.431568
1500.000001	-113.996434	-0.317605	-63.341105	0.398788	-120.166271	0.132197	-113.566317	-0.490924
1550.000001	-127.626537	-0.125441	-61.336080	-0.044490	-120.015019	-0.405043	-122.652666	-0.410189
1600.000001	-117.485157	0.324742	-61.077593	-0.005373	-121.006565	0.279978	-134.407911	0.213083
1650.000001	-119.905253	0.110073	-67.773591	0.055115	-114.769170	-0.411309	-127.803345	0.017666
1700.000002	-121.929504	-0.112968	-66.552364	-0.092580	-113.644877	0.114896	-125.638357	-0.121081
1750.000002	-124.965214	0.397225	-70.779860	0.126044	-123.388814	0.107644	-124.567207	-0.149268
1800.000002	-122.466501	-0.477359	-69.940142	-0.127585	-129.300776	-0.089182	-123.911832	-0.388668
1850.000002	-118.354288	0.497984	-57.568344	0.063874	-124.842061	0.217544	-120.001514	0.322082
1900.000002	-117.819140	0.250225	-63.134760	-0.085254	-115.475939	0.416979	-137.739845	0.291757
1950.000002	-123.580820	0.329580	-68.342484	-0.436332	-121.386329	0.462460	-121.324462	-0.239596
2000.000002	-122.228306	0.311743	-59.460614	-0.013400	-114.719337	-0.190002	-123.689807	0.446630
2050.000002	-121.464216	0.159901	-63.444149	-0.299741	-118.115521	0.290815	-119.896354	-0.009106
2100.000002	-117.507071	0.190023	-64.784836	0.417760	-116.951567	-0.288347	-125.406789	0.452040
2150.000002	-114.519722	0.360913	-68.913684	-0.235297	-113.189742	-0.326742	-120.757077	0.263144
2200.000002	-123.068496	-0.215934	-71.715698	0.395973	-119.375816	0.473396	-136.992176	0.295831
2250.000002	-133.162033	-0.128555	-63.822489	-0.475981	-121.504319	-0.395194	-119.297966	0.308279
2300.000002	-119.135157	-0.054745	-60.112011	-0.062504	-120.541702	0.387906	-118.143789	-0.068153
2350.000002	-118.536565	0.043212	-67.381127	0.256974	-126.104271	0.432699	-116.159557	-0.310773
2400.000002	-124.878751	-0.233465	-71.291178	0.062919	-123.506533	-0.415282	-124.236822	-0.433962
2450.000002	-118.537826	-0.483552	-66.850917	0.471813	-118.641473	-0.270483	-125.093464	-0.384732
2500.000002	-125.825470	0.429888	-73.872279	0.310687	-117.579261	0.193171	-129.931599	-0.023218
2550.000002	-134.917453	-0.183233	-79.595006	-0.279774	-124.663582	0.270489	-125.193754	0.179571
2600.000002	-123.081899	0.339183	-71.436016	0.090329	-130.777519	-0.271428	-123.401485	-0.315837
2650.000002	-125.133521	0.078184	-63.931800	0.169038	-112.924074	0.105256	-134.458822	0.383336
2700.000002	-122.133866	0.378944	-83.278002	0.372238	-117.705319	0.362615	-136.904894	-0.336132
2750.000002	-118.928198	-0.247167	-66.289677	0.404493	-121.634267	-0.037671	-118.916754	-0.343464
2800.000002	-118.326865	-0.427550	-72.747040	0.287223	-121.462565	0.177195	-121.335993	-0.033354
2850.000003	-118.878396	-0.456774	-68.121918	0.060796	-121.869444	-0.480212	-119.811625	-0.431846
2900.000003	-119.760184	0.163499	-63.089225	0.019597	-116.185533	0.038538	-126.459895	-0.444181
2950.000003	-119.791702	-0.455068	-75.225102	0.166040	-113.398979	0.288350	-121.508961	-0.130399
3000.000003	-115.866667	-0.014992	-69.338250	-0.336938	-112.490521	-0.055042	-113.467269	-0.003381
3050.000003	-119.131845	-0.351201	-67.691680	-0.014217	-123.978452	0.427996	-118.232764	-0.193138
3100.000003	-125.105467	-0.282376	-67.151573	-0.313410	-120.584921	0.104684	-126.839216	0.494357
3150.000003	-129.084448	-0.122742	-65.427888	0.411521	-125.450723	0.461392	-123.306994	-0.404755
3200.000003	-133.222204	-0.251000	-65.282758	-0.222571	-114.955757	0.462957	-124.139026	0.449152
3250.000003	-121.040734	-0.273427	-76.837229	-0.317489	-127.276281	0.478983	-124.345527	0.463816
3300.000003	-125.655260	0.298085	-71.535227	-0.363466	-117.843552	-0.489106	-125.110020	0.233578
3350.000003	-128.931336	-0.053192	-76.568194	-0.227345	-119.108631	0.250138	-127.246843	0.239958
3400.000003	-123.055913	-0.369509	-73.458615	0.342447	-127.816915	-0.342354	-119.627118	-0.293584
3450.000003	-117.940315	-0.132788	-68.405908	0.067776	-119.274179	0.118507	-130.893280	0.355127
3500.000003	-118.231233	0.004887	-69.851674	-0.038206	-119.634989	0.101120	-122.240030	-0.104591
3550.000003	-116.997875	-0.463237	-67.617098	-0.345244	-118.607081	0.259591	-122.822834	0.411030
3600.000003	-125.009149	0.191994	-65.320070	0.098004	-122.276033	-0.176434	-119.353261	0.203501
3650.000003	-124.685876	0.365886	-82.394130	0.198553	-125.739174	-0.486079	-131.706200	0.303560
3700.000003	-119.059823	-0.494225	-68.967556	-0.085557	-120.941147	-0.073172	-128.233528	-0.023379
3750.000003	-123.230375	-0.318741	-74.530737	0.478525	-126.018445	0.262087	-119.853649	0.269827
3800.000003	-121.068236	0.237423	-66.416135	-0.302189	-124.748603	0.067374	-122.056981	-0.404362
3850.000003	-124.870684	-0.496716	-75.024896	-0.480261	-122.925165	-0.129762	-125.232918	0.454017
3900.000003	-120.712506	0.088131	-81.840150	-0.377772	-120.021767	0.229960	-123.100079	0.386572
3950.000003	-123.530560	0.006975	-71.425113	0.369676	-123.274772	-0.184093	-122.399039	-0.410646
4000.000004	-119.981603	0.329750	-68.067819	-0.140470	-132.308033	-0.395696	-121.535497	-0.408267
4050.000004	-123.647720	-0.017912	-80.839374	-0.236902	-119.142632	-0.180747	-119.398041	0.053499
4100.000004	-131.576289	0.352246	-72.848669	-0.082288	-118.723556	0.316656	-125.080560	0.467094
4150.000004	-121.642131	0.095712	-71.718085	0.133608	-126.309842	0.281037	-120.887381	0.094300
4200.000004	-103.195164	0.428619	-68.773725	0.201433	-133.142750	0.156412	-132.335794	-0.297188
4250.000004	-123.079270	0.119768	-70.483499	-0.372920	-116.252849	0.176097	-132.009640	-0.224169
4300.000004	-118.108483	0.218251	-78.606280	0.452089	-127.781399	-0.080151	-126.395858	0.079033
4350.000004	-122.326687	-0.163332	-61.585600	-0.223454	-122.707765	-0.258562	-126.259488	-0.325241
4400.000004	-130.957376	0.343704	-70.808561	0.382816	-119.048698	0.358764	-124.433559	0.492756
4450.000004	-121.175231	0.371189	-76.788544	0.163424	-122.191217	0.223786	-120.546374	-0.361965
4500.000004	-122.158364	0.455637	-69.369923	-0.016760	-119.424122	-0.286524	-118.635425	0.466777
4550.000004	-117.919217	0.039389	-72.342723	0.356894	-121.600024	-0.302791	-124.278780	0.253353
4600.000004	-127.187682	-0.010850	-68.006268	-0.159912	-122.319477	0.066270	-116.536757	0.455993
4650.000004	-124.515607	-0.451687	-72.937029	-0.080368	-122.520832	-0.158596	-125.622636	-0.004485
4700.000004	-129.945700	-0.231532	-78.350526	0.120860	-148.721966	-0.446819	-131.606286	0.473459
4750.000004	-116.970904	0.253551	-76.494302	-0.339325	-122.088913	-0.100208	-122.842921	-0.181409
4800.000004	-127.212436	0.451131	-69.042661	0.289436	-119.763050	0.438409	-118.328826	0.410370
4850.000004	-120.872325	-0.057670	-74.675186	-0.442447	-121.060790	0.224406	-120.579966	-0.067114
4900.000004	-127.987823	0.069613	-76.954434	0.453019	-118.114463	0.447981	-119.124740	-0.286002
4950.000004	-126.456379	-0.354454	-75.342026	-0.241987	-120.470522	-0.313947	-120.040693	-0.205839
5000.000004	-142.620689	-0.111180	-65.872516	-0.152197	-127.923995	-0.488743	-123.226154	-0.161979
5050.000004	-117.880674	0.373166	-69.763670	-0.494021	-118.355831	0.462340	-124.200309	0.431513
5100.000005	-119.926868	-0.493187	-70.622120	0.139467	-118.308843	0.381792	-121.425911	-0.392769
5150.000005	-121.048890	0.377289	-77.633286	-0.036155	-118.966390	0.331289	-130.807252	0.243131
5200.000005	-123.199167	-0.431792	-69.351687	0.427916	-138.281258	-0.426265	-131.749612	-0.067379
5250.000005	-122.820543	0.278452	-78.158434	0.008687	-125.474564	0.159177	-115.797502	0.106039
5300.000005	-117.724547	-0.027180	-67.857018	0.353602	-116.193431	-0.108611	-131.210538	-0.059729
5350.000005	-131.741508	0.364190	-73.743278	-0.086839	-132.174077	0.309459	-118.623406	-0.420957
5400.000005	-130.069804	0.153511	-66.567919	-0.477198	-125.046882	0.423873	-116.336689	-0.306239
5450.000005	-129.270583	-0.331309	-70.841950	-0.052750	-130.273966	0.485688	-118.825063	0.351292
5500.000005	-129.246490	0.076009	-73.476739	-0.128860	-121.618138	-0.038210	-122.583349	0.366648
5550.000005	-120.121235	0.051593	-70.566970	-0.177880	-123.839479	0.163156	-118.988778	-0.135130
5600.000005	-100.047739	-0.357481	-87.767603	0.066116	-119.891093	-0.455436	-138.389738	0.470306
5650.000005	-126.204283	-0.096764	-66.311088	-0.313458	-121.039588	-0.068837	-124.969334	-0.390425
5700.000005	-120.914801	-0.039806	-68.006655	-0.459720	-119.988907	-0.025167	-125.212641	-0.431373
5750.000005	-128.294189	-0.240507	-70.012839	-0.075089	-119.916385	0.048595	-116.784681	0.224190
5800.000005	-124.376147	0.320956	-84.558643	0.037405	-118.720017	-0.380778	-121.718198	-0.270090
5850.000005	-117.626805	-0.294866	-78.812541	-0.157186	-117.628701	0.492362	-115.969038	0.473733
5900.000005	-118.845461	0.269840	-69.895198	-0.051053	-126.029096	0.353622	-124.032584	0.375013
5950.000005	-121.731336	0.220382	-73.047865	0.405378	-121.137462	-0.262090	-127.490206	-0.235554
6000.000005	-114.977783	0.004505	-72.535410	-0.429534	-121.218197	-0.150656	-119.310819	-0.022417
6050.000005	-124.632381	-0.167214	-79.328281	-0.392082	-120.026094	0.433092	-117.468667	0.253742
6100.000005	-125.949557	-0.087428	-80.146807	-0.374345	-125.941364	0.379880	-117.834367	-0.475110
6150.000005	-119.864826	-0.357865	-86.782183	-0.028333	-122.752177	-0.487004	-122.128875	-0.240670
6200.000005	-117.764947	0.252549	-73.085944	-0.445288	-123.892105	-0.202745	-121.279191	-0.112577
6250.000006	-125.674192	-0.190457	-64.660428	-0.450992	-119.114782	0.154962	-123.358265	0.275873
6300.000006	-124.499507	-0.220638	-75.012243	0.164419	-124.008715	-0.381148	-131.927816	0.060506
6350.000006	-121.310734	0.363508	-78.673064	0.344164	-128.130272	-0.404605	-118.036174	-0.472023
6400.000006	-126.217849	-0.421477	-75.778431	0.056779	-122.551290	-0.272359	-115.815909	-0.481770
6450.000006	-124.021516	-0.049440	-66.511223	-0.343550	-124.703374	-0.066686	-118.187793	0.280307
6500.000006	-122.129222	-0.074151	-63.990686	0.119013	-117.041166	-0.104047	-134.407099	-0.110883
6550.000006	-127.828040	0.415322	-72.917107	-0.357799	-118.712120	0.299194	-122.921805	0.444882
6600.000006	-121.176421	-0.206923	-67.299908	0.022794	-119.440455	-0.320971	-125.040100	-0.172215
6650.000006	-125.689470	0.099778	-77.524703	-0.352889	-117.010679	-0.014780	-130.142890	-0.440105
6700.000006	-125.697165	0.410089	-76.878357	-0.483882	-115.654254	0.345772	-122.999376	0.445219
6750.000006	-131.709081	-0.418306	-81.320350	-0.349383	-113.978093	-0.314225	-125.795514	0.271539
6800.000006	-124.341613	0.118697	-78.508448	-0.078732	-121.157543	0.442621	-126.764591	-0.459219
6850.000006	-118.618350	-0.298932	-69.260841	-0.454049	-126.486349	-0.402937	-120.483693	0.040377
6900.000006	-128.460717	-0.438755	-73.135301	-0.260039	-127.597412	0.087592	-118.424485	0.302347
6950.000006	-139.635069	0.290410	-82.982297	-0.488142	-122.806186	-0.437851	-121.753594	-0.223294
7000.000006	-102.712639	0.427498	-81.813088	0.107846	-121.378860	-0.209655	-122.029557	-0.092174
7050.000006	-134.359966	0.175038	-72.872575	0.007397	-125.602886	0.353437	-129.327922	0.458183
7100.000006	-119.003151	-0.387557	-74.429577	-0.345462	-121.997846	-0.255876	-117.890531	0.169376
7150.000006	-126.181243	0.091640	-76.897203	-0.090682	-122.511561	-0.186191	-130.165666	0.484509
7200.000006	-123.638040	0.266543	-73.746168	0.062723	-131.651658	-0.455872	-122.464434	-0.273967
7250.000006	-122.347087	-0.421654	-75.955529	0.015204	-124.497582	-0.342258	-128.636190	0.322338
7300.000006	-130.444095	-0.227262	-73.666260	0.341581	-118.942533	-0.240922	-128.909836	-0.482320
7350.000007	-124.593209	-0.083503	-71.281238	0.372599	-121.858766	0.431714	-124.737154	0.476562
7400.000007	-116.474842	-0.346672	-71.017456	0.493685	-127.124096	0.402822	-121.307702	-0.290654
7450.000007	-114.588494	-0.138565	-75.992265	-0.100783	-116.687426	-0.210096	-123.297383	-0.052766
7500.000007	-123.323986	0.207823	-68.200330	-0.104488	-116.780605	0.239161	-117.813622	0.356053
7550.000007	-120.067010	-0.477065	-83.858516	-0.470016	-120.069835	0.070216	-125.964439	-0.395538
7600.000007	-119.019211	-0.016681	-71.059294	-0.154779	-121.225206	0.097879	-121.149378	-0.071090
7650.000007	-125.878625	0.013547	-76.065816	0.389092	-124.352116	-0.172443	-123.387909	0.258064
7700.000007	-116.533135	-0.461326	-75.311730	-0.110885	-122.463043	-0.454776	-129.766714	0.412526
7750.000007	-125.630534	0.052001	-76.064744	0.004631	-122.480185	0.299837	-119.824711	0.165074
7800.000007	-128.657608	-0.380550	-75.788975	0.365446	-116.714118	0.195272	-129.266977	-0.112828
7850.000007	-122.751057	0.125025	-81.376503	0.312003	-113.522753	0.016323	-122.467801	0.012913
7900.000007	-118.217732	-0.042616	-77.313301	0.095597	-117.610099	0.085108	-116.296156	0.173439
7950.000007	-117.364550	-0.396357	-70.317631	-0.352750	-124.882595	-0.302319	-125.177945	-0.335362
8000.000007	-120.458648	0.202510	-69.669904	-0.474560	-120.210122	0.077064	-115.929931	0.252478
8050.000007	-119.137109	-0.492504	-80.854214	-0.293123	-123.249614	-0.015135	-127.095653	-0.088594
8100.000007	-124.669583	0.435478	-78.373713	-0.136012	-128.021431	0.082737	-122.890643	0.321140
8150.000007	-120.005519	-0.369293	-86.268444	-0.209417	-120.686052	-0.381079	-122.750100	-0.078176
8200.000007	-125.618894	0.261226	-76.941543	-0.267646	-128.788120	-0.004638	-127.828074	-0.109672
8250.000007	-122.387859	-0.154832	-75.643729	0.206431	-122.698704	-0.491212	-119.772072	-0.328768
8300.000007	-119.336910	-0.144198	-86.431600	-0.047915	-127.682866	0.003310	-132.317128	-0.392145
8350.000007	-121.257679	-0.314896	-81.402436	-0.293538	-125.163198	0.061914	-124.300323	0.035770
8400.000007	-105.675959	-0.240325	-75.754122	-0.266008	-114.906691	0.274955	-124.161787	0.040673
8450.000007	-120.890747	0.369789	-90.557363	0.440713	-123.086061	0.360013	-116.518395	0.199441
8500.000008	-121.908062	0.068669	-71.212345	0.265942	-117.869311	-0.006509	-124.112132	0.157574
8550.000008	-124.011152	0.267945	-74.607964	0.422248	-120.796511	0.146417	-127.086038	0.295004
8600.000008	-118.944021	-0.367876	-82.548672	0.177575	-121.953046	-0.388412	-130.386830	-0.339422
8650.000008	-125.384975	-0.329155	-72.383862	0.493030	-120.338726	-0.477129	-128.583495	-0.368932
8700.000008	-121.778343	0.234825	-77.890568	-0.045811	-121.954698	-0.242525	-118.265572	-0.264391
8750.000008	-117.126116	-0.126128	-83.716755	0.483113	-122.578025	-0.339409	-125.676912	0.393358
8800.000008	-116.562723	-0.467816	-79.267702	-0.058233	-127.763126	0.208149	-127.536752	0.031017
8850.000008	-126.402152	0.382372	-75.104828	-0.376666	-117.732023	-0.004792	-123.938829	-0.276488
8900.000008	-126.363747	0.240906	-75.957229	-0.379998	-119.250944	0.384443	-121.138728	0.238455
8950.000008	-123.830573	0.404505	-76.921178	0.033851	-122.330695	-0.318324	-125.829013	-0.356999
9000.000008	-127.130827	-0.358328	-79.076237	0.311632	-135.911099	0.480594	-120.376180	-0.077596
9050.000008	-122.232319	-0.447681	-74.549499	0.233261	-121.937505	0.405379	-129.535809	0.468377
9100.000008	-129.336447	-0.329968	-78.734894	-0.343815	-126.058675	0.453812	-138.278175	-0.192055
9150.000008	-116.371351	0.312133	-76.128894	-0.292915	-115.496985	0.045061	-123.529300	0.342613
9200.000008	-122.725810	0.458765	-72.695074	-0.171851	-120.599053	0.260530	-128.731085	0.321892
9250.000008	-118.656271	-0.133625	-88.262110	0.404005	-128.488163	0.006746	-122.905990	-0.180892
9300.000008	-120.930255	-0.432142	-78.529474	-0.389204	-122.165575	-0.015639	-120.668863	-0.339571
9350.000008	-119.993305	0.035185	-80.078351	0.032528	-120.995689	0.285745	-119.386531	-0.148273
9400.000008	-130.023896	-0.178061	-98.354482	0.261913	-127.552442	0.197615	-120.922501	0.243840
9450.000008	-115.567649	0.030080	-69.614588	0.121539	-123.022206	0.337619	-130.188171	-0.353785
9500.000008	-123.343594	-0.240510	-73.972525	-0.122829	-116.953152	-0.393404	-128.018320	0.076284
9550.000008	-120.469871	-0.308025	-73.309719	-0.137166	-118.230792	-0.428644	-127.586841	0.018143
9600.000009	-125.718549	-0.420089	-69.464500	0.483164	-121.344000	-0.093684	-126.164052	-0.096036
9650.000009	-122.203389	0.316691	-68.207143	-0.131900	-123.347809	0.459267	-120.411238	0.484605
9700.000009	-120.327436	0.067127	-79.676957	0.477698	-126.441896	-0.054025	-122.092603	-0.322892
9750.000009	-114.726072	0.084113	-70.883981	0.336047	-131.045494	-0.397052	-122.818561	-0.184890
9800.000009	-121.573086	0.076135	-84.310788	-0.363264	-118.499910	-0.398284	-120.527722	0.171148
9850.000009	-128.003178	0.191886	-79.829697	0.316590	-123.365574	-0.121768	-117.716549	-0.091832
9900.000009	-122.638292	-0.430216	-81.341230	0.172177	-129.314850	0.424922	-125.952319	0.375541
9950.000009	-123.745440	-0.313521	-74.118238	-0.441989	-123.124836	-0.346578	-117.515516	-0.018149
10000.000009	-123.390981	0.499462	-73.128307	-0.345779	-113.965596	-0.478345	-118.710316	-0.347548
10050.000009	-126.047704	-0.432665	-95.925225	-0.191437	-118.312900	-0.306434	-137.265445	0.466526
10100.000009	-120.771836	-0.363116	-75.620430	-0.298464	-120.818416	0.041366	-125.464101	0.280213
10150.000009	-126.326844	-0.432757	-77.078767	0.091462	-124.157593	-0.265798	-120.871285	-0.088003
10200.000009	-125.032730	0.052710	-81.417764	0.241972	-118.296927	-0.276233	-138.561411	0.187293
10250.000009	-120.730316	0.094656	-73.132177	0.161240	-117.497110	0.027400	-119.223338	-0.056538
10300.000009	-126.159948	-0.451158	-70.750730	-0.120798	-118.732078	0.315341	-129.071249	-0.352990
10350.000009	-120.762745	0.234031	-75.434801	0.048647	-120.785889	0.159691	-119.668578	-0.248840
10400.000009	-127.810163	-0.166818	-68.484470	0.196585	-118.082099	0.020881	-118.125762	0.116512
10450.000009	-131.748649	-0.287229	-78.741498	0.270606	-145.291798	0.026904	-121.955899	0.182722
10500.000009	-117.846517	0.188277	-71.327134	-0.210231	-133.236671	0.202884	-121.031730	-0.245776
10550.000009	-119.635532	-0.155214	-74.715504	-0.050377	-126.587072	-0.047736	-124.185379	-0.144227
10600.000009	-124.031622	0.063433	-73.366085	0.298897	-126.152414	0.102453	-131.286726	0.007815
10650.000009	-119.729521	-0.155749	-74.113050	0.427978	-119.750035	-0.334265	-122.540092	-0.113731
10700.000009	-118.662322	0.131547	-80.769330	-0.180875	-119.193004	0.337390	-118.715259	0.170548
10750.000010	-123.447160	-0.441929	-87.393271	-0.222593	-128.884844	-0.099315	-124.951256	0.323182
10800.000010	-123.914133	0.085867	-77.016661	0.476269	-121.677441	0.024927	-117.790534	0.090953
10850.000010	-119.136743	-0.029544	-76.026957	-0.045755	-127.368563	-0.210234	-121.067358	-0.170496
10900.000010	-132.030387	-0.098918	-78.870530	-0.484450	-124.653613	0.387410	-128.648922	0.387180
10950.000010	-119.890378	-0.127660	-86.515734	0.063924	-116.985505	-0.274035	-122.914293	-0.181752
11000.000010	-122.499161	0.430505	-76.843516	0.184246	-116.354418	-0.150046	-120.240548	-0.495746
11050.000010	-119.164490	-0.465301	-81.140913	-0.272850	-120.493705	0.191362	-117.124278	0.231434
11100.000010	-116.030333	0.116008	-76.453951	0.110933	-120.588329	0.198113	-122.678225	-0.375405
11150.000010	-128.645556	0.093590	-79.620828	0.234348	-124.641147	0.386129	-123.502418	0.006050
11200.000010	-104.205268	-0.224033	-77.090351	0.188075	-118.138408	0.059311	-131.939463	-0.123538
11250.000010	-118.831115	0.248474	-70.419525	-0.174009	-119.902243	0.410450	-133.423476	0.413946
11300.000010	-124.578220	-0.275383	-78.029147	0.439106	-125.515137	0.440734	-136.518003	-0.132248
11350.000010	-115.436780	0.039036	-73.257483	-0.030260	-118.317708	0.350890	-118.225215	0.487005
11400.000010	-118.336470	-0.329742	-85.464774	0.273131	-116.762414	-0.258901	-121.790660	-0.253149
11450.000010	-116.923481	0.179064	-83.341082	-0.016074	-130.674317	-0.433467	-124.906779	0.180588
11500.000010	-119.149860	-0.241918	-77.604769	0.369306	-119.927273	0.411049	-126.235933	-0.304735
11550.000010	-123.752534	0.234805	-71.980949	-0.183023	-126.570832	-0.112406	-134.333235	-0.301135
11600.000010	-125.336906	-0.409318	-73.260589	0.026578	-125.099138	0.017674	-120.250712	-0.137063
11650.000010	-121.483654	-0.419297	-76.839540	-0.471375	-121.442038	-0.278098	-125.435988	-0.306557
11700.000010	-126.560959	0.160071	-70.682767	-0.126379	-118.569760	-0.126245	-126.098092	-0.213402
11750.000010	-119.710438	0.303314	-76.151164	-0.256842	-119.009793	-0.206164	-117.595492	0.382682
11800.000010	-127.405963	0.419625	-73.527021	0.466485	-127.209952	0.162156	-129.135710	0.365134
11850.000010	-124.060574	0.328912	-76.272536	-0.386746	-125.299256	-0.015485	-123.483400	-0.421966
11900.000011	-120.348949	-0.177719	-94.184783	-0.366594	-126.436272	-0.188277	-132.216871	-0.198002
11950.000011	-128.583707	0.031851	-85.867878	-0.040255	-126.352260	-0.278999	-123.446992	-0.461683
12000.000011	-121.242430	0.425562	-82.357024	-0.134599	-119.840678	-0.491228	-136.567859	0.217429
12050.000011	-125.154882	0.035473	-83.707327	0.353841	-122.525343	-0.159016	-116.617207	-0.398777
12100.000011	-126.391805	0.391671	-83.921899	-0.228524	-126.383532	-0.229752	-124.607545	0.178289
12150.000011	-121.807999	0.376775	-77.255263	-0.438043	-121.109205	0.266552	-120.717739	0.365850
12200.000011	-119.408030	-0.072097	-74.806190	0.298309	-118.390770	-0.155862	-129.807265	0.289818
12250.000011	-128.813777	-0.216323	-76.634455	-0.178609	-120.785535	0.182677	-123.519151	-0.101975
12300.000011	-135.908736	0.070296	-73.393583	-0.295667	-120.906925	-0.334468	-119.311959	0.148700
12350.000011	-132.399209	-0.034714	-71.874807	-0.316415	-119.594810	-0.332916	-123.586411	0.279820
12400.000011	-123.801398	-0.048873	-74.478749	-0.366245	-127.521895	-0.273992	-128.687373	-0.007380
12450.000011	-122.282779	-0.316201	-77.228750	0.199216	-129.495593	-0.030376	-136.029880	-0.429775
12500.000011	-117.998038	0.355589	-80.710936	-0.112187	-119.887491	0.464152	-116.673775	-0.285938
12550.000011	-123.259968	-0.195242	-73.563098	0.228654	-125.677353	-0.418622	-119.060598	0.051976
12600.000011	-122.724543	-0.352586	-86.428214	0.443889	-119.046099	-0.315273	-119.065036	-0.325553
12650.000011	-121.751552	0.419775	-86.337296	0.373281	-124.902752	-0.469063	-136.112219	0.459287
12700.000011	-125.377766	-0.230873	-88.872134	0.048880	-125.871918	-0.351715	-121.101227	0.445966
12750.000011	-118.428420	0.153976	-76.251897	0.187883	-116.681051	0.032128	-123.275226	0.080894
12800.000011	-118.885469	-0.340960	-85.193794	-0.359377	-125.247044	0.156538	-128.219546	-0.180016
12850.000011	-118.494452	-0.047107	-77.015476	0.397348	-121.663575	-0.149953	-118.889963	-0.081125
12900.000011	-119.381805	-0.348544	-79.686931	0.253845	-118.147442	-0.187326	-113.325428	-0.198476
12950.000011	-120.875756	0.104909	-80.736595	0.386897	-130.953384	0.064417	-126.229958	0.291769
13000.000012	-118.206194	-0.220728	-83.609984	0.003417	-127.838486	0.258082	-128.672722	-0.199297
13050.000012	-133.289885	0.090181	-75.343814	-0.355667	-121.691750	0.098534	-121.153453	-0.052645
13100.000012	-121.627289	-0.275899	-76.822369	0.109945	-121.121045	0.161734	-123.977476	-0.086876
13150.000012	-117.137558	-0.332381	-71.949622	0.460938	-120.692244	-0.222147	-123.303585	-0.146126
13200.000012	-117.826329	-0.277293	-82.459034	-0.124040	-121.468746	-0.053944	-121.656746	-0.235702
13250.000012	-116.845598	-0.453807	-84.349126	-0.165283	-120.251238	-0.492246	-120.303763	0.357565
13300.000012	-117.313171	-0.052940	-80.094047	-0.101005	-119.488230	-0.266302	-139.476278	0.207074
13350.000012	-123.734459	-0.268867	-79.725525	0.458765	-114.704648	-0.447558	-133.233514	-0.088836
13400.000012	-126.699893	0.465312	-71.635441	0.268444	-122.135369	0.013881	-124.145367	0.210657
13450.000012	-115.241237	0.370912	-79.724800	0.201847	-116.999545	0.407583	-118.509134	0.257289
13500.000012	-126.136894	-0.141097	-77.517578	-0.480646	-121.953305	-0.192752	-123.536942	-0.177235
13550.000012	-118.141447	-0.011857	-72.947511	0.283494	-128.445932	0.173415	-113.219845	0.132616
13600.000012	-135.365597	0.117097	-71.240363	-0.145502	-121.813669	0.182912	-126.532376	0.312025
13650.000012	-116.289997	-0.073158	-89.854958	-0.094657	-126.745535	-0.428570	-117.010865	-0.087608
13700.000012	-124.515112	-0.090894	-79.526283	0.420498	-127.923962	0.335923	-121.357538	-0.243608
13750.000012	-115.585146	-0.081400	-95.069675	-0.180558	-123.859053	0.022230	-152.017803	0.089843
13800.000012	-119.112826	-0.295885	-78.131929	0.357759	-118.306004	-0.183989	-117.628452	-0.231516
13850.000012	-118.487274	-0.268075	-76.191082	0.437043	-115.810783	-0.170519	-120.566540	0.007601
13900.000012	-120.894950	-0.061808	-84.977139	-0.096151	-117.192029	-0.138204	-128.152983	-0.274480
13950.000012	-115.006492	0.399387	-73.996303	-0.127144	-119.707561	0.366450	-121.036088	-0.468397
14000.000012	-106.245757	-0.148029	-71.821346	0.364346	-130.559547	0.393274	-120.489362	-0.436107
14050.000012	-117.167104	-0.011477	-84.803853	-0.058210	-115.491840	-0.082150	-119.993312	0.127084
14100.000012	-122.085423	-0.087035	-79.236259	0.479609	-124.174315	0.403918	-129.649155	-0.366089
14150.000013	-123.447121	0.367553	-82.153433	-0.497173	-126.743552	0.489390	-116.512525	0.323262
14200.000013	-117.342160	-0.415151	-77.701082	0.224840	-121.493885	-0.356130	-115.929447	-0.430975
14250.000013	-121.895574	-0.425394	-79.325376	0.202300	-124.140843	0.023553	-119.134920	-0.055406
14300.000013	-118.369285	-0.436834	-76.489740	0.409037	-120.607627	-0.295808	-118.029270	0.441273
14350.000013	-123.097804	-0.278729	-85.123952	-0.033858	-124.715638	-0.317674	-124.261249	0.212485
14400.000013	-113.729591	0.123941	-73.533967	-0.365918	-121.778504	0.052321	-124.146934	-0.138840
14450.000013	-133.989920	0.053997	-84.041048	0.449718	-122.756870	-0.237829	-123.476093	-0.203396
14500.000013	-122.736726	-0.453191	-74.420139	-0.028693	-121.254599	-0.338477	-124.290656	-0.439042
14550.000013	-117.377382	0.143616	-70.239837	0.042345	-125.022351	0.467212	-124.968889	-0.125806
14600.000013	-119.513792	0.460122	-76.024557	0.433061	-131.408100	0.287090	-118.905016	-0.268329
14650.000013	-120.380521	0.383574	-78.107565	-0.227345	-131.208599	0.284526	-117.310377	0.064320
14700.000013	-131.638996	0.353563	-78.271861	0.145709	-128.593911	0.429451	-125.984923	0.116556
14750.000013	-125.009354	-0.168526	-73.587062	-0.308776	-135.253116	0.043832	-119.634827	0.252686
14800.000013	-124.704418	-0.199359	-78.364528	0.261883	-120.466774	-0.263519	-122.501438	-0.143685
14850.000013	-122.830216	-0.084135	-77.780326	0.243938	-122.784994	0.469534	-120.438990	-0.421129
14900.000013	-119.817278	-0.247562	-77.255392	0.481301	-118.141282	-0.111543	-118.037893	0.228304
14950.000013	-120.088270	0.244612	-79.337278	0.215942	-123.300940	0.039556	-125.700232	0.331175
15000.000013	-120.400740	0.136622	-77.469124	0.326749	-118.164644	-0.115954	-119.769164	-0.066421
15050.000013	-129.224085	0.420570	-77.581517	-0.034566	-116.579104	0.060824	-121.796450	-0.395187
15100.000013	-134.598344	-0.394866	-78.652871	-0.086523	-130.600426	0.327410	-125.193506	0.196795
15150.000013	-133.796962	0.217660	-76.887656	-0.263051	-124.316020	0.057521	-118.370223	0.166249
15200.000013	-120.174605	-0.426723	-78.850833	-0.014921	-119.753720	0.124096	-120.407563	-0.260200
15250.000014	-127.052680	-0.368718	-74.536467	-0.467794	-119.755754	0.115829	-139.314039	-0.375364
15300.000014	-123.854540	0.070443	-75.593595	-0.470946	-115.721349	0.192980	-119.110362	0.184683
15350.000014	-116.425734	0.369335	-84.303855	0.329165	-127.328461	0.305667	-137.197239	-0.254192
15400.000014	-123.177429	0.133031	-79.041897	-0.072162	-124.596952	-0.480890	-122.155349	-0.269127
15450.000014	-126.838891	0.031421	-76.492174	0.056389	-119.337654	-0.108962	-113.576919	0.191006
15500.000014	-123.404752	0.402231	-78.975871	0.005298	-119.529425	-0.011034	-122.379303	0.298800
15550.000014	-127.719767	0.119878	-73.668377	-0.216554	-128.556715	0.391973	-129.638382	-0.220943
15600.000014	-117.259528	0.458660	-83.853748	-0.069065	-115.104535	0.434539	-121.505284	0.329052
15650.000014	-116.195793	-0.468080	-89.261157	0.264524	-134.232409	0.046186	-123.405901	0.433598
15700.000014	-119.850482	-0.202807	-82.137884	-0.110552	-121.889037	-0.269436	-127.345598	-0.162296
15750.000014	-116.648664	0.367568	-78.609988	-0.007214	-126.086252	-0.014250	-120.604586	0.054683
15800.000014	-118.157444	-0.088632	-81.174749	0.165740	-120.097148	-0.058750	-121.471418	0.315559
15850.000014	-118.660271	-0.106513	-85.861823	0.090658	-139.691257	0.221550	-134.876439	-0.234480
15900.000014	-145.387152	-0.490268	-76.924566	-0.039002	-126.275764	-0.459681	-119.821545	-0.370359
15950.000014	-122.904058	-0.396430	-81.187852	-0.379076	-114.414926	-0.082404	-119.143951	0.262993
16000.000014	-125.133951	-0.298289	-84.086880	-0.222308	-133.125926	-0.199736	-119.468550	-0.147672
16050.000014	-124.364931	0.190316	-79.093198	-0.472457	-124.700685	0.280427	-119.701182	0.101468
16100.000014	-118.799077	0.452025	-72.891363	-0.108444	-123.720848	-0.488859	-118.136358	-0.470615
16150.000014	-123.168932	-0.212004	-81.718984	0.079089	-129.474743	-0.023656	-121.194410	-0.023395
16200.000014	-128.466385	0.210784	-83.503702	0.462790	-130.086690	-0.478760	-119.078939	-0.396906
16250.000014	-119.468112	0.087947	-74.222329	-0.170869	-126.712303	-0.114074	-119.665669	0.010431
16300.000014	-130.295379	0.279674	-85.487106	-0.309337	-119.938879	-0.137086	-132.236893	0.466947
16350.000014	-117.802058	0.256992	-74.147647	0.447339	-127.077249	0.266959	-128.775454	-0.101394
16400.000015	-122.088725	-0.044619	-79.350113	-0.402709	-123.334182	-0.496553	-124.541434	-0.484528
16450.000015	-130.497252	0.186628	-72.380533	-0.178546	-127.964282	0.087984	-117.660354	0.215886
16500.000015	-125.250037	-0.404123	-80.192967	-0.078861	-117.832823	0.389137	-119.215642	-0.394429
16550.000015	-128.922607	0.293538	-87.370428	-0.448145	-122.864236	0.153004	-124.031324	0.178225
16600.000015	-118.400808	0.020973	-74.697968	0.167451	-114.830690	-0.220825	-121.983594	-0.432778
16650.000015	-118.820625	-0.251870	-86.150168	-0.024935	-124.630106	-0.338033	-119.853458	-0.129073
16700.000015	-120.066928	-0.413127	-73.828377	-0.078171	-124.167541	0.240445	-125.955017	-0.376675
16750.000015	-116.934972	0.490583	-78.106334	-0.167098	-126.834475	-0.236431	-117.599754	0.275811
16800.000015	-121.428535	-0.018916	-79.395928	0.035536	-120.515511	0.483185	-125.452589	0.323032
16850.000015	-123.201975	-0.416220	-81.414969	0.269963	-125.642869	-0.291448	-114.327295	0.009341
16900.000015	-124.379598	-0.095313	-87.135821	-0.131959	-119.964054	0.269625	-134.567770	0.095956
16950.000015	-120.362914	0.482423	-80.631493	0.243992	-118.732100	0.407690	-123.201404	-0.377085
17000.000015	-124.330606	0.189294	-85.763495	-0.137772	-119.714854	0.269375	-120.811913	-0.214150
17050.000015	-123.032963	0.435828	-81.667548	0.328620	-125.969864	0.412862	-133.101379	-0.190981
17100.000015	-121.424671	0.235290	-73.726618	0.160354	-121.048481	-0.382909	-122.982511	-0.079984
17150.000015	-120.906393	0.461347	-82.405090	0.157118	-116.569462	0.139072	-118.038540	-0.264389
17200.000015	-120.610999	-0.250229	-73.172593	-0.200698	-151.173105	0.397271	-122.623108	0.067478
17250.000015	-125.282979	0.309935	-78.231545	-0.270873	-131.265018	0.211969	-131.363622	-0.139934
17300.000015	-120.176200	-0.128030	-83.542871	-0.490882	-120.181161	-0.276643	-119.931267	-0.228885
17350.000015	-129.950428	-0.176174	-79.818909	0.097312	-136.797556	-0.126111	-124.634353	0.103138
17400.000015	-118.427228	-0.490126	-75.648191	0.218531	-113.638258	-0.498554	-115.958189	0.409154
17450.000015	-118.474640	0.148989	-79.451541	-0.138024	-126.688813	0.461476	-121.695672	-0.306249
17500.000016	-124.288957	-0.452826	-91.988166	0.373778	-118.201006	-0.408602	-122.068643	-0.079279
17550.000016	-123.783055	-0.213201	-73.047980	0.254030	-116.478047	-0.158590	-138.063760	-0.115064
17600.000016	-117.809884	0.392147	-81.826919	0.403332	-121.369691	-0.239230	-127.253691	0.118466
17650.000016	-118.721259	0.200872	-81.913963	0.455943	-123.302336	0.205023	-117.831968	0.264002
17700.000016	-128.149588	-0.290058	-81.038319	-0.031166	-132.962197	0.003617	-115.657324	-0.318676
17750.000016	-115.283475	-0.473794	-88.810263	0.418588	-121.586084	0.332024	-118.660331	-0.414486
17800.000016	-123.717257	0.184285	-77.748025	0.250284	-123.709139	-0.079887	-124.835340	0.155482
17850.000016	-120.239217	-0.470149	-88.611039	-0.397236	-114.445216	-0.379465	-121.025676	0.305363
17900.000016	-115.277986	-0.230977	-87.838337	0.496377	-136.215610	0.120684	-117.313767	0.215803
17950.000016	-120.891952	0.268569	-87.131448	0.053043	-118.526703	0.318828	-121.489234	0.331001
18000.000016	-117.314700	-0.494868	-80.238384	-0.114057	-116.452505	0.401978	-117.432170	0.371743
18050.000016	-120.148208	-0.289647	-86.209952	0.463889	-120.032566	0.285859	-119.930994	-0.474199
18100.000016	-118.966645	0.425241	-79.463348	-0.283625	-135.591168	-0.452755	-120.834401	-0.059393
18150.000016	-118.537594	0.476917	-93.756157	-0.188176	-130.149284	-0.027282	-116.426541	0.312409
18200.000016	-113.770288	0.291740	-85.894169	0.472140	-124.848670	-0.184730	-122.922818	0.005960
18250.000016	-128.190937	-0.045936	-85.135905	-0.329218	-126.093012	-0.444899	-122.822889	0.288286
18300.000016	-116.517454	-0.407984	-73.904038	-0.347223	-115.582786	-0.360325	-124.574625	-0.198510
18350.000016	-126.917795	-0.273099	-78.912264	-0.234020	-130.058297	0.460739	-118.978597	0.330988
18400.000016	-125.242894	-0.012197	-89.638231	0.196498	-117.502934	0.156856	-118.080187	0.075055
18450.000016	-127.991073	0.011731	-78.724644	-0.264836	-137.324475	-0.443333	-122.662777	0.351690
18500.000016	-127.239169	-0.488823	-78.068881	-0.449974	-122.961858	0.121130	-121.686644	-0.219255
18550.000016	-127.660200	0.166527	-77.359249	0.356429	-120.065583	-0.112582	-136.760415	-0.203177
18600.000016	-117.527618	0.114589	-78.216540	0.199654	-135.977715	0.298232	-130.942318	-0.249264
18650.000017	-127.551334	0.007173	-110.480425	-0.310959	-126.081699	0.224579	-124.669173	0.338466
18700.000017	-123.217697	-0.030315	-83.680828	0.009374	-121.670056	-0.462750	-118.215548	-0.304436
18750.000017	-124.111306	-0.133532	-81.373120	0.205796	-123.584913	0.069505	-128.321197	-0.227896
18800.000017	-119.352434	0.042619	-87.804239	0.172539	-126.654650	-0.154575	-131.815057	0.111545
18850.000017	-114.640692	-0.460629	-83.982878	-0.480426	-117.718308	-0.303138	-127.298270	-0.146008
18900.000017	-128.012580	0.101860	-81.385063	0.051083	-116.242096	0.187726	-122.992376	0.068847
18950.000017	-121.535788	0.374834	-75.548940	-0.459504	-118.319422	0.318878	-119.020660	0.221216
19000.000017	-126.360720	-0.000536	-86.481466	0.485878	-119.210969	-0.311466	-120.040287	-0.371835
19050.000017	-121.250692	-0.310384	-75.376006	0.278306	-120.375585	-0.291139	-129.139341	-0.155899
19100.000017	-123.475452	-0.388985	-90.078257	0.082752	-123.666394	-0.334252	-122.482535	0.157341
19150.000017	-127.004037	0.033768	-78.014429	0.078658	-126.957886	-0.184115	-135.852355	-0.028873
19200.000017	-131.254739	-0.102679	-80.893811	-0.461753	-134.848302	0.353898	-113.973714	0.202670
19250.000017	-120.624308	0.007699	-73.731129	-0.050172	-131.770182	-0.071655	-123.892088	0.348765
19300.000017	-129.682776	0.321056	-84.649930	0.297280	-127.523545	-0.049475	-132.118061	0.007758
19350.000017	-122.350970	0.030641	-87.108623	0.192168	-122.775654	-0.239745	-121.178088	0.036422
19400.000017	-130.640213	-0.324675	-84.033158	-0.152848	-125.478730	0.104809	-126.310966	-0.191316
19450.000017	-121.626345	-0.131385	-90.111451	0.228181	-128.566791	0.334037	-123.038391	0.330341
19500.000017	-123.969365	-0.363072	-78.071204	0.168938	-126.857335	-0.361884	-133.154847	-0.384433
19550.000017	-128.829868	0.497225	-85.836871	-0.291437	-137.735822	-0.488660	-135.566802	0.108109
19600.000017	-116.097274	-0.031427	-79.706279	0.297662	-123.639338	0.032730	-118.840758	0.299197
19650.000017	-122.168791	-0.183464	-88.430826	-0.225240	-123.880428	0.010125	-117.494355	0.143681
19700.000017	-123.401597	-0.029126	-78.141930	0.341154	-122.055011	-0.220282	-120.387825	0.449234
19750.000017	-119.527444	0.031478	-83.867959	-0.354377	-122.705088	0.096714	-126.002234	0.350426
19800.000018	-131.267311	0.498518	-76.090229	0.193892	-124.867543	0.480944	-129.071953	0.092137
19850.000018	-129.159251	-0.234586	-83.580389	0.475315	-131.722821	-0.243516	-120.137442	-0.309944
19900.000018	-117.158002	0.433264	-75.303058	-0.233167	-125.446964	-0.182576	-119.303993	0.122693
19950.000018	-124.234309	-0.128035	-80.621952	0.178420	-119.007836	-0.045098	-123.832572	0.030501
20000.000018	-122.887978	0.419229	-77.040299	-0.134189	-119.644827	0.143622	-123.509115	0.213652
