% f546.txt
% Date Thu, Jul 15, 2021 4:53 PM
% Sine seq
% Response spectrum
% Stim level (V pk) 0.100, 0 dB filter gain, 120.0 dB attenuation
% Stim RMS (V) 0.000
% Freq [Hz]	Ch0 Mag [dB]	Ch0 Phase [cyc]	Ch1 Mag [dB]	Ch1 Phase [cyc]	Ch2 Mag [dB]	Ch2 Phase [cyc]	Ch3 Mag [dB]	Ch3 Phase [cyc]
%%end
50.000000	-118.773033	0.404436	-62.837838	0.367144	-101.558982	-0.298323	-118.666647	-0.125086
100.000000	-113.567117	-0.409028	-46.387621	-0.181285	-103.030603	-0.154105	-124.034385	0.461440
150.000000	-125.584960	-0.437217	-54.708674	0.384315	-113.651278	0.495316	-125.521081	0.102048
200.000000	-121.073526	0.242848	-51.438710	0.025255	-104.147867	0.382610	-116.492534	0.078544
250.000000	-114.830794	-0.282929	-51.812912	-0.389016	-106.182278	-0.266984	-121.873652	-0.491751
300.000000	-96.285122	-0.445873	-53.411108	0.000745	-107.785203	-0.292399	-112.245596	-0.039870
350.000000	-116.250225	-0.353020	-52.169494	-0.260044	-108.467125	-0.218880	-120.004072	-0.204243
400.000000	-123.016832	-0.296253	-58.639758	0.375206	-113.749124	0.414786	-120.419618	0.072819
450.000000	-125.503999	0.207383	-50.576065	-0.247945	-111.949510	-0.090034	-123.384798	-0.247414
500.000000	-114.733676	0.189003	-49.211406	-0.259855	-105.913998	0.007480	-124.577537	0.124887
550.000000	-119.920748	-0.283062	-58.277460	-0.216135	-115.092087	0.003760	-120.052269	0.251128
600.000001	-125.844330	-0.248891	-62.295105	-0.490435	-125.895852	-0.055903	-124.430425	0.121716
650.000001	-120.198322	0.017790	-62.374019	0.418282	-113.397766	-0.272961	-116.840570	0.046678
700.000001	-124.436322	-0.459008	-58.477573	-0.462904	-118.113856	-0.442753	-114.212450	-0.492662
750.000001	-124.620342	0.208689	-59.452739	-0.142634	-113.979614	0.357307	-118.886688	0.286034
800.000001	-115.284550	-0.012789	-58.499218	0.312024	-108.707351	-0.316768	-133.129325	0.210092
850.000001	-132.324798	0.100619	-56.284339	0.470470	-115.184273	0.428393	-125.739692	0.134397
900.000001	-112.532016	-0.461100	-51.767011	-0.286001	-115.676291	0.437609	-133.450529	0.095871
950.000001	-125.082688	0.274996	-65.333608	-0.386699	-115.096930	-0.004725	-132.611930	-0.022071
1000.000001	-118.744281	-0.183187	-53.020660	0.236954	-120.815233	-0.115820	-115.857607	-0.214889
1050.000001	-120.544201	-0.280375	-56.978909	0.134430	-124.277052	0.362631	-125.624966	0.331841
1100.000001	-116.171331	0.414472	-61.968169	0.280346	-114.439730	0.136044	-122.680305	0.125907
1150.000001	-128.942949	-0.096107	-64.287950	-0.008333	-112.427328	-0.069951	-129.441500	-0.230837
1200.000001	-118.088399	-0.404548	-63.476518	-0.251074	-119.176162	0.031682	-120.371671	-0.360159
1250.000001	-136.361798	-0.298164	-64.385745	0.042678	-116.027227	0.167308	-126.953050	0.442693
1300.000001	-114.737643	-0.209954	-60.488526	-0.491613	-120.499577	0.181268	-138.488345	-0.134123
1350.000001	-129.539776	0.279940	-74.802139	0.436183	-111.924126	-0.230067	-129.064591	0.199734
1400.000001	-119.007953	-0.453913	-59.318525	-0.000214	-121.936663	0.418648	-129.542401	-0.205815
1450.000001	-114.460896	0.418616	-64.652459	0.257137	-124.950470	-0.297302	-122.083679	0.468294
1500.000001	-118.641599	0.265581	-73.286181	0.118505	-119.654365	-0.021095	-120.497626	-0.092904
1550.000001	-124.665867	-0.377275	-60.198579	0.120126	-125.839511	0.272997	-122.499945	0.232480
1600.000001	-125.769005	-0.253779	-63.222404	-0.281289	-117.331209	0.376780	-131.311846	0.015965
1650.000001	-121.996912	-0.053906	-65.783068	0.471901	-114.796641	0.140117	-122.646074	0.359512
1700.000002	-127.858833	-0.195704	-62.968606	-0.475469	-113.414303	-0.480757	-117.618052	0.324791
1750.000002	-141.607699	0.408512	-61.321646	-0.195814	-114.225360	-0.271345	-117.440892	0.066311
1800.000002	-124.220860	0.351827	-72.327527	0.221730	-124.113690	0.225075	-123.622326	0.383049
1850.000002	-118.909441	-0.444306	-62.201805	-0.248735	-125.285068	0.419894	-121.624844	0.487196
1900.000002	-120.782407	0.234778	-64.212471	-0.341593	-125.869361	-0.443108	-127.398893	0.046175
1950.000002	-119.197489	-0.113041	-72.494785	-0.164413	-118.102847	0.083421	-119.335024	0.472460
2000.000002	-119.749990	0.319328	-69.083971	0.051527	-120.343369	0.353366	-119.758203	-0.349729
2050.000002	-116.703712	0.036593	-68.857359	-0.359015	-118.330853	0.121313	-122.125853	-0.320823
2100.000002	-125.238496	0.041535	-63.044067	0.120781	-118.063487	-0.013043	-129.778733	-0.006493
2150.000002	-129.821890	0.418395	-65.403949	-0.367400	-118.560133	-0.022976	-117.692811	-0.060280
2200.000002	-121.141828	0.436570	-67.450204	-0.136889	-154.697763	-0.419339	-122.748910	-0.481059
2250.000002	-122.425115	0.264996	-56.504383	-0.304311	-121.631778	-0.372983	-125.947355	-0.187751
2300.000002	-37.222904	-0.206934	-13.404601	0.419071	-108.354420	0.413910	-116.786639	0.396981
2350.000002	-113.351829	-0.220170	-67.057396	0.198881	-117.112401	0.416693	-125.532313	-0.006816
2400.000002	-128.801305	-0.254065	-66.430158	0.483119	-119.982399	-0.140768	-115.604855	-0.449938
2450.000002	-118.920685	0.294170	-68.330997	0.449364	-124.210404	0.143728	-113.468143	0.272509
2500.000002	-127.055078	0.110962	-69.486278	-0.008154	-124.229073	0.394487	-117.524341	0.467059
2550.000002	-119.279193	0.329736	-66.358771	-0.337883	-120.421752	0.332529	-124.104171	0.254001
2600.000002	-121.271627	-0.255680	-64.093566	-0.240259	-121.333156	-0.340873	-129.042052	0.476146
2650.000002	-126.609230	0.122485	-60.582389	0.174686	-119.750391	-0.002722	-121.734000	0.155262
2700.000002	-119.068380	-0.497050	-67.799423	0.470992	-124.581115	0.320849	-142.569167	0.289488
2750.000002	-122.568434	0.223425	-61.856001	0.476704	-115.192417	0.268377	-119.749661	0.226025
2800.000002	-124.135540	-0.076129	-67.785197	-0.272548	-150.455345	0.384938	-120.803215	-0.483234
2850.000003	-121.304280	0.103222	-72.105791	-0.366269	-117.412854	0.302566	-119.966601	0.073644
2900.000003	-123.645106	-0.164754	-76.920776	-0.210825	-123.914238	0.465476	-128.389704	0.336479
2950.000003	-122.661180	0.045099	-65.969787	-0.176562	-124.249691	0.304857	-130.579339	0.056088
3000.000003	-128.750804	0.002571	-68.095555	0.329287	-131.717643	-0.035036	-121.546029	0.003702
3050.000003	-122.127684	0.458166	-69.808791	0.138476	-121.944351	0.177811	-129.620088	0.107043
3100.000003	-140.418839	0.278545	-72.933350	-0.276611	-116.104519	0.429898	-122.932070	-0.135635
3150.000003	-118.595374	0.375771	-71.903535	-0.191086	-121.249122	-0.476594	-122.043807	0.403733
3200.000003	-115.412586	0.237825	-73.191122	0.010639	-115.799033	0.259513	-121.580153	0.216806
3250.000003	-119.429321	-0.091197	-98.182256	-0.445372	-126.172035	-0.109146	-123.301861	-0.227369
3300.000003	-123.727811	0.390503	-71.961708	-0.088653	-115.872666	0.347332	-115.049348	0.272877
3350.000003	-121.110431	0.254726	-67.981062	-0.108363	-130.193399	0.476768	-126.193122	-0.107295
3400.000003	-116.962065	0.409211	-70.683549	0.298339	-116.411591	-0.477479	-118.680307	0.433340
3450.000003	-128.144252	-0.357657	-77.128823	-0.238169	-135.086056	-0.151796	-119.468299	-0.383009
3500.000003	-118.270696	0.010952	-73.786740	0.039621	-127.400093	0.238179	-120.028438	0.167592
3550.000003	-122.740256	0.088003	-72.672368	-0.046289	-126.268072	0.201074	-119.769023	0.124898
3600.000003	-127.835150	-0.255487	-77.367130	-0.477821	-128.808694	-0.230379	-127.644492	0.310142
3650.000003	-115.273455	0.312266	-66.391362	0.292286	-125.287604	0.361355	-124.723428	-0.308857
3700.000003	-122.247458	0.120643	-69.194848	0.337775	-122.964842	0.202784	-123.821579	-0.111621
3750.000003	-117.938877	-0.068831	-66.453727	-0.054817	-127.553202	0.311404	-125.507763	0.123686
3800.000003	-125.341750	-0.433736	-73.323074	-0.014316	-122.937031	-0.481454	-126.770877	-0.275977
3850.000003	-137.301229	0.144804	-69.147611	-0.464109	-118.174401	0.193860	-113.773234	-0.006717
3900.000003	-115.923705	-0.060244	-67.061749	-0.350588	-119.172879	-0.184758	-115.933094	0.035363
3950.000003	-136.000118	-0.071178	-64.616453	-0.321803	-130.226839	-0.013042	-123.171554	0.473872
4000.000004	-121.003762	0.046419	-65.760695	0.351757	-128.772064	-0.423685	-127.385595	-0.044110
4050.000004	-138.671282	0.176510	-77.182164	0.111104	-129.933730	0.067071	-122.357800	-0.253063
4100.000004	-121.907971	-0.366097	-75.525001	-0.330416	-135.931641	0.091647	-117.612870	0.461049
4150.000004	-116.417390	0.164299	-66.549443	0.360604	-115.818181	0.140184	-122.271147	-0.030205
4200.000004	-122.419655	-0.310775	-75.536254	-0.354371	-117.237386	-0.310997	-118.854563	0.020142
4250.000004	-119.181518	0.323855	-71.862927	-0.494950	-122.124765	-0.138292	-140.522799	0.423450
4300.000004	-123.002787	0.160366	-70.447761	0.008627	-116.953368	0.497637	-126.344108	-0.121571
4350.000004	-121.680708	0.172723	-72.581906	-0.429871	-127.184932	-0.154499	-120.178659	-0.345317
4400.000004	-122.758835	0.367997	-69.367522	-0.032859	-117.064662	0.355428	-117.059358	0.079240
4450.000004	-121.767757	-0.380401	-66.566143	-0.148928	-119.102715	-0.077895	-120.147595	0.220626
4500.000004	-122.031964	-0.473072	-67.745621	0.089128	-124.818815	0.172067	-122.935680	-0.222958
4550.000004	-116.900622	0.156975	-73.376703	0.050142	-130.803457	-0.137850	-133.301570	0.128396
4600.000004	-113.870818	-0.382374	-66.740351	-0.316056	-126.602000	-0.401646	-116.700837	0.496913
4650.000004	-121.183850	0.367107	-76.454465	0.341558	-119.690360	-0.345288	-124.705589	0.244330
4700.000004	-124.231059	-0.145489	-72.514790	-0.329093	-127.770585	0.451892	-125.100661	-0.148964
4750.000004	-123.165853	0.237836	-71.694161	-0.404854	-120.925144	0.080741	-126.512340	-0.060349
4800.000004	-126.504348	0.296674	-70.489552	0.065181	-128.200387	-0.137773	-127.098118	0.148411
4850.000004	-125.536085	0.039024	-74.519825	0.111632	-124.367956	0.073499	-122.361522	0.233066
4900.000004	-118.460021	0.357736	-67.275704	-0.275532	-117.551146	-0.107409	-129.773027	0.422154
4950.000004	-125.149439	-0.340315	-65.086815	-0.162992	-120.383108	0.003360	-128.232883	0.297126
5000.000004	-117.924058	-0.187524	-72.725047	-0.204643	-124.286060	0.234719	-130.812010	-0.132689
5050.000004	-120.387325	-0.119981	-69.037148	0.062573	-126.508419	-0.199320	-118.062851	-0.345569
5100.000005	-126.207494	-0.006269	-66.024465	-0.393404	-123.583890	0.114204	-126.420171	0.228011
5150.000005	-117.026351	-0.378672	-84.732912	-0.184622	-122.840354	-0.058369	-113.437883	-0.143744
5200.000005	-129.248279	-0.474426	-78.957331	0.452177	-118.732408	-0.195883	-115.232863	-0.328011
5250.000005	-127.391712	-0.215120	-69.733173	0.126475	-117.780537	0.149256	-129.762622	-0.031733
5300.000005	-117.557094	0.480023	-68.852141	-0.127218	-133.325559	-0.101707	-119.354571	-0.453056
5350.000005	-118.029232	0.444121	-87.172947	0.329807	-118.839019	-0.409747	-119.877143	-0.485738
5400.000005	-127.161772	0.116066	-67.369286	0.092218	-115.958815	0.337632	-120.716760	0.012021
5450.000005	-122.722167	-0.130630	-70.065269	-0.279801	-123.034135	-0.105725	-123.950512	0.216133
5500.000005	-123.857797	-0.322619	-74.345684	0.422153	-139.605116	-0.156253	-121.873004	-0.452266
5550.000005	-129.911668	-0.372440	-72.145559	0.379647	-132.017382	0.070717	-130.756468	-0.324793
5600.000005	-122.399988	-0.054674	-67.262247	-0.176203	-118.357671	-0.138082	-117.670322	0.282712
5650.000005	-133.175124	-0.220148	-81.154040	0.155031	-133.384601	0.308539	-123.434484	-0.170759
5700.000005	-114.574587	0.058150	-68.163220	-0.188375	-119.597955	0.056759	-132.925246	-0.274568
5750.000005	-127.886159	-0.205047	-73.420643	-0.270891	-126.753370	0.213525	-117.506071	-0.499526
5800.000005	-123.631498	0.063230	-76.394189	0.490891	-124.973722	0.302563	-121.107118	-0.096534
5850.000005	-124.617118	-0.189383	-74.584164	0.307093	-119.353500	-0.274226	-132.683782	-0.437669
5900.000005	-122.825407	0.242339	-72.932244	0.252424	-121.273426	-0.350933	-118.343048	0.338061
5950.000005	-115.817100	6.677429E-5	-67.853232	0.209809	-120.337244	0.099902	-114.120375	0.087718
6000.000005	-118.831218	0.174309	-71.289449	-0.128721	-120.227593	0.305433	-125.624193	0.333529
6050.000005	-132.294704	-0.068139	-70.522113	0.053482	-117.202331	-0.145039	-119.403310	-0.125631
6100.000005	-119.152073	0.487168	-72.873151	-0.049212	-117.985028	-0.356609	-127.368495	-0.064848
6150.000005	-141.068517	-0.472569	-78.854675	-0.454162	-121.337385	0.144252	-125.990794	0.058231
6200.000005	-127.121711	0.086257	-72.484021	-0.334521	-112.940632	-0.105705	-116.805091	-0.160641
6250.000006	-120.146867	0.325745	-79.660696	0.260223	-123.188847	0.346523	-123.395480	0.473924
6300.000006	-119.953935	0.336954	-84.171166	-0.103620	-126.590136	-0.291956	-123.854928	0.056400
6350.000006	-130.616841	-0.370063	-81.159896	0.369140	-123.498620	0.484489	-125.612796	-0.292239
6400.000006	-113.432142	0.167848	-72.804213	-0.477462	-120.424814	-0.066878	-122.589091	0.025014
6450.000006	-121.886958	-0.431682	-69.457477	-0.263473	-121.301169	0.431555	-121.491225	0.307057
6500.000006	-117.934786	0.337502	-71.528917	0.143749	-132.358065	0.306625	-115.036427	-0.438092
6550.000006	-131.373616	0.050300	-70.168967	-0.348479	-127.225651	0.039506	-117.272394	-0.224032
6600.000006	-126.066206	-0.190106	-66.538054	-0.181210	-128.231050	-0.445323	-123.459107	-0.149198
6650.000006	-118.072562	0.308975	-73.180349	0.094889	-117.338684	0.305394	-126.093726	0.241688
6700.000006	-124.069360	-0.095506	-71.144129	0.140384	-124.059513	0.236073	-119.338583	-0.349945
6750.000006	-118.140916	0.385548	-74.664872	0.069142	-127.365005	0.407108	-120.166306	0.432327
6800.000006	-121.152893	-0.365680	-74.695428	0.094139	-119.540536	-0.369707	-120.887107	-0.342117
6850.000006	-139.553616	0.214945	-69.584705	-0.408239	-127.456095	-0.020628	-118.664607	-0.052784
6900.000006	-99.219808	0.438580	-64.621238	0.104999	-123.214624	-0.175044	-119.852505	0.035980
6950.000006	-131.333933	0.149540	-72.839323	0.462536	-116.685079	-0.299853	-118.779615	0.154651
7000.000006	-126.243775	0.473593	-69.626109	0.437307	-129.384194	0.420034	-135.841789	-0.343740
7050.000006	-128.669281	-0.277536	-72.612251	-0.463322	-117.427311	0.068545	-138.498724	-0.296332
7100.000006	-134.022925	0.441327	-72.367666	-0.112188	-120.349525	-0.426202	-125.191176	-0.323022
7150.000006	-117.053440	0.012038	-79.473113	-0.157275	-121.552774	-0.272142	-120.511116	-0.023679
7200.000006	-124.951258	-0.342055	-87.198853	0.474491	-122.018856	-0.010161	-132.022259	-0.401468
7250.000006	-128.496898	-0.038122	-76.252844	-0.358593	-119.600917	0.046723	-116.348765	0.305582
7300.000006	-121.386449	-0.256327	-79.523576	-0.104666	-118.572776	-0.108195	-123.609821	-0.233548
7350.000007	-136.822120	-0.180624	-71.654621	-0.149307	-118.712172	-0.479969	-125.475026	0.341454
7400.000007	-138.869753	0.476097	-68.752252	0.366162	-116.679641	0.137359	-124.392326	0.401473
7450.000007	-126.223621	0.065945	-81.608375	-0.101111	-123.754706	-0.129692	-121.610929	-0.104166
7500.000007	-149.817261	-0.264587	-68.367020	0.471335	-118.443344	0.265147	-122.101772	0.099416
7550.000007	-121.049228	-0.386309	-81.292783	0.347783	-126.267935	-0.096392	-121.885123	-0.387868
7600.000007	-134.014120	0.389533	-71.944763	-0.349369	-121.238529	-0.452943	-115.388004	-0.118772
7650.000007	-115.718096	0.082377	-80.187043	-0.162211	-129.973979	0.048200	-118.658480	0.198675
7700.000007	-126.087124	0.318621	-75.401162	0.480163	-130.559190	0.176815	-121.596497	0.243120
7750.000007	-113.921444	-0.243704	-86.333874	-0.367953	-123.056528	-0.147002	-123.820633	-0.227758
7800.000007	-119.111862	-0.017294	-73.828742	0.160672	-120.619609	-0.482299	-116.431533	0.242174
7850.000007	-122.633282	0.323362	-79.784175	0.108411	-125.421130	0.327615	-125.311063	0.048334
7900.000007	-130.365650	-0.149607	-77.707744	0.448966	-117.655602	-0.463050	-125.689743	-0.199488
7950.000007	-119.289042	0.282183	-68.622707	0.320292	-119.838479	0.247347	-121.187112	-0.351125
8000.000007	-112.966228	0.274708	-71.803166	-0.001461	-113.019874	0.254368	-112.541543	0.266966
8050.000007	-125.608563	-0.393726	-71.018345	0.198942	-127.889155	0.264253	-121.539368	0.148956
8100.000007	-122.455790	0.480831	-66.689417	-0.015199	-121.336196	0.353963	-123.302547	0.384674
8150.000007	-116.952214	-0.012120	-84.665022	0.220807	-122.144611	-0.342978	-116.513324	-0.173829
8200.000007	-129.858415	-0.345298	-74.905329	-0.041887	-117.394763	0.000139	-120.269080	-0.196223
8250.000007	-125.449312	0.044650	-74.959058	-0.407877	-115.639251	-0.174717	-119.674095	-0.137370
8300.000007	-124.052704	0.402188	-72.203744	0.123126	-124.259176	0.415341	-119.864430	-0.196606
8350.000007	-129.058970	0.264381	-83.860057	0.075455	-125.372126	0.430822	-122.534935	0.031642
8400.000007	-119.438137	-0.270314	-70.055522	-0.445704	-124.875043	-0.482597	-123.638554	0.139337
8450.000007	-116.106442	0.131114	-81.907520	-0.268452	-128.193978	-0.049718	-120.784201	0.019642
8500.000008	-123.184007	0.351607	-79.083707	-0.156881	-121.824164	0.488265	-118.503807	0.480842
8550.000008	-132.663235	0.179364	-87.636281	0.017073	-115.563273	0.153718	-126.591271	-0.374376
8600.000008	-120.712536	-0.038380	-79.328972	-0.209847	-129.008138	0.229220	-135.395676	-0.165204
8650.000008	-120.236861	0.008724	-71.783104	-0.051560	-119.511576	0.002873	-133.042291	0.142867
8700.000008	-123.538504	0.392621	-87.924713	0.222212	-128.568953	-0.282536	-124.205981	0.496352
8750.000008	-125.203300	0.207068	-72.555934	0.185021	-119.699315	-0.043202	-123.986319	0.062569
8800.000008	-123.627506	0.162157	-76.503538	-0.468228	-119.537756	-0.237239	-121.021325	-0.071993
8850.000008	-123.455827	-0.476211	-80.584393	-0.173517	-120.679991	0.455177	-123.827346	0.420634
8900.000008	-122.317999	-0.125637	-65.971206	-0.011987	-124.828986	-0.027575	-115.697324	-0.185030
8950.000008	-129.144473	-0.240730	-70.058741	-0.174502	-134.522940	0.042629	-127.720224	0.167495
9000.000008	-112.998968	0.059093	-69.504879	-0.073692	-116.068558	0.119375	-119.941203	-0.066677
9050.000008	-125.977188	-0.456009	-74.139572	0.152998	-118.713176	-0.399172	-127.776523	-0.056611
9100.000008	-120.380892	0.265150	-70.019622	-0.187340	-114.575033	0.356847	-125.341672	-0.499836
9150.000008	-124.992884	0.407180	-76.769485	-0.476150	-125.665105	0.268615	-127.843703	0.347367
9200.000008	-101.905092	-0.324073	-75.030210	-0.047601	-120.242632	-0.293903	-124.716142	-0.379221
9250.000008	-122.277960	-0.172158	-72.247063	-0.343517	-135.613899	0.188446	-119.122968	-0.304017
9300.000008	-132.275381	0.386298	-70.493749	-0.001069	-140.709748	-0.032668	-118.238072	0.366454
9350.000008	-119.984023	-0.231247	-77.658067	0.290384	-120.294620	0.066944	-124.029717	0.098514
9400.000008	-128.363413	0.267138	-74.308946	0.383305	-124.079290	-0.059430	-123.858075	-0.040209
9450.000008	-118.069946	-0.034194	-74.629103	0.405064	-119.388566	-0.177297	-120.218237	0.185041
9500.000008	-120.665191	0.071544	-74.391560	-0.131749	-121.108742	0.173573	-129.224556	-0.300202
9550.000008	-124.238025	-0.243236	-79.360379	0.091815	-130.183303	0.139870	-118.608459	0.179094
9600.000009	-133.787722	-0.368111	-76.088918	0.422592	-129.461526	0.082803	-118.079105	0.470813
9650.000009	-124.267841	-0.382584	-70.382058	0.073304	-123.459248	0.398355	-125.228634	0.438757
9700.000009	-123.170102	-0.275086	-75.609853	0.249749	-117.118597	-0.352770	-125.821918	-0.389713
9750.000009	-121.211500	-0.402696	-75.221402	0.014570	-119.849930	-0.428457	-118.528406	-0.346619
9800.000009	-127.267974	0.160068	-72.533299	-0.182340	-118.225514	-0.409836	-123.599073	-0.451590
9850.000009	-122.532834	-0.006401	-73.229703	-0.067027	-122.860790	0.200637	-128.054872	0.266954
9900.000009	-130.662203	-0.435578	-76.458110	-0.479750	-118.630816	0.081134	-117.331922	0.271199
9950.000009	-123.518673	-0.189349	-81.051395	-0.082245	-120.887316	0.242430	-130.213855	0.022108
10000.000009	-124.611761	-0.402581	-74.868818	0.461111	-118.372170	-0.459336	-116.813239	-0.248903
10050.000009	-126.126946	0.351540	-78.676539	-0.256814	-131.374452	-0.413905	-120.544068	0.420167
10100.000009	-120.495983	0.103585	-87.355403	-0.193411	-118.619001	0.013810	-118.168461	0.220835
10150.000009	-120.640435	-0.197691	-77.892149	0.277236	-127.313546	-0.409209	-131.521512	0.139917
10200.000009	-122.007384	0.433411	-76.600184	-0.332813	-121.076832	0.389551	-128.213578	0.276007
10250.000009	-116.387815	-0.381308	-77.119028	0.020549	-116.433581	-0.268977	-124.233795	-0.032087
10300.000009	-116.049051	0.439852	-85.626926	-0.256064	-121.696352	-0.380536	-120.006542	0.476014
10350.000009	-122.893381	-0.485599	-68.989273	-0.004164	-125.087067	0.235768	-133.597304	-0.311128
10400.000009	-123.549333	-0.272995	-82.754335	0.472065	-120.038241	-0.463141	-123.900537	-0.392908
10450.000009	-126.888080	0.103653	-91.299742	0.405603	-126.248132	0.492098	-124.174514	0.473759
10500.000009	-119.833979	-0.478580	-78.084256	0.002663	-124.070075	0.262241	-137.074287	-0.047176
10550.000009	-124.122974	0.060579	-78.628672	-0.400384	-132.956612	-0.005763	-126.060988	0.463990
10600.000009	-121.347197	-0.148716	-78.210131	-0.032432	-125.886879	0.308549	-121.692546	-0.394660
10650.000009	-131.568260	0.249958	-73.527148	0.158552	-120.173611	0.190748	-126.922742	0.169644
10700.000009	-129.510962	0.009616	-75.347141	0.438207	-123.251482	-0.446455	-127.764943	-0.150800
10750.000010	-128.402581	-0.201217	-74.226140	0.203579	-126.347201	0.024421	-136.627096	-0.415842
10800.000010	-131.194446	-0.257814	-83.544400	0.071057	-118.455704	-0.059937	-118.736611	-0.186110
10850.000010	-121.021850	-0.130361	-75.060887	-0.029484	-126.614496	-0.399430	-130.163644	-0.400398
10900.000010	-122.638920	0.353216	-75.361514	-0.493278	-126.883830	0.287795	-119.021779	0.140592
10950.000010	-124.099455	0.002388	-77.795537	-0.025223	-128.681948	-0.118570	-120.668469	-0.233508
11000.000010	-121.444680	0.209079	-73.961667	0.153163	-128.281455	0.383804	-118.005852	-0.099093
11050.000010	-120.485420	-0.152863	-79.730685	0.392818	-128.553131	0.359126	-134.269321	-0.452791
11100.000010	-125.563900	0.043123	-80.573608	0.068081	-127.692529	0.142082	-130.478302	-0.004140
11150.000010	-123.116203	0.397536	-92.297907	0.294504	-151.151054	0.443092	-149.678130	0.442874
11200.000010	-118.111594	-0.031056	-76.880911	0.161321	-117.847465	0.256335	-123.704551	-0.460733
11250.000010	-121.959007	-0.445047	-76.933772	0.123523	-128.106495	-0.383413	-112.633011	-0.427131
11300.000010	-115.107111	0.222006	-71.546957	-0.155702	-121.186620	0.173160	-130.021400	-0.123241
11350.000010	-119.465166	0.452494	-74.701024	0.460219	-118.606279	0.435372	-132.158727	0.291971
11400.000010	-114.210482	0.034711	-72.222960	-0.360770	-124.984991	0.130484	-118.449290	0.093300
11450.000010	-130.288123	0.446198	-80.791428	-0.392686	-121.048336	0.072227	-123.955641	0.498699
11500.000010	-104.533741	0.448627	-69.385239	0.222243	-132.732518	-0.011481	-128.502121	0.059483
11550.000010	-124.122044	0.172133	-73.916947	0.054185	-123.868955	-0.266245	-129.685796	-0.127538
11600.000010	-120.096155	-0.208716	-77.204910	0.235990	-118.060582	-0.218925	-126.498202	-0.202641
11650.000010	-132.908102	-0.288660	-92.575375	0.116750	-120.921193	0.053870	-119.000405	-0.052022
11700.000010	-128.517028	0.066019	-75.214279	-0.029061	-120.343055	-0.369025	-123.150254	-0.339471
11750.000010	-129.005672	-0.140426	-84.765519	0.285976	-119.923516	0.309620	-120.221180	-0.419220
11800.000010	-117.259924	-0.393980	-76.904647	0.334563	-128.649578	0.037732	-122.491124	0.417298
11850.000010	-124.834992	0.206761	-73.512312	-0.059972	-130.526219	0.168905	-132.749620	-0.403803
11900.000011	-130.395273	0.465056	-82.736518	0.441779	-117.682873	0.016648	-123.823405	0.190423
11950.000011	-130.372884	-0.348815	-72.897238	0.473827	-122.761324	-0.080817	-120.535979	0.084583
12000.000011	-121.956357	-0.492207	-79.273048	-0.428908	-132.584583	-0.147830	-121.382224	-0.345255
12050.000011	-122.914106	-0.274465	-88.745209	0.316194	-123.359322	-0.275695	-117.529651	-0.368316
12100.000011	-140.025682	0.019036	-76.523704	-0.252690	-126.157306	0.493333	-120.905163	0.454161
12150.000011	-121.403681	0.254584	-81.525599	-0.194155	-119.299119	0.257690	-119.935878	0.262952
12200.000011	-118.503987	0.242572	-75.179835	0.324207	-126.149255	0.160961	-130.928108	-0.392092
12250.000011	-126.043552	0.306228	-86.422639	0.048452	-126.153979	-0.026611	-130.340974	0.252584
12300.000011	-119.785611	-0.225717	-89.822018	-0.447630	-117.062061	-0.360785	-127.650818	-0.491719
12350.000011	-121.869250	0.050507	-77.965646	-0.433533	-130.742122	0.277907	-128.777717	-0.360263
12400.000011	-125.633862	0.059829	-89.926844	0.212313	-125.843142	-0.400363	-125.909843	0.207568
12450.000011	-123.207672	0.488305	-80.116806	-0.283867	-125.365948	-0.354749	-118.106508	-0.236676
12500.000011	-132.121080	0.298446	-76.179016	-0.471409	-125.446111	0.021557	-125.661172	0.160049
12550.000011	-125.713290	0.220045	-73.825588	0.355650	-116.631606	0.039878	-122.929861	0.168423
12600.000011	-123.107006	-0.204320	-74.646441	0.432388	-134.996927	0.441756	-117.735683	-0.316399
12650.000011	-121.324906	-0.376190	-69.515657	0.200474	-120.693450	-0.176202	-118.281772	0.483898
12700.000011	-118.796288	-0.268450	-79.110832	-0.372581	-119.624267	-0.413118	-118.434048	-0.466629
12750.000011	-127.606223	0.437327	-77.766503	-0.478546	-118.602907	-0.217788	-119.677936	-0.405858
12800.000011	-113.551535	0.309240	-78.069080	-0.067220	-121.472986	0.284174	-119.966760	0.438712
12850.000011	-125.652613	-0.045069	-79.525992	0.431955	-120.154725	-0.476421	-122.362992	-0.073342
12900.000011	-123.031766	0.163641	-98.426167	-0.199028	-124.256727	0.381987	-127.292540	-0.367714
12950.000011	-121.743631	0.093939	-72.458234	0.238395	-122.609415	0.319063	-126.884942	-0.005340
13000.000012	-124.019794	-0.221031	-80.605861	-0.324008	-124.970284	-0.394569	-119.421254	-0.240934
13050.000012	-126.905947	0.006416	-81.236590	0.186531	-119.367175	0.092420	-115.292485	0.000781
13100.000012	-123.346586	-0.064403	-70.133602	0.185824	-117.371854	-0.155482	-116.000737	0.151351
13150.000012	-121.761463	0.367410	-76.258252	0.179294	-114.487117	0.137990	-119.684654	0.223153
13200.000012	-124.162164	-0.423331	-81.167546	-0.064406	-115.128011	-0.316436	-129.337171	-0.174472
13250.000012	-123.224491	-0.255102	-78.252620	0.017637	-128.154650	-0.485200	-122.517751	0.051691
13300.000012	-117.114098	0.132667	-83.211503	-0.423541	-125.965963	0.093077	-119.356964	-0.062907
13350.000012	-124.286172	0.280022	-88.867384	0.320620	-119.433097	-0.047559	-125.111680	0.491758
13400.000012	-126.038019	-0.018092	-71.096959	0.346736	-124.285001	0.010375	-122.708274	0.217979
13450.000012	-120.925448	-0.317244	-77.130057	0.129183	-117.884630	-0.423372	-127.083632	-0.285428
13500.000012	-127.495965	-0.478316	-76.104830	-0.463482	-120.953603	-0.163147	-119.168212	0.176041
13550.000012	-117.146513	-0.138285	-76.038195	-0.331434	-122.852345	-0.074640	-117.432853	-0.097617
13600.000012	-130.794936	0.074428	-77.733939	-0.380902	-120.726575	-0.185852	-116.481054	-0.462212
13650.000012	-119.840167	0.021476	-84.364238	0.475628	-117.691146	-0.183513	-118.301832	-0.093230
13700.000012	-116.190013	-0.207043	-76.896354	-0.471953	-121.738348	-0.131206	-118.136891	-0.183547
13750.000012	-114.583433	0.293612	-77.082840	0.131499	-122.247792	0.027640	-137.602095	-0.334117
13800.000012	-102.361441	-0.236926	-85.387276	-0.088430	-130.831290	0.310061	-121.050829	0.258903
13850.000012	-127.567533	-0.406994	-78.573877	0.258949	-120.821669	0.173702	-119.939229	-0.475817
13900.000012	-121.055192	0.207304	-78.553947	0.164851	-121.508465	0.292665	-126.961773	0.145793
13950.000012	-137.338483	0.234962	-81.300802	0.252954	-119.115740	0.139030	-117.255360	0.259568
14000.000012	-121.422278	-0.229362	-80.573915	0.487025	-124.311102	-0.060017	-126.752475	-0.307874
14050.000012	-120.614459	-0.288252	-92.806526	-0.217235	-114.843090	0.166678	-125.739347	0.259912
14100.000012	-127.442348	0.072951	-72.812787	0.485930	-122.211096	0.091607	-125.009714	0.045765
14150.000013	-127.134532	0.106310	-75.781701	0.138048	-120.888030	0.270590	-122.695715	0.218228
14200.000013	-118.853619	-0.157754	-84.570042	-0.135627	-116.117858	-0.077820	-121.224824	-0.033934
14250.000013	-117.946188	0.096133	-81.768101	0.011543	-122.222749	0.122341	-124.040532	0.384409
14300.000013	-123.074258	-0.372852	-79.939568	-0.431837	-118.629594	-0.277365	-123.540902	-0.388039
14350.000013	-133.250340	0.129183	-78.383567	-0.294675	-125.002866	-0.345291	-122.974181	0.242205
14400.000013	-124.114734	0.156019	-81.285000	0.310081	-122.934564	0.385822	-118.629890	0.112804
14450.000013	-117.664231	-0.118198	-82.157378	0.479703	-121.348490	-0.182149	-124.009793	0.007535
14500.000013	-126.372841	0.418649	-75.718082	-0.473184	-120.417182	-0.057004	-122.310505	0.187748
14550.000013	-118.010545	0.089698	-77.184081	-0.411884	-133.683900	-0.271891	-126.295303	0.430117
14600.000013	-120.854727	0.464007	-77.410946	0.192269	-122.784356	0.480443	-117.761464	0.458783
14650.000013	-128.139311	0.018775	-84.183143	0.081956	-116.884939	0.092186	-126.038735	-0.365433
14700.000013	-122.535120	-0.175585	-82.504444	0.433171	-123.484303	-0.048921	-122.600744	-0.190445
14750.000013	-121.779893	-0.070522	-77.709323	-0.038062	-135.178878	0.152745	-118.290401	0.005236
14800.000013	-122.758744	0.147005	-72.586478	-0.310219	-123.160645	-0.102420	-124.608787	0.382551
14850.000013	-122.103548	-0.360456	-85.875994	0.273030	-127.357507	-0.384324	-122.159843	0.464771
14900.000013	-115.687970	0.067346	-77.700051	-0.030141	-113.686136	0.128752	-127.675551	0.212294
14950.000013	-129.072557	0.012337	-88.641266	-0.370957	-125.154538	-0.000607	-121.016785	-0.165246
15000.000013	-133.756152	0.308934	-86.067786	-0.325559	-123.235278	-0.209866	-120.125327	0.026683
15050.000013	-118.587027	0.393388	-76.487499	-0.082294	-134.490519	-0.034536	-118.467097	-0.419870
15100.000013	-115.951642	0.352183	-76.590133	0.242347	-113.233876	0.454200	-128.260734	-0.345865
15150.000013	-118.092514	0.431014	-81.928761	0.154126	-119.255694	-0.418889	-117.938467	0.413455
15200.000013	-135.635607	0.384962	-75.394444	0.235998	-128.424936	-0.222649	-119.842311	0.223872
15250.000014	-133.939361	-0.496437	-82.939849	0.484593	-136.534612	0.419501	-123.076226	0.063089
15300.000014	-129.103467	0.395856	-78.814264	-0.241805	-117.870258	0.333357	-132.879598	-0.165585
15350.000014	-122.902066	-0.142540	-77.146467	-0.161637	-124.352901	-0.199036	-122.962017	-0.312540
15400.000014	-115.744851	-0.399201	-76.520927	0.299189	-122.202990	0.401811	-121.102986	-0.108479
15450.000014	-126.621659	0.301886	-82.398052	0.486205	-122.359822	0.469223	-118.373636	0.009015
15500.000014	-127.762953	-0.470647	-80.610992	-0.384347	-122.984691	-0.003884	-131.731081	-0.459746
15550.000014	-119.774563	0.412519	-77.083690	0.280315	-120.522456	0.028422	-126.444933	-0.061051
15600.000014	-138.761170	0.246835	-82.645651	-0.323532	-127.099023	-0.190199	-126.593965	0.345211
15650.000014	-127.480887	0.303942	-101.159143	0.367286	-120.901328	0.471040	-134.916986	0.362902
15700.000014	-130.297156	0.214428	-77.012172	0.081679	-131.643494	0.138288	-123.611520	0.039292
15750.000014	-123.555778	0.105091	-91.378059	0.435373	-122.590483	-0.246539	-128.522430	-0.235711
15800.000014	-128.238398	0.125614	-82.817619	-0.088756	-122.378097	-0.173438	-120.566448	0.190679
15850.000014	-119.903574	-0.210161	-82.417272	-0.048030	-125.323736	-0.276942	-118.508079	-0.341208
15900.000014	-121.414756	0.284020	-85.469423	-0.069314	-118.188050	0.440084	-119.520339	0.452592
15950.000014	-119.901635	0.066698	-82.776783	0.223046	-124.743300	0.421782	-136.163415	0.144061
16000.000014	-125.701707	-0.178359	-72.128677	-0.145546	-115.778789	-0.338220	-119.359435	-0.136496
16050.000014	-126.264373	-0.123279	-79.210755	0.232755	-122.505373	-0.215074	-120.172700	0.060858
16100.000014	-107.362418	-0.470010	-93.489400	-0.391232	-121.897100	0.087578	-128.568870	-0.436132
16150.000014	-128.298882	-0.282149	-89.984027	-0.479235	-127.936147	0.431859	-121.145576	0.404595
16200.000014	-124.132177	0.491163	-70.261857	0.263986	-146.498406	0.001458	-118.315507	0.484515
16250.000014	-119.657693	-0.017252	-83.886994	0.165160	-121.480867	-0.124345	-123.330246	0.032424
16300.000014	-119.653242	0.352957	-79.347656	0.066275	-130.120882	-0.378668	-124.306796	0.262067
16350.000014	-135.392195	0.484515	-79.315104	-0.191028	-121.338464	-0.108202	-116.737776	-0.356988
16400.000015	-139.523547	-0.317056	-86.174672	-0.153821	-126.089588	-0.318077	-127.651455	0.132798
16450.000015	-118.988048	-0.085305	-79.908013	-0.007268	-118.823598	-0.054449	-128.901710	0.032805
16500.000015	-120.361695	0.493229	-79.660457	-0.385560	-117.733934	0.422313	-125.561311	0.224790
16550.000015	-128.316510	0.341845	-87.387082	0.357226	-117.508086	-0.075786	-121.157743	-0.158139
16600.000015	-120.149550	0.488177	-77.295162	-0.387422	-116.258638	0.384662	-123.429457	-0.229525
16650.000015	-124.892809	0.438941	-84.386053	-0.437170	-119.006803	-0.281375	-116.281557	-0.448578
16700.000015	-124.618536	0.358476	-79.287766	0.273365	-128.071035	0.424164	-122.320936	0.192907
16750.000015	-125.505430	-0.315566	-83.191421	-0.433369	-122.955112	-0.121170	-123.905821	0.223494
16800.000015	-127.956097	0.327634	-77.335920	-0.010393	-117.709876	0.493906	-120.604077	-0.483198
16850.000015	-128.222193	0.319317	-75.652388	-0.223038	-119.556012	0.406938	-118.752140	-0.235879
16900.000015	-124.808396	0.354620	-82.455213	-0.415695	-117.571366	-0.327115	-117.596213	0.372342
16950.000015	-127.094077	-0.265029	-81.515908	0.021796	-129.721960	-0.164844	-116.133708	0.238603
17000.000015	-122.001876	-0.005274	-77.850816	-0.028915	-126.352602	-0.085094	-130.844876	-0.186087
17050.000015	-120.760320	-0.490933	-78.932137	-0.043584	-118.768281	0.388928	-123.805069	-0.076401
17100.000015	-156.323669	-0.045036	-79.588046	0.208156	-119.050642	-0.205294	-118.104486	-0.178082
17150.000015	-125.282830	-0.144460	-80.693249	-0.240515	-122.439733	0.230255	-123.757173	0.178692
17200.000015	-119.560465	0.451599	-80.920552	-0.417120	-124.869797	0.193396	-130.834783	0.072949
17250.000015	-129.509581	0.164699	-75.562720	0.378439	-122.846403	0.219191	-122.240479	-0.133044
17300.000015	-121.504329	-0.445795	-75.024205	-0.439456	-121.268656	0.259350	-119.876868	0.336953
17350.000015	-128.146995	0.167124	-84.195915	0.452189	-126.603928	0.425691	-132.459550	-0.246411
17400.000015	-117.337280	0.293407	-89.787829	-0.285058	-119.101639	0.193730	-128.271614	-0.042276
17450.000015	-125.868244	0.326746	-84.313591	-0.328047	-120.598551	0.334851	-134.073965	-0.128970
17500.000016	-123.219034	0.131486	-82.739186	-0.376688	-117.644517	-0.001727	-125.957693	0.439881
17550.000016	-123.492333	0.472762	-88.961444	-0.392611	-128.563126	-0.080529	-121.408299	-0.163865
17600.000016	-120.836296	-0.146457	-80.435345	-0.432375	-123.815221	-0.123143	-118.215735	0.169019
17650.000016	-126.447758	-0.471394	-76.909164	-0.411696	-119.024616	0.244673	-123.946360	0.437293
17700.000016	-121.775886	-0.327204	-89.339463	0.335758	-123.967658	-0.328683	-134.643261	-0.076273
17750.000016	-121.007519	0.398279	-75.703064	0.436942	-120.550691	-0.305463	-117.466356	-0.218559
17800.000016	-117.029913	0.139132	-81.131505	0.271070	-128.495696	-0.318468	-119.532899	-0.326887
17850.000016	-120.096290	-0.402012	-96.107198	0.060839	-120.026698	0.365259	-119.472149	0.281623
17900.000016	-123.336118	0.452192	-81.986927	-0.232260	-123.367856	0.169464	-120.654626	0.371470
17950.000016	-122.402038	0.268906	-79.934939	-0.001574	-123.649330	0.234226	-131.878940	0.267220
18000.000016	-115.913248	-0.253030	-82.916768	0.230429	-128.904151	0.150189	-122.143784	-0.408526
18050.000016	-128.429662	0.239368	-75.263067	-0.018674	-119.906372	0.355500	-120.792160	0.297723
18100.000016	-119.413687	0.386882	-83.674375	0.487688	-131.023983	-0.338247	-123.172908	-0.344880
18150.000016	-125.895842	0.019468	-76.214465	0.456265	-119.443242	-0.074521	-125.006648	0.035505
18200.000016	-123.468547	0.261185	-80.521604	0.485445	-127.262458	-0.047078	-117.868947	0.022744
18250.000016	-126.109905	0.487116	-79.651350	-0.367830	-120.531483	-0.453910	-126.785702	0.460809
18300.000016	-117.988452	0.404539	-76.007078	-0.055311	-121.975880	-0.439977	-115.541112	0.414099
18350.000016	-123.009351	-0.332739	-82.732118	-0.004455	-121.379136	0.333345	-122.255125	0.412112
18400.000016	-114.736570	-0.118239	-89.527609	-0.178816	-126.440338	-0.082898	-127.234174	-0.085336
18450.000016	-128.693268	-0.232167	-92.277262	0.033039	-120.807527	-0.390864	-123.403822	-0.402319
18500.000016	-123.726560	-0.058529	-93.372063	0.495235	-118.250895	-0.322126	-121.321395	-0.194390
18550.000016	-124.053816	0.490150	-79.558159	0.012760	-132.493248	-0.303648	-130.598731	0.050964
18600.000016	-119.466623	-0.197620	-80.784698	0.208755	-125.952005	-0.020136	-121.418664	0.349767
18650.000017	-128.505332	0.472478	-80.923676	0.353057	-134.472689	0.074608	-120.656819	0.399401
18700.000017	-119.253113	-0.095612	-77.486404	0.318664	-133.565745	0.057544	-127.509302	0.039035
18750.000017	-118.093960	-0.356647	-76.578732	-0.077557	-128.456254	0.049329	-118.845020	0.420414
18800.000017	-132.311387	-0.197442	-92.410147	-0.392395	-125.263974	-0.384879	-122.362850	-0.355772
18850.000017	-122.921660	0.053413	-72.069389	0.187825	-130.502204	0.420119	-126.388977	-0.241420
18900.000017	-124.882457	0.358313	-86.240848	-0.071923	-127.529292	-0.016236	-124.556168	0.224085
18950.000017	-118.555357	0.258246	-78.809053	-0.278683	-126.610996	-0.348630	-121.677286	-0.404324
19000.000017	-119.972522	0.477828	-82.796757	-0.140768	-130.865339	-0.435619	-125.145282	-0.059399
19050.000017	-121.737540	-0.473365	-84.453555	0.479326	-117.607639	0.309178	-130.303873	0.239126
19100.000017	-122.521547	0.152021	-80.154962	-0.191796	-116.712598	-0.235335	-128.101965	-0.436218
19150.000017	-121.001024	0.361051	-86.658019	-0.246529	-118.429972	-0.307339	-127.496676	0.319484
19200.000017	-119.809145	0.094453	-82.950630	0.084690	-125.049798	0.153865	-122.250329	0.081768
19250.000017	-133.725063	-0.440623	-81.355994	-0.452371	-140.984674	0.010024	-127.964428	-0.325294
19300.000017	-128.896188	0.300772	-80.427137	-0.179959	-126.706433	-0.340768	-118.965767	0.070494
19350.000017	-124.616061	-0.162494	-80.754264	0.093392	-139.915029	-0.024685	-119.753345	-0.122873
19400.000017	-120.028406	0.378291	-77.366527	-0.009531	-121.487762	-0.125784	-128.057558	0.079003
19450.000017	-117.202558	0.329919	-90.651970	-0.418997	-124.478983	0.189385	-119.304715	-0.087890
19500.000017	-122.377694	-0.262656	-106.065791	-0.401674	-123.524790	0.475059	-125.625370	-0.044992
19550.000017	-125.833302	0.291831	-76.476190	0.185050	-124.364590	-0.462281	-120.318013	-0.346352
19600.000017	-120.902566	-0.082356	-83.257502	0.161157	-119.204892	0.365168	-125.396742	-0.485476
19650.000017	-119.774952	0.363953	-87.664201	-0.264455	-119.872396	-0.218356	-120.088948	0.286677
19700.000017	-120.751450	-0.214808	-87.244990	0.342695	-122.863546	0.409367	-136.617008	-0.246654
19750.000017	-130.288746	-0.264745	-91.207050	-0.395281	-119.858729	0.475345	-125.494448	-0.232635
19800.000018	-115.709634	0.442279	-81.792258	-0.289539	-125.796162	-0.468132	-120.770889	0.429161
19850.000018	-126.836696	0.075754	-77.094043	0.031536	-129.287335	-0.282658	-118.553079	0.062646
19900.000018	-126.604573	-0.322308	-82.698408	0.244558	-121.080737	0.288789	-123.762396	-0.036840
19950.000018	-117.095642	-0.276792	-85.534750	0.133811	-117.849158	0.492122	-120.997802	-0.283201
20000.000018	-124.320464	0.320013	-78.162748	0.322966	-119.230688	-0.338422	-127.927451	-0.210305
