% f559.txt
% Date Thu, Jul 15, 2021 4:53 PM
% Sine seq
% Response spectrum
% Stim level (V pk) 0.100, 0 dB filter gain, 120.0 dB attenuation
% Stim RMS (V) 0.000
% Freq [Hz]	Ch0 Mag [dB]	Ch0 Phase [cyc]	Ch1 Mag [dB]	Ch1 Phase [cyc]	Ch2 Mag [dB]	Ch2 Phase [cyc]	Ch3 Mag [dB]	Ch3 Phase [cyc]
%%end
50.000000	-122.870977	0.264975	-59.837838	0.098386	-103.439154	-0.495809	-121.120740	0.396986
100.000000	-109.857307	-0.052914	-61.379251	0.216406	-107.190111	0.370264	-110.817363	-0.089114
150.000000	-117.029441	-0.142998	-57.623604	0.075932	-108.812058	0.345889	-119.563708	0.462091
200.000000	-114.865786	-0.357172	-57.453582	0.090840	-103.663532	0.349127	-121.980836	-0.422165
250.000000	-122.164338	-0.130022	-53.078012	-0.136084	-106.318613	0.412986	-115.371390	0.221895
300.000000	-96.557061	0.167949	-63.548468	-0.104012	-112.392886	0.308738	-110.387545	-0.416033
350.000000	-129.245041	0.390796	-65.489549	0.124779	-109.654575	-0.033568	-130.266782	-0.381691
400.000000	-122.653336	0.410588	-56.370340	0.339193	-111.117599	0.364377	-123.090556	0.371711
450.000000	-122.780674	-0.094929	-53.606846	0.462276	-109.017995	0.008764	-113.629020	-0.335832
500.000000	-114.490275	-0.300058	-48.237591	0.060219	-105.309280	0.418823	-122.428281	-0.252457
550.000000	-118.141587	-0.017561	-59.696046	-0.177664	-113.564070	-0.225544	-129.260080	-0.146140
600.000001	-130.770462	0.235724	-69.038362	0.182865	-114.533592	0.091617	-118.789231	0.369859
650.000001	-129.307129	0.463152	-66.985141	-0.360372	-122.854904	-0.403443	-127.034503	0.127602
700.000001	-119.497795	-0.475889	-62.481303	0.303015	-120.780838	-0.350153	-125.386870	0.292945
750.000001	-111.555340	0.205707	-62.293411	-0.052088	-113.499713	-0.237324	-123.156773	0.128669
800.000001	-119.747597	-0.485085	-68.834507	0.200957	-111.281344	0.147418	-122.578633	-0.151167
850.000001	-121.969885	-0.494708	-64.940940	-0.271333	-117.563935	-0.239341	-142.263081	0.331531
900.000001	-113.798824	0.315067	-61.486000	0.205057	-113.637512	-0.371645	-129.207165	-0.454694
950.000001	-121.974576	0.037371	-62.295015	0.000761	-115.091436	-0.328513	-127.878960	0.246339
1000.000001	-123.049052	0.451763	-60.296178	-0.284777	-122.119205	-0.384873	-116.615574	0.389863
1050.000001	-126.788026	0.232941	-65.808881	0.019632	-121.506756	0.199256	-129.800612	0.001684
1100.000001	-118.553538	0.090740	-55.895238	-0.098362	-114.103184	0.339434	-121.273192	0.479413
1150.000001	-137.189381	-0.373212	-57.923123	-0.201497	-114.973674	-0.163642	-128.166822	0.021684
1200.000001	-121.860656	-0.306936	-66.318285	-0.314716	-114.213911	0.100588	-121.920260	0.459755
1250.000001	-125.580366	-0.052292	-64.776461	-0.241715	-114.619723	-0.281577	-132.748177	-0.357017
1300.000001	-123.647790	-0.420301	-60.838757	0.055256	-119.244443	0.395523	-130.809715	0.418914
1350.000001	-123.727271	0.411626	-71.973185	0.114575	-121.175008	-0.427022	-120.524296	0.258789
1400.000001	-128.132436	0.366668	-60.745083	-0.106105	-119.891804	-0.027141	-116.557461	-0.093768
1450.000001	-122.778809	-0.322093	-59.421307	-0.429288	-121.516598	0.470693	-122.759101	-0.088831
1500.000001	-128.293214	-0.336282	-62.047696	-0.173554	-117.145076	0.017975	-121.487739	0.051253
1550.000001	-121.324069	0.003541	-63.523534	0.337777	-115.965737	-0.335378	-116.578406	0.252493
1600.000001	-124.313918	-0.479343	-59.961595	-0.261244	-119.033010	0.205494	-117.199907	-0.472252
1650.000001	-117.800008	-0.132061	-61.251523	0.283204	-123.044759	-0.320077	-121.850266	0.361581
1700.000002	-117.880880	-0.261180	-65.906487	-0.126068	-113.430030	0.296080	-127.525990	0.095972
1750.000002	-119.447425	0.389720	-69.157512	-0.441570	-129.022000	0.489950	-119.059408	-0.367728
1800.000002	-123.023252	-0.069840	-63.664271	0.472338	-125.584661	0.353598	-124.196474	-0.392333
1850.000002	-120.363739	-0.273610	-63.982593	0.315795	-122.750639	0.417985	-120.516712	0.494556
1900.000002	-125.373653	0.119402	-63.960433	-0.411296	-122.954740	-0.151893	-125.591467	0.080423
1950.000002	-119.839394	-0.342119	-69.964918	-0.482816	-116.538918	0.486372	-123.297381	-0.239990
2000.000002	-119.900282	0.002732	-64.004363	0.201936	-121.744266	-0.091046	-131.093823	0.088244
2050.000002	-112.742853	-0.136227	-67.658759	0.243508	-116.527683	0.271274	-119.292133	-0.222610
2100.000002	-121.509747	-0.443116	-63.399270	-0.182020	-116.097425	-0.389520	-128.373911	0.363782
2150.000002	-121.707445	-0.207443	-71.562131	0.113765	-117.074554	0.453223	-123.924651	0.370246
2200.000002	-120.724163	-0.412515	-66.796522	0.102476	-115.174134	-0.190425	-118.852545	0.303579
2250.000002	-136.023566	0.382900	-61.583986	-0.095673	-116.040112	-0.164494	-124.298396	-0.485995
2300.000002	-116.051171	0.077168	-61.281989	-0.428498	-128.788145	0.156838	-120.947416	0.215875
2350.000002	-127.200142	-0.278883	-63.764397	0.364011	-120.714486	0.338503	-114.425589	0.473269
2400.000002	-116.009869	0.265318	-76.198987	-0.020046	-112.442674	0.104351	-121.491210	0.100629
2450.000002	-119.703028	0.050330	-66.793788	-0.135440	-113.643271	0.170120	-128.999030	-0.299170
2500.000002	-117.582911	-0.339320	-62.033170	0.091546	-120.251184	-0.062714	-132.982041	0.341729
2550.000002	-119.714698	0.185563	-71.654162	0.164395	-126.949784	0.108583	-120.042572	0.336258
2600.000002	-121.390134	-0.117652	-68.238485	0.247836	-122.844190	0.179313	-121.247693	-0.206536
2650.000002	-125.362018	-0.384215	-66.618054	-0.075051	-114.736183	0.022761	-124.404828	-0.223156
2700.000002	-131.969920	-0.390021	-71.324435	0.346982	-119.595581	0.409244	-120.772880	0.128940
2750.000002	-112.511995	-0.247955	-68.792684	-0.202297	-119.271678	-0.321969	-118.389005	-0.301479
2800.000002	-129.683668	-0.153165	-69.766384	-0.029690	-129.431988	-0.303896	-132.043282	0.240312
2850.000003	-124.834014	0.333378	-67.024938	0.413803	-125.326507	-0.097074	-125.899725	0.090475
2900.000003	-139.670167	0.069408	-65.896093	0.160187	-129.077904	-0.015212	-118.624244	-0.382814
2950.000003	-124.270363	-0.190691	-77.253395	0.326970	-117.953581	-0.213973	-122.969237	-0.402804
3000.000003	-127.074520	-0.244985	-69.026064	-0.481818	-125.223140	-0.348184	-124.321181	0.024419
3050.000003	-118.192528	-0.492660	-74.962459	0.198417	-126.229751	-0.455594	-123.938847	0.068488
3100.000003	-130.958350	-0.024680	-62.944941	-0.006272	-119.212730	0.176509	-118.242991	0.314175
3150.000003	-119.960414	-0.120016	-69.697224	0.213486	-123.667830	-0.239930	-122.079157	-0.154700
3200.000003	-130.729819	-0.368480	-81.971012	0.441128	-121.807649	0.145552	-117.587803	-0.104192
3250.000003	-122.831066	-0.120076	-75.290483	0.320696	-123.991432	-0.280795	-126.965161	-0.014441
3300.000003	-121.930195	-0.322170	-65.701086	0.290455	-122.556712	-0.284619	-135.902848	-0.420352
3350.000003	-121.779917	-0.295287	-64.754233	-0.232976	-124.810614	-0.223070	-123.456486	-0.189257
3400.000003	-121.307552	0.326197	-81.228914	-0.291573	-120.991391	-0.317197	-122.827355	-0.015544
3450.000003	-129.593737	-0.311223	-66.361130	-0.298032	-120.189776	-0.432065	-125.604087	-0.422572
3500.000003	-118.496588	0.082876	-75.398034	-0.488157	-116.433956	0.469621	-122.274268	-0.077876
3550.000003	-123.315112	0.057239	-68.195245	0.394601	-122.732843	0.108332	-119.149243	-0.070259
3600.000003	-119.276772	-0.463444	-69.568684	-0.162204	-123.157043	0.459211	-132.120921	-0.459407
3650.000003	-121.828430	-0.441174	-67.665856	-0.442181	-116.041743	-0.062324	-119.609934	-0.210384
3700.000003	-118.432385	-0.241875	-68.620892	-0.186938	-133.940199	0.373991	-129.786407	0.494789
3750.000003	-119.983128	0.484439	-69.152373	-0.483258	-128.424452	-0.284393	-126.583163	-0.258497
3800.000003	-124.569584	0.142513	-68.967742	0.306577	-126.562448	0.270110	-119.057958	0.263517
3850.000003	-132.759894	0.021473	-68.444882	-0.066386	-133.897607	-0.227360	-122.280753	0.389406
3900.000003	-119.457551	-0.302480	-69.814628	0.104127	-127.783403	-0.331741	-135.923092	-0.394322
3950.000003	-113.565066	-0.497345	-67.837248	0.052391	-120.176201	0.228409	-121.758253	-0.459224
4000.000004	-136.609498	0.173979	-71.037675	-0.455246	-120.568528	-0.197595	-126.244230	-0.257146
4050.000004	-124.638546	-0.270666	-71.926915	0.011420	-123.104265	-0.088995	-123.708491	-0.047574
4100.000004	-122.846142	-0.496893	-71.053084	0.068131	-120.581157	-0.304464	-117.182550	0.495303
4150.000004	-122.374195	-0.295707	-66.585374	0.335385	-119.914328	-0.411034	-120.740687	-0.149744
4200.000004	-123.684212	-0.103983	-69.346010	-0.194085	-117.557987	0.258797	-120.679186	0.167324
4250.000004	-118.397589	-0.242155	-68.111890	0.032094	-125.005543	0.278261	-128.180270	0.420733
4300.000004	-121.015660	0.092956	-78.845887	-0.194197	-122.316416	0.309399	-119.258288	0.420071
4350.000004	-124.871455	0.383201	-83.219758	-0.137232	-120.149967	-0.030805	-130.781686	-0.428199
4400.000004	-139.510693	0.062654	-76.157564	0.044512	-119.807474	-0.367614	-120.303740	0.480123
4450.000004	-140.045742	0.454251	-66.775786	-0.310528	-123.549745	0.482099	-123.075335	-0.300145
4500.000004	-129.718054	0.291750	-79.173934	0.121346	-125.825272	0.283315	-121.003207	0.380765
4550.000004	-119.770196	-0.389151	-77.291911	-0.051890	-121.900797	-0.355295	-125.144828	0.369717
4600.000004	-126.154876	-0.221357	-72.191054	0.406653	-127.622662	-0.088831	-124.793764	-0.295148
4650.000004	-122.420172	-0.211062	-76.292150	0.138107	-120.844002	0.086850	-123.270991	0.170749
4700.000004	-124.815643	0.063358	-68.668235	-0.428710	-124.896341	-0.263734	-127.641643	-0.362348
4750.000004	-129.339794	-0.076457	-71.840706	-0.117647	-124.510114	0.393830	-127.046705	-0.231734
4800.000004	-125.635700	-0.401090	-70.436457	-0.495647	-118.760067	-0.188442	-127.283742	-0.352748
4850.000004	-122.577901	-0.101723	-70.733713	-0.432052	-120.102672	-0.453400	-131.994826	-0.111668
4900.000004	-120.481659	0.037342	-66.364132	0.273112	-113.564125	-0.157620	-125.112061	-0.157472
4950.000004	-120.881078	-0.490322	-73.112543	0.254591	-124.716148	-0.490210	-117.123111	0.470252
5000.000004	-126.503043	-0.219336	-79.528353	-0.300496	-121.732687	0.499463	-123.717026	0.195238
5050.000004	-123.433448	0.282760	-75.945183	-0.375460	-145.687579	0.300375	-124.148878	0.439456
5100.000005	-126.220140	0.480782	-66.136367	-0.404269	-138.741958	-0.412903	-126.819783	0.430136
5150.000005	-116.272835	-0.400602	-77.999267	-0.370928	-120.903051	-0.189277	-127.140176	-0.408155
5200.000005	-116.955262	0.198482	-85.724463	0.367931	-130.615511	-0.414786	-118.456492	-0.017727
5250.000005	-121.079354	0.362309	-73.375479	0.342356	-118.632352	0.389490	-120.500429	0.393522
5300.000005	-118.890214	-0.456780	-70.712611	-0.491463	-122.954059	-0.372157	-120.857609	-0.276354
5350.000005	-121.424995	-0.199964	-82.565910	-0.108309	-125.042853	0.005349	-120.938902	-0.218393
5400.000005	-120.849152	0.264035	-69.156518	-0.444814	-120.116952	0.140000	-124.075512	0.212806
5450.000005	-129.393569	0.483178	-71.164193	0.398600	-127.741674	0.134309	-121.241755	-0.197069
5500.000005	-117.404217	0.162217	-76.071759	0.051758	-123.973900	0.418662	-132.669827	0.379027
5550.000005	-140.372742	0.403608	-73.782797	-0.000546	-129.116468	0.340746	-130.821722	-0.213761
5600.000005	-116.674473	0.208815	-83.833610	-0.166973	-121.328377	0.349678	-121.725469	0.391031
5650.000005	-35.663238	-0.204054	-8.491815	0.337680	-105.635093	0.343143	-122.104153	0.308288
5700.000005	-120.400079	-0.085219	-72.598127	-0.320028	-128.557916	0.087304	-124.039640	0.181222
5750.000005	-129.840637	-0.249183	-74.362055	-0.099142	-116.252528	-0.185658	-122.988053	-0.384390
5800.000005	-130.876934	0.114698	-65.532724	0.480361	-122.075817	-0.356511	-125.920506	0.116619
5850.000005	-132.374065	-0.209838	-76.119852	-0.152184	-126.663530	-0.109642	-127.437984	-0.060826
5900.000005	-140.320682	-0.005438	-68.525755	-0.403808	-116.532347	-0.490595	-131.149269	0.364046
5950.000005	-119.397857	-0.246691	-74.712499	0.395495	-121.153390	0.427347	-119.034006	0.432163
6000.000005	-116.890469	-0.197739	-66.917148	0.141154	-126.801535	-0.469751	-122.667907	-0.203569
6050.000005	-124.866131	-0.112278	-74.681027	0.408228	-123.059216	0.024102	-131.610177	-0.101443
6100.000005	-120.263453	0.410823	-67.754429	-0.050552	-124.814203	0.001127	-124.200213	0.455141
6150.000005	-146.010319	0.259977	-64.616958	-0.474452	-128.549616	0.359781	-117.277870	0.399034
6200.000005	-118.872211	-0.356213	-73.514644	-0.112869	-126.326443	0.097723	-131.206909	-0.288804
6250.000006	-130.472439	0.181488	-75.191492	-0.234477	-123.379314	-0.198435	-122.718998	-0.101364
6300.000006	-127.541980	0.416328	-75.107812	-0.328168	-118.661804	0.471631	-123.857921	0.139409
6350.000006	-127.016874	0.468569	-68.575171	-0.486559	-126.617032	-0.068941	-120.614493	-0.089118
6400.000006	-125.558285	-0.280188	-73.447129	0.062371	-120.504324	0.258489	-124.660109	0.448086
6450.000006	-121.662160	-0.427692	-74.779259	0.153916	-120.000440	-0.412839	-123.599480	-0.273487
6500.000006	-121.181613	0.087174	-75.950804	0.083223	-123.643966	-0.394087	-124.691520	0.045809
6550.000006	-124.470114	-0.342768	-80.440379	-0.160945	-117.907009	-0.227780	-128.543971	-0.013321
6600.000006	-128.238919	0.198686	-73.859152	0.248265	-116.969472	0.199315	-127.494785	-0.113074
6650.000006	-126.365760	-0.441690	-83.106713	0.167850	-132.140641	-0.211814	-118.469555	0.149442
6700.000006	-127.406957	-0.188731	-81.830621	-0.249370	-126.437547	-0.232861	-122.975434	0.145141
6750.000006	-120.638669	0.189556	-73.327224	-0.328479	-141.021080	0.448374	-120.525881	0.497172
6800.000006	-117.678727	0.057472	-71.652786	0.352283	-116.819099	0.213690	-123.026728	0.157297
6850.000006	-122.815194	0.055846	-72.211190	0.265089	-119.247613	0.309093	-118.249427	-0.139361
6900.000006	-126.836168	-0.016260	-77.050629	0.183195	-127.153877	-0.406634	-132.475297	0.387510
6950.000006	-123.140315	-0.437134	-73.178603	0.197282	-123.182417	-0.074821	-120.403358	-0.120744
7000.000006	-122.582940	-0.339668	-68.118065	0.424674	-122.284588	0.095620	-132.271971	0.080094
7050.000006	-120.854038	0.303504	-89.257893	-0.371635	-125.634640	0.083996	-136.010283	0.442577
7100.000006	-125.123687	0.269381	-67.748546	0.388342	-122.937684	-0.213102	-116.267319	-0.396088
7150.000006	-120.923289	-0.130580	-78.346897	0.083777	-128.820354	0.013009	-120.677552	0.303196
7200.000006	-125.177123	-0.423536	-80.511802	-0.086648	-130.735989	-0.206541	-120.619442	-0.397588
7250.000006	-121.953617	0.071550	-77.446091	-0.212991	-118.573349	0.427052	-121.359415	0.415753
7300.000006	-125.597576	0.393208	-75.078199	-0.351061	-121.395053	-0.279199	-118.934735	-0.114511
7350.000007	-125.179281	-0.292774	-79.292278	-0.390507	-129.528342	-0.394082	-129.067368	-0.351005
7400.000007	-119.823906	0.432828	-82.137350	-0.074464	-123.305481	0.319566	-127.558683	0.061560
7450.000007	-119.285896	0.202493	-82.833706	-0.119573	-126.423883	0.270908	-128.857587	-0.160741
7500.000007	-128.540182	-0.336485	-76.105353	-0.112710	-133.487875	0.396965	-121.721518	0.260077
7550.000007	-117.319282	0.308219	-75.702662	-0.332289	-120.799725	0.281306	-129.849389	-0.163458
7600.000007	-120.301804	0.021376	-74.245293	-0.235107	-133.909928	0.328014	-121.154708	-0.128326
7650.000007	-126.284216	0.356638	-74.059131	0.371203	-123.836038	-0.297654	-125.083947	-0.454069
7700.000007	-122.316164	-0.154365	-77.874219	-0.358978	-121.993062	0.035662	-120.887027	0.392184
7750.000007	-122.467745	-0.216222	-75.390648	0.047730	-127.485206	0.333596	-119.356378	-0.450696
7800.000007	-123.863570	0.288539	-72.484772	-0.486696	-114.363698	0.042730	-119.182308	0.308047
7850.000007	-123.012344	-0.084667	-84.502287	0.491025	-131.909473	0.392136	-119.068344	-0.222370
7900.000007	-121.644285	-0.173458	-66.328034	0.311769	-120.421599	-0.082422	-115.203150	-0.174657
7950.000007	-148.737602	-0.143156	-78.591781	0.141630	-123.028027	-0.027394	-116.948119	-0.100366
8000.000007	-123.252109	0.002023	-70.354951	0.059563	-130.173739	0.021880	-120.246822	-0.310639
8050.000007	-124.409423	-0.118660	-70.628751	0.262074	-120.051587	-0.123502	-125.109321	-0.366394
8100.000007	-126.736136	0.224099	-78.494400	0.333499	-115.319042	0.243875	-130.839244	0.210447
8150.000007	-138.917311	0.471412	-89.052537	-0.238225	-116.271402	0.165937	-136.446682	-0.119505
8200.000007	-121.115104	-0.496848	-78.226599	-0.400355	-125.362682	0.025052	-134.443802	0.208335
8250.000007	-135.959801	0.477225	-74.962590	-0.016965	-118.813158	-0.378404	-114.285975	0.458213
8300.000007	-119.410586	-0.267322	-86.418235	0.353357	-123.748952	-0.265682	-163.822585	-0.410562
8350.000007	-117.927365	0.027367	-75.039870	0.407836	-123.569006	0.088263	-123.057173	-0.092826
8400.000007	-130.235637	-0.142265	-75.414172	0.329128	-121.529771	0.245519	-133.113836	0.380669
8450.000007	-123.550533	-0.281655	-80.258899	0.007278	-119.789964	-0.234866	-126.968168	-0.157286
8500.000008	-120.616329	-0.257370	-77.536159	0.469093	-134.894978	-0.112142	-127.685065	0.036884
8550.000008	-126.700433	0.168998	-72.764980	0.255544	-121.290253	0.123198	-118.590082	0.050920
8600.000008	-125.028914	0.416516	-68.125706	-0.120612	-125.742185	0.275137	-124.772829	0.358371
8650.000008	-126.859183	0.169612	-73.333979	-0.317371	-120.519403	0.235697	-131.812428	-0.148844
8700.000008	-116.995605	0.043128	-84.672713	0.460691	-125.835376	-0.372513	-117.709367	0.195028
8750.000008	-121.616289	-0.360318	-90.090548	-0.054202	-120.866652	-0.174953	-120.732537	-0.258839
8800.000008	-119.812671	-0.497965	-74.440665	-0.026770	-136.048751	0.465130	-123.745834	0.454021
8850.000008	-126.802696	-0.367885	-72.248689	0.204590	-124.998622	-0.381922	-120.068295	0.100091
8900.000008	-122.917632	0.056893	-77.738159	-0.329351	-123.791293	0.409120	-126.981784	0.187692
8950.000008	-123.708765	0.273434	-72.751387	0.297238	-124.814265	-0.090607	-116.955965	-0.302389
9000.000008	-124.820446	0.365953	-74.652805	0.017320	-116.046259	0.334380	-125.665562	0.443913
9050.000008	-116.194143	-0.014112	-73.634162	0.402289	-126.195770	-0.422020	-138.448228	0.120524
9100.000008	-133.418444	-0.386146	-71.486911	-0.138958	-124.733884	0.277634	-127.006910	-0.399507
9150.000008	-117.334313	-0.019988	-78.735623	0.459481	-142.967828	0.380790	-121.683217	-0.186856
9200.000008	-118.409026	0.391690	-67.982093	0.134295	-121.226651	-0.293765	-122.618308	-0.277643
9250.000008	-113.181343	0.251183	-73.744017	-0.149734	-122.913520	-0.332139	-121.846596	0.463918
9300.000008	-128.348348	0.172832	-77.730364	0.214835	-125.137253	0.225422	-120.784346	0.281527
9350.000008	-120.073596	-0.080265	-78.226930	-0.256531	-117.535862	-0.102710	-134.311756	-0.360743
9400.000008	-118.073742	0.358614	-76.088300	-0.425287	-122.189606	0.238578	-125.140392	-0.329549
9450.000008	-120.674139	0.498751	-72.339112	0.207446	-117.231335	0.318232	-117.752464	-0.024783
9500.000008	-120.383170	0.366344	-77.892791	0.202487	-116.902860	-0.241312	-119.452518	-0.022225
9550.000008	-132.773961	0.493531	-84.493102	-0.153189	-127.795202	-0.328067	-120.945808	0.116584
9600.000009	-120.095929	-0.466241	-81.795616	-0.152579	-117.042750	0.492349	-120.400230	0.427974
9650.000009	-125.941389	0.202198	-75.962587	0.344095	-123.500471	-0.239731	-120.082361	0.054436
9700.000009	-130.652741	0.237349	-81.648583	0.482690	-124.022765	-0.189267	-129.958423	0.010882
9750.000009	-124.478866	0.378610	-77.341325	0.497879	-128.115836	0.315288	-124.804562	0.112192
9800.000009	-121.981847	-0.422240	-77.693319	0.207189	-122.867149	0.183740	-119.696110	-0.439644
9850.000009	-126.511049	0.122683	-79.641636	0.364952	-128.863339	0.164798	-121.535347	-0.078208
9900.000009	-121.170590	0.328005	-90.520483	0.406207	-118.267453	0.015890	-133.833815	-0.038139
9950.000009	-118.511068	-0.074252	-74.527130	-0.225489	-119.872027	0.028815	-116.882985	-0.320877
10000.000009	-124.681922	0.306327	-74.851880	0.260588	-123.437023	0.439173	-133.257302	-0.040320
10050.000009	-126.616036	0.130260	-78.184278	-0.406435	-136.713245	0.385990	-121.244623	-0.119405
10100.000009	-130.604413	-0.347014	-72.080842	-0.069937	-120.618867	-0.278499	-127.648968	0.013994
10150.000009	-126.292152	0.056030	-72.134971	-0.415454	-118.090417	-0.451991	-119.750851	-0.431129
10200.000009	-131.255185	-0.404183	-80.644571	0.097127	-118.554905	-0.461899	-116.714028	0.277671
10250.000009	-120.430483	-0.497446	-72.148831	-0.026730	-129.219158	-0.279529	-120.275026	-0.338801
10300.000009	-130.233909	-0.273327	-77.085555	-0.207779	-120.447393	-0.457472	-125.673791	-0.259181
10350.000009	-130.846378	-0.007921	-72.902006	0.063733	-125.494261	-0.272870	-115.207486	-0.077399
10400.000009	-125.105899	-0.153843	-78.763069	-0.018311	-115.382286	-0.291012	-123.792447	-0.359956
10450.000009	-122.004716	-0.330489	-77.732699	0.245268	-125.796724	0.158879	-123.915962	-0.372560
10500.000009	-116.357304	0.190314	-76.596827	0.360033	-118.048602	0.391979	-117.906796	0.408388
10550.000009	-121.417655	0.455385	-83.042539	0.007674	-121.392043	-0.180948	-130.225962	-0.065935
10600.000009	-126.166948	-0.382826	-79.122303	0.421592	-119.108096	-0.050751	-122.331431	0.083225
10650.000009	-118.129137	-0.343007	-77.788729	0.039160	-127.459447	-0.426962	-131.320435	-0.341630
10700.000009	-119.045044	-0.262911	-88.097434	0.054644	-120.049328	-0.379099	-120.084918	0.127302
10750.000010	-127.574547	-0.199815	-83.041956	0.370774	-120.885086	0.210733	-122.268252	-0.440648
10800.000010	-124.045229	-0.367031	-78.725700	0.228913	-124.576661	-0.303389	-124.694845	0.369267
10850.000010	-125.809673	0.044489	-92.474784	0.243320	-124.264914	-0.188416	-118.696270	0.342801
10900.000010	-120.423627	0.168198	-75.212046	-0.325848	-118.967664	-0.461044	-121.529633	-0.038986
10950.000010	-132.691965	-0.446265	-73.862424	0.163248	-122.281656	-0.005640	-135.729335	-0.446004
11000.000010	-122.536502	0.046913	-80.130697	0.331776	-129.722999	0.331799	-116.825870	-0.227916
11050.000010	-115.857206	0.038615	-72.850303	0.193176	-117.648480	0.070854	-119.887397	0.002715
11100.000010	-117.532188	-0.246633	-80.410323	0.111200	-117.785916	-0.417250	-120.442928	-0.072976
11150.000010	-125.827406	-0.426070	-88.458294	0.287600	-125.772817	-0.091642	-126.838358	-0.182952
11200.000010	-116.552535	0.479836	-73.949156	-0.088762	-120.522815	-0.291779	-127.030425	-0.289496
11250.000010	-119.832837	0.213219	-80.594897	-0.114758	-121.198997	-0.481719	-124.255383	0.287316
11300.000010	-111.014461	-0.449314	-69.829071	0.277008	-134.985150	0.473665	-124.678920	0.363089
11350.000010	-141.516618	0.435941	-78.122165	0.341186	-121.636580	-0.224330	-119.069332	-0.040389
11400.000010	-144.803175	0.062623	-70.227565	-0.266437	-121.961082	0.401519	-122.134126	0.468230
11450.000010	-124.790726	0.291323	-69.895271	0.196957	-117.603081	0.265243	-116.508304	0.246112
11500.000010	-129.488295	0.175367	-72.909004	0.301366	-122.322298	0.052913	-114.019901	-0.245612
11550.000010	-125.846605	-0.304543	-75.098063	-0.255768	-122.091211	0.260289	-117.351732	-0.365613
11600.000010	-116.290697	0.498155	-75.384693	-0.047897	-120.689660	-0.095387	-124.931884	0.254566
11650.000010	-122.262184	0.315144	-71.480647	0.417052	-123.467000	0.385983	-115.489040	0.092817
11700.000010	-129.635435	-0.314361	-83.674721	-0.489697	-123.043712	-0.307439	-117.709044	-0.194753
11750.000010	-118.563896	0.365253	-75.406037	-0.149305	-125.138620	0.261621	-121.844270	-0.453733
11800.000010	-124.709235	0.375671	-80.793588	-0.027573	-125.122669	0.324742	-118.816720	-0.360464
11850.000010	-121.651564	0.295013	-75.189697	-0.164456	-116.233447	0.164861	-126.494079	-0.204502
11900.000011	-122.440509	-0.219625	-79.503275	-0.064816	-120.428936	0.047699	-125.022553	-0.400706
11950.000011	-130.339952	-0.218872	-76.442158	0.376153	-120.314073	0.405010	-120.560762	-0.337013
12000.000011	-118.719790	-0.179267	-76.588579	0.273712	-123.992291	-0.167317	-126.767972	-0.313923
12050.000011	-129.340630	-0.118312	-75.572223	-0.033574	-129.670056	0.212493	-121.832783	0.237682
12100.000011	-118.545847	-0.072462	-75.225701	-0.356941	-136.853231	-0.014880	-133.217094	-0.269091
12150.000011	-118.345029	-0.176799	-78.621124	0.018548	-121.919328	0.002721	-119.763685	-0.322497
12200.000011	-115.461599	0.200574	-81.072927	-0.412957	-118.145623	0.205529	-122.166276	0.093757
12250.000011	-132.649207	-0.248621	-79.726427	-0.058960	-133.196544	-0.449319	-122.993176	0.333844
12300.000011	-134.490856	0.417557	-87.311512	0.057274	-128.460148	-0.351810	-118.260217	-0.372768
12350.000011	-137.393446	-0.016165	-72.830316	0.432460	-120.087803	0.400338	-136.101541	-0.180757
12400.000011	-126.528379	0.373453	-73.506440	-0.398169	-140.120273	0.337718	-127.956616	0.287672
12450.000011	-124.740556	-0.212190	-73.090990	0.046748	-117.950024	-0.043909	-127.582179	-0.384732
12500.000011	-114.848092	0.371422	-81.590102	-0.491799	-124.241849	0.406003	-128.339117	-0.015070
12550.000011	-120.298826	-0.177050	-77.766240	0.314493	-121.321758	0.074010	-125.370892	-0.397824
12600.000011	-120.629852	0.002134	-71.935901	-0.002474	-124.450761	0.122993	-125.853225	-0.064890
12650.000011	-123.922242	0.297048	-68.755755	-0.399277	-119.123965	0.063365	-122.678844	0.151737
12700.000011	-121.351857	-0.367463	-72.538650	-0.140302	-115.451648	-0.166794	-118.447988	-0.229486
12750.000011	-131.738657	0.046937	-73.247990	-0.215641	-120.409967	-0.356320	-118.872346	-0.096209
12800.000011	-123.368253	0.410977	-80.300842	0.467109	-120.825008	0.403077	-121.229586	-0.275209
12850.000011	-119.492203	0.225332	-89.076356	0.409787	-116.254312	-0.252481	-119.334249	0.365902
12900.000011	-133.876005	-0.034062	-73.476256	0.101121	-125.248709	-0.261648	-117.254505	-0.083167
12950.000011	-130.005403	0.084630	-84.973917	0.047943	-130.237624	0.138518	-116.535990	-0.053202
13000.000012	-124.385099	-0.446062	-71.937910	-0.242947	-137.852803	-0.321227	-121.975655	0.295020
13050.000012	-117.632805	-0.077903	-69.980450	-0.313825	-124.074918	0.405002	-127.639105	0.183379
13100.000012	-112.191679	-0.179633	-75.073031	-0.368788	-120.828538	-0.209769	-121.867370	0.446808
13150.000012	-126.400003	0.039199	-70.852950	-0.258404	-131.268916	-0.177222	-121.006263	-0.213936
13200.000012	-121.591808	-0.167009	-83.289595	-0.458759	-126.895876	0.055404	-125.742058	-0.203998
13250.000012	-120.939811	0.041093	-81.757584	-0.104585	-123.096215	0.341207	-121.016112	-0.492505
13300.000012	-117.616953	0.211650	-84.839647	0.332593	-116.151736	-0.412353	-122.568205	-0.304572
13350.000012	-115.883254	-0.089943	-83.740133	0.099312	-129.113708	-0.268845	-120.598723	-0.089013
13400.000012	-127.986382	-0.405720	-70.822014	-0.139138	-120.807020	0.041205	-122.430419	0.144752
13450.000012	-123.556505	0.463287	-81.708781	0.129755	-119.024863	0.250089	-119.538179	-0.221900
13500.000012	-115.393364	0.011608	-75.960716	-0.238205	-120.668005	-0.163115	-125.351187	-0.470150
13550.000012	-120.140879	-0.068925	-85.090144	0.314569	-130.635735	-0.272830	-120.683540	-0.104890
13600.000012	-118.305612	-0.059447	-79.336835	0.445764	-116.533026	-0.209066	-127.143134	-0.427365
13650.000012	-124.658235	-0.244111	-75.556772	0.376641	-126.894505	-0.207716	-124.019213	-0.104579
13700.000012	-118.989234	0.482465	-72.893292	0.044258	-127.352290	-0.190285	-121.619326	-0.336595
13750.000012	-138.029215	-0.182949	-83.187621	0.151445	-124.897526	-0.455901	-124.619300	0.142903
13800.000012	-120.798821	0.438578	-76.834977	-0.072468	-130.916885	-0.135549	-120.315124	0.460652
13850.000012	-116.938569	-0.070545	-87.528639	0.415548	-121.436400	0.395829	-118.820214	-0.319650
13900.000012	-123.380974	0.027127	-75.664571	-0.260348	-130.511109	0.001917	-130.098299	0.055041
13950.000012	-135.466729	-0.202833	-78.221817	0.110755	-120.845261	-0.455330	-121.226019	0.451017
14000.000012	-124.319416	0.017515	-73.515992	-0.329184	-119.917216	0.106109	-117.054632	-0.038849
14050.000012	-120.622341	-0.422379	-84.921597	0.140274	-118.040770	0.375194	-126.932234	0.458765
14100.000012	-122.050289	-0.295066	-79.744190	0.176349	-123.501323	-0.180335	-122.707911	0.189721
14150.000013	-124.452910	-0.495857	-73.137148	-0.089196	-126.554880	-0.303976	-120.016246	-0.247578
14200.000013	-117.591313	-0.466633	-79.209546	0.388963	-125.542329	-0.061650	-133.410895	0.295412
14250.000013	-123.217446	0.139776	-78.720247	0.015566	-123.067578	-0.302084	-124.524787	0.068315
14300.000013	-125.195768	-0.267330	-84.561088	-0.110322	-123.679531	0.482861	-136.382853	0.403829
14350.000013	-118.989190	0.011079	-77.506948	0.337818	-128.247601	-0.183499	-126.133167	0.261440
14400.000013	-118.943982	0.323359	-74.921959	0.178422	-117.256625	-0.390443	-122.679102	0.258580
14450.000013	-122.229971	0.051408	-79.217632	0.346436	-114.076044	-0.493305	-120.889709	-0.445290
14500.000013	-116.383364	-0.069719	-84.409895	-0.217715	-139.916215	0.384471	-117.257157	-0.088044
14550.000013	-127.523910	-0.159514	-84.258608	0.068699	-120.933970	0.283175	-133.719064	-0.497811
14600.000013	-121.757508	-0.368160	-82.487317	0.079147	-133.471763	-0.037477	-121.175292	-0.205497
14650.000013	-123.515182	0.060774	-77.420233	-0.051936	-119.718872	-0.460370	-133.411620	-0.110888
14700.000013	-120.807429	0.382699	-77.642261	0.405521	-122.381075	-0.369811	-122.367685	-0.337022
14750.000013	-117.801464	0.268290	-90.797478	0.115310	-132.392431	-0.400201	-125.664222	0.171521
14800.000013	-125.544823	-0.321579	-75.926809	0.078992	-137.144968	-0.148651	-122.500968	-0.433146
14850.000013	-132.538136	-0.094005	-88.085430	0.239927	-122.790420	0.293570	-141.888609	0.053895
14900.000013	-136.063113	-0.338815	-83.456034	-0.213696	-125.536639	-0.025327	-123.544919	0.045938
14950.000013	-121.036804	0.347753	-71.562439	-0.485471	-120.272634	-0.266309	-122.908467	-0.454161
15000.000013	-124.775706	0.022633	-83.564446	-0.246647	-114.996695	0.217037	-127.978959	-0.345201
15050.000013	-127.143236	-0.016961	-78.341823	-0.270592	-120.165352	0.256101	-124.424979	0.292841
15100.000013	-122.971763	0.323936	-72.461542	-0.408734	-124.972777	0.015977	-124.872932	0.188117
15150.000013	-132.010861	0.360800	-80.558289	0.439741	-115.953378	-0.023009	-119.766408	0.152094
15200.000013	-124.175452	0.162610	-89.310992	-0.445989	-129.037774	-0.308856	-118.565248	0.077700
15250.000014	-120.265151	-0.299006	-81.703186	-0.085741	-123.645149	-0.170480	-133.072425	-0.022519
15300.000014	-119.305252	-0.372354	-78.635885	-0.410062	-129.420597	-0.112247	-119.927268	0.050813
15350.000014	-116.713357	0.482534	-76.839350	0.149771	-122.447707	-0.314869	-122.532907	-0.361703
15400.000014	-128.081263	-0.048145	-80.584240	-0.470933	-119.384869	0.140410	-122.275762	-0.193212
15450.000014	-126.464490	-0.087219	-89.014989	0.443741	-118.576753	0.124777	-117.323718	-0.267964
15500.000014	-127.561920	0.207291	-77.859629	0.378062	-131.712082	-0.158023	-123.123789	-0.029221
15550.000014	-122.499540	-0.449238	-83.829045	-0.246236	-123.000338	0.387090	-120.973842	0.264520
15600.000014	-117.919007	0.143388	-82.481200	0.494090	-119.588225	-0.416745	-119.150309	-0.120962
15650.000014	-119.397120	0.056787	-83.087219	-0.358770	-127.672696	-0.072643	-119.236694	0.439516
15700.000014	-116.270841	-0.370027	-78.040140	-0.035438	-126.477623	-0.289251	-136.177483	0.492145
15750.000014	-121.759055	-0.460656	-85.819265	0.238900	-120.021131	0.452677	-121.194367	-0.021952
15800.000014	-118.204969	0.426498	-83.792845	0.355587	-128.915231	-0.166272	-119.299038	0.288009
15850.000014	-124.948339	0.202691	-78.387501	-0.279836	-120.634525	-0.012930	-129.421123	-0.115596
15900.000014	-121.328378	0.216392	-80.091834	0.316810	-120.067782	-0.246146	-124.642458	0.456290
15950.000014	-119.542380	-0.076170	-81.934325	-0.262284	-119.162676	-0.224659	-131.269188	-0.405811
16000.000014	-117.092725	-0.004590	-85.782968	-0.010667	-124.521848	-0.273599	-141.116712	0.076044
16050.000014	-121.772791	-0.285845	-82.233398	0.301559	-142.002202	-0.170578	-125.939101	0.281054
16100.000014	-138.169335	-0.459751	-79.287178	0.134528	-114.026049	0.127537	-139.844933	0.374963
16150.000014	-121.651436	-0.285983	-74.699303	-0.396369	-122.138857	0.355577	-125.723820	0.195655
16200.000014	-116.845522	-0.334646	-86.274859	0.437190	-129.568804	0.022110	-118.680315	-0.307029
16250.000014	-132.230909	0.077179	-77.139479	0.118810	-128.349769	0.089372	-124.724519	-0.399411
16300.000014	-136.155877	-0.335734	-72.368053	-0.495759	-123.386784	0.214775	-116.118416	0.294187
16350.000014	-117.920555	0.181653	-74.875176	-0.330766	-123.102789	0.159117	-121.975406	0.390585
16400.000015	-130.230934	-0.030732	-78.693857	0.041823	-136.750030	0.015604	-127.950131	-0.434556
16450.000015	-126.470683	-0.136527	-77.377322	-0.271163	-129.233989	0.260477	-137.655299	-0.487598
16500.000015	-118.009408	0.274762	-77.203142	-0.378909	-118.880730	0.386198	-117.706433	-0.194575
16550.000015	-122.222846	-0.083847	-78.572271	-0.121538	-120.703475	-0.197600	-121.430330	-0.091712
16600.000015	-120.472843	0.338696	-82.662374	-0.025380	-126.272304	-0.421048	-133.210636	0.180815
16650.000015	-122.859679	-0.029195	-91.458269	-0.398746	-116.587106	-0.412175	-130.203163	-0.021650
16700.000015	-128.630772	0.439038	-86.246980	-0.161811	-124.281080	0.041011	-120.991873	0.067115
16750.000015	-119.249029	0.382414	-81.560069	0.280563	-119.897410	-0.192402	-130.916412	-0.115013
16800.000015	-120.887479	0.259681	-89.306907	0.201651	-135.701046	0.366683	-130.718093	-0.497296
16850.000015	-125.325293	0.218771	-107.619021	-0.477914	-118.443616	-0.154204	-128.512868	0.484764
16900.000015	-134.840258	0.428351	-76.122563	0.059301	-124.685467	0.443336	-128.885150	-0.484407
16950.000015	-95.393643	0.388957	-80.417483	-0.080420	-122.988933	-0.494157	-125.841495	0.272164
17000.000015	-124.858328	2.019951E-5	-78.014936	0.104154	-120.927059	0.283618	-118.105418	0.188031
17050.000015	-128.430900	0.150298	-81.067351	0.412045	-119.269872	0.079499	-123.555537	0.290484
17100.000015	-118.091249	0.493863	-89.206580	-0.108680	-119.477526	0.290513	-123.165618	-0.385097
17150.000015	-131.345901	-0.487989	-78.048249	0.482054	-122.829076	-0.136137	-124.159941	-0.069944
17200.000015	-119.490438	-0.496829	-73.151126	0.375274	-132.593283	0.287520	-124.482150	0.289473
17250.000015	-119.589624	-0.065572	-81.311501	-0.219609	-127.217620	0.424645	-123.337919	0.242737
17300.000015	-120.659488	0.069915	-96.452720	-0.145301	-120.577453	-0.446471	-118.626782	0.279932
17350.000015	-119.492357	-0.220288	-76.230689	-0.162266	-121.130521	0.427457	-132.430888	0.232088
17400.000015	-122.153018	-0.387934	-80.330242	0.002288	-120.195582	0.488186	-117.757377	0.471666
17450.000015	-119.893197	-0.106744	-81.296473	0.486968	-118.705957	0.049035	-121.195827	-0.406536
17500.000016	-132.808704	0.389760	-77.636372	0.063938	-119.448054	0.299056	-135.051799	0.145422
17550.000016	-124.638282	0.336978	-88.988140	-0.155017	-134.417762	0.266059	-124.793421	-0.320678
17600.000016	-130.081766	0.301257	-75.600392	-0.370652	-117.344242	-0.400968	-123.639069	-0.310229
17650.000016	-124.832814	-0.032777	-80.523920	0.267523	-118.207968	0.208403	-131.706678	-0.491976
17700.000016	-118.502512	0.458036	-80.993819	0.054243	-124.032022	0.250143	-127.072395	0.483222
17750.000016	-124.244590	0.237006	-73.497508	-0.131819	-124.610542	-0.477236	-129.596851	-0.082876
17800.000016	-147.278380	0.435170	-74.141864	-0.457398	-133.371901	0.173760	-125.282945	-0.017797
17850.000016	-125.574106	0.429324	-73.430611	0.457891	-123.216473	-0.297007	-132.749559	0.476482
17900.000016	-115.713181	-0.222208	-86.641444	-0.213515	-132.452019	-0.292027	-124.745403	0.004049
17950.000016	-118.046061	0.162660	-75.173479	-0.370042	-127.384018	0.351456	-127.501091	-0.462870
18000.000016	-126.153299	-0.398289	-77.854704	0.211344	-124.009956	-0.251225	-130.153152	-0.494249
18050.000016	-121.456676	-0.427367	-84.354982	0.217527	-124.462924	-0.342727	-120.179989	-0.453135
18100.000016	-118.143632	0.133129	-79.108204	-0.357013	-120.198903	0.079142	-132.794598	0.209012
18150.000016	-118.286482	0.307003	-79.532601	0.140276	-118.758553	-0.331948	-119.899380	0.364137
18200.000016	-122.666659	-0.025025	-76.476388	-0.090835	-117.652769	0.438351	-121.327824	-0.342389
18250.000016	-121.088395	-0.282769	-79.443371	-0.001026	-116.061289	0.012381	-133.991960	0.339243
18300.000016	-129.162185	-0.053288	-85.700122	0.475314	-128.590596	0.493339	-122.712431	0.368937
18350.000016	-120.651274	0.143526	-81.491842	0.212786	-120.230101	0.191667	-121.739503	0.197971
18400.000016	-134.860143	-0.233781	-79.725673	0.048014	-117.615776	0.114903	-122.645288	0.166445
18450.000016	-118.407125	-0.499221	-75.105541	-0.382266	-122.124855	-0.343910	-124.005053	-0.127705
18500.000016	-131.585025	-0.254857	-83.026790	0.157025	-120.626323	-0.093304	-123.654337	-0.257840
18550.000016	-118.396482	0.170133	-76.142847	0.305517	-129.079404	-0.394043	-122.299426	0.132732
18600.000016	-116.845119	-0.060716	-79.707769	0.204245	-131.150521	-0.047104	-136.367281	0.443414
18650.000017	-124.288320	-0.265283	-75.295295	-0.165457	-123.182961	-0.050176	-120.277676	0.169946
18700.000017	-120.247492	0.477336	-86.040102	0.229940	-116.415951	0.467323	-120.001872	-0.466660
18750.000017	-118.428685	-0.262627	-79.339341	0.036153	-122.112434	-0.211634	-119.087530	-0.336901
18800.000017	-122.011845	-0.419399	-98.363133	-0.286089	-123.864297	0.210373	-119.577011	0.379814
18850.000017	-126.109004	0.042155	-80.253546	-0.200482	-118.497522	0.404836	-138.034075	0.043135
18900.000017	-120.347867	0.457871	-83.721404	-0.026039	-127.745700	-0.304122	-123.517603	0.266212
18950.000017	-118.402817	0.130287	-92.475912	-0.277401	-122.273145	-0.398693	-122.353329	0.186294
19000.000017	-115.929801	-0.128195	-87.257945	-0.130392	-148.550772	-0.417737	-131.975915	-0.262014
19050.000017	-121.931129	-0.221828	-85.440477	0.366090	-124.758965	-0.155512	-125.313191	-0.323063
19100.000017	-136.423769	-0.265274	-78.756171	0.044956	-120.760044	0.199939	-124.467301	-0.362620
19150.000017	-114.595113	-0.301961	-75.542372	-0.484258	-118.717108	0.199391	-122.193811	0.038235
19200.000017	-116.402117	0.480375	-83.856241	0.166673	-127.511822	-0.034755	-119.689680	0.416696
19250.000017	-127.483780	0.107738	-80.842303	-0.143665	-121.339042	-0.066229	-120.058160	-0.223153
19300.000017	-124.506603	0.265546	-77.469815	0.332061	-125.918310	0.421727	-122.087908	0.482930
19350.000017	-123.942716	-0.360279	-76.627906	0.419534	-122.237968	0.015230	-122.567529	0.261502
19400.000017	-126.155271	0.252302	-83.700109	0.489780	-116.464310	0.129352	-118.444534	0.223967
19450.000017	-122.447493	0.001344	-91.148322	0.128374	-127.462994	-0.036700	-125.299745	0.304351
19500.000017	-118.223610	-0.446718	-77.682861	-0.040701	-116.056555	0.468568	-122.213068	0.494926
19550.000017	-130.911611	0.079976	-78.198859	0.378787	-127.326341	-0.265246	-119.199214	-0.292777
19600.000017	-127.900724	0.368764	-81.600916	0.119213	-131.630648	0.119814	-126.490790	0.364252
19650.000017	-120.899926	-0.175622	-84.692456	0.299029	-123.908892	-0.397925	-116.511303	0.019594
19700.000017	-121.889647	0.084410	-80.962136	0.003021	-136.491032	-0.056331	-122.417115	0.064013
19750.000017	-128.787645	0.046820	-81.348694	-0.279208	-134.386572	0.075425	-122.310919	-0.048712
19800.000018	-122.964079	-0.327050	-74.459408	0.084567	-130.533964	-0.111669	-129.178009	-0.003023
19850.000018	-147.481208	-0.403024	-75.826399	-0.110936	-123.876951	-0.367397	-119.611021	0.082779
19900.000018	-122.631330	-0.243190	-76.563417	0.466276	-123.381102	0.061886	-116.180402	0.194999
19950.000018	-125.287139	-0.013081	-75.780613	0.457145	-127.163567	0.263549	-120.165987	0.383343
20000.000018	-122.826265	-0.442151	-86.059373	-0.262233	-115.371184	-0.172770	-130.998380	0.117398
