% f596.txt
% Date Thu, Jul 15, 2021 4:56 PM
% Sine seq
% Response spectrum
% Stim level (V pk) 0.100, 0 dB filter gain, 120.0 dB attenuation
% Stim RMS (V) 0.000
% Freq [Hz]	Ch0 Mag [dB]	Ch0 Phase [cyc]	Ch1 Mag [dB]	Ch1 Phase [cyc]	Ch2 Mag [dB]	Ch2 Phase [cyc]	Ch3 Mag [dB]	Ch3 Phase [cyc]
%%end
50.000000	-113.524391	-0.153660	-54.154330	-0.401314	-92.134777	-0.236815	-118.478113	0.052634
100.000000	-123.774973	-0.073028	-54.285144	0.278886	-116.368457	0.130013	-115.599075	0.025526
150.000000	-113.999461	-0.431391	-52.225031	-0.145933	-115.080819	-0.118798	-122.935307	-0.188393
200.000000	-117.407954	0.462910	-58.295541	-0.000364	-102.248660	0.357385	-137.196318	0.007121
250.000000	-124.763811	-0.312335	-56.028634	0.021978	-107.946921	0.043588	-112.261546	0.280255
300.000000	-96.923345	0.420185	-58.610450	0.323629	-112.037059	-0.480610	-107.922772	-0.207585
350.000000	-120.779562	-0.019081	-48.598030	0.064074	-117.055957	0.012948	-117.862532	-0.014554
400.000000	-117.008788	-0.366005	-55.847854	-0.121371	-104.404742	-0.258908	-120.197466	0.295036
450.000000	-118.291690	0.031532	-62.037289	-0.491245	-118.317098	-0.412199	-120.223656	-0.397341
500.000000	-120.927253	0.200739	-52.533970	-0.078436	-110.817229	0.380995	-120.200132	0.178402
550.000000	-123.972894	-0.490601	-56.443728	-0.466854	-108.262793	0.328629	-126.169491	-0.489667
600.000001	-127.951195	-0.112928	-57.190849	0.282107	-114.371120	0.365937	-121.429575	-0.223568
650.000001	-122.008257	-0.416081	-60.569058	-0.391350	-112.909338	0.268047	-121.923860	0.010085
700.000001	-118.088459	-0.490974	-64.022873	-0.208797	-109.599805	-0.436318	-118.522913	0.097288
750.000001	-122.830106	-0.403261	-53.250541	-0.441836	-111.829063	-0.367184	-122.164324	-0.225769
800.000001	-120.783854	-0.252312	-59.861471	0.007602	-115.772499	-0.035697	-119.742918	-0.209832
850.000001	-129.215134	-0.478576	-63.762135	-0.444979	-107.879926	-0.337443	-117.056039	-0.327933
900.000001	-109.862287	0.039066	-56.641349	-0.456854	-127.028525	0.278605	-122.748734	0.025975
950.000001	-128.320440	-0.379684	-57.706550	-0.130153	-107.969023	-0.289484	-117.278541	-0.446319
1000.000001	-117.118471	-0.191526	-67.022051	-0.113941	-112.892065	0.418321	-121.190452	-0.238332
1050.000001	-122.843899	0.099830	-54.990707	0.471035	-135.017554	0.326890	-116.278296	0.106218
1100.000001	-127.423972	0.321864	-59.669507	-0.462706	-116.569612	0.190251	-115.570623	0.354743
1150.000001	-126.499429	-0.432618	-57.693598	-0.224140	-118.154002	-0.016976	-122.637783	0.193879
1200.000001	-119.217913	-0.042605	-60.412357	0.103842	-119.375477	-0.298241	-120.107464	0.040399
1250.000001	-115.740271	0.196350	-68.023197	0.250964	-124.866459	-0.453448	-134.290215	-0.255473
1300.000001	-117.815589	0.075210	-62.986955	-0.345117	-114.116149	-0.179415	-124.669996	0.093280
1350.000001	-127.010431	-0.050423	-59.121566	0.378189	-117.984569	0.072019	-118.135810	0.343138
1400.000001	-122.869188	0.140847	-67.929043	0.284686	-113.596409	-0.189958	-125.401566	-0.211590
1450.000001	-119.380285	0.168010	-56.455402	-0.167249	-129.051889	0.183847	-139.223269	-0.385847
1500.000001	-125.027348	0.278307	-69.758800	-0.403121	-115.208114	-0.147225	-130.481528	0.407350
1550.000001	-131.361540	0.462314	-67.814817	-0.305041	-126.098042	0.462120	-121.640867	0.439428
1600.000001	-122.055151	-0.244584	-61.195374	-0.210816	-134.306963	0.394197	-121.756429	-0.406565
1650.000001	-122.338020	-0.018804	-74.626800	0.184442	-115.172085	-0.439648	-125.138055	0.051271
1700.000002	-121.360957	-0.461466	-72.347203	0.480752	-124.561187	0.206324	-117.157284	0.353338
1750.000002	-121.361990	0.013199	-66.775109	0.237460	-117.862999	0.145552	-117.092387	0.087518
1800.000002	-130.284503	-0.350303	-60.205828	-0.136316	-124.441380	0.156939	-123.313148	-0.206459
1850.000002	-125.235478	0.206306	-76.413758	0.420257	-115.021551	-0.178357	-116.029408	-0.291689
1900.000002	-116.005924	0.271877	-60.785841	-0.361303	-121.740404	0.429492	-124.646118	0.460921
1950.000002	-123.971311	0.496237	-62.078434	-0.440783	-117.594788	0.499593	-122.903301	-0.260132
2000.000002	-117.901358	-0.309091	-60.093688	-0.299485	-115.551011	-0.396525	-120.157621	-0.245134
2050.000002	-122.185593	-0.045805	-77.778521	-0.316170	-115.521229	0.233065	-120.900331	0.211863
2100.000002	-121.039124	0.492484	-61.993016	0.163858	-122.775328	-0.022684	-119.677056	-0.299094
2150.000002	-120.141366	0.484522	-64.456669	-0.318225	-117.687245	-0.047601	-124.970226	0.489891
2200.000002	-122.300531	-0.346794	-73.765447	-0.084809	-126.985956	-0.010989	-117.216486	-0.466729
2250.000002	-121.417350	0.434762	-66.590346	-0.067073	-120.317303	-0.288063	-120.559819	-0.485942
2300.000002	-113.200913	-0.460295	-65.568505	0.160181	-117.097115	-0.398084	-122.466081	-0.200023
2350.000002	-121.352247	0.014354	-63.571803	0.332623	-123.103081	-0.469972	-123.715999	-0.488830
2400.000002	-125.634362	0.459465	-69.768761	0.004257	-114.146572	0.425896	-121.265398	-0.039514
2450.000002	-117.016731	0.114318	-65.861840	0.499065	-113.777765	-0.303882	-120.295470	-0.481462
2500.000002	-124.948008	-0.045647	-64.532219	0.184294	-131.239543	0.136790	-134.775114	-0.427587
2550.000002	-124.478030	-0.149762	-71.848901	0.008865	-119.115243	-0.480132	-122.084313	0.121914
2600.000002	-117.288789	-0.297838	-69.833561	0.300167	-122.168849	0.024729	-126.863406	-0.036991
2650.000002	-131.071978	0.479116	-68.761609	0.178054	-123.677315	-0.325206	-126.858376	-0.444586
2700.000002	-118.836045	-0.242494	-62.018817	-0.246435	-119.570221	-0.091959	-118.425959	0.458158
2750.000002	-135.911849	-0.230262	-71.823962	-0.416317	-123.016369	0.495110	-122.071125	-0.366206
2800.000002	-129.361835	0.405291	-60.393971	-0.339578	-130.023395	0.491336	-121.518073	0.293561
2850.000003	-126.260359	0.473336	-62.803570	-0.005940	-124.822215	0.440601	-138.058450	-0.008775
2900.000003	-130.698268	-0.006793	-79.032699	-0.008969	-117.621912	-0.167362	-118.585880	0.273083
2950.000003	-123.006837	-0.345084	-74.999299	0.036272	-124.762695	-0.044984	-119.093718	-0.233625
3000.000003	-130.815978	0.033243	-63.645310	0.373209	-127.712497	0.200251	-127.214242	0.035892
3050.000003	-127.408035	0.370247	-66.276936	0.035048	-120.560931	0.182849	-121.483239	0.230226
3100.000003	-121.631116	-0.132467	-67.466271	0.315983	-117.000324	-0.104459	-118.668414	-0.242306
3150.000003	-115.216404	0.273775	-77.376337	-0.116148	-128.054804	0.416760	-117.306957	0.430236
3200.000003	-125.569488	0.344884	-61.084197	0.004008	-121.181078	0.276918	-120.420583	0.496456
3250.000003	-125.703487	0.187773	-73.774736	-0.362439	-121.620502	-0.496024	-117.744680	0.187921
3300.000003	-124.568947	-0.208740	-64.257232	-0.244966	-134.493649	0.310776	-122.156174	-0.465840
3350.000003	-122.597367	0.448003	-70.528059	-0.438819	-122.548473	0.100036	-118.774945	0.036092
3400.000003	-126.678500	0.440372	-67.041216	-0.268614	-121.170380	-0.176574	-129.506704	-0.134236
3450.000003	-123.919651	0.201557	-66.329495	0.190767	-118.294574	0.491085	-133.364229	0.392340
3500.000003	-120.267585	-0.157444	-73.626164	-0.190232	-123.983126	0.032552	-121.234125	-0.440083
3550.000003	-120.031533	0.282909	-71.096943	-0.088959	-125.637573	-0.047928	-117.459297	-0.137026
3600.000003	-138.935914	0.241927	-79.018939	-0.403648	-122.115228	-0.015026	-121.783508	-0.239344
3650.000003	-138.094435	0.135454	-68.881178	0.404321	-123.633713	0.044018	-121.846580	-0.087573
3700.000003	-118.024944	0.091456	-67.037838	-0.047963	-126.404190	-0.351381	-119.365706	-0.073522
3750.000003	-114.165089	-0.015484	-68.307884	-0.269113	-120.658707	-0.073859	-132.231174	-0.021961
3800.000003	-123.480045	-0.326945	-67.887718	0.284876	-121.763702	0.288053	-130.356155	0.198236
3850.000003	-117.661438	-0.456084	-71.851566	0.100741	-118.223203	0.463527	-123.235661	0.244414
3900.000003	-118.233765	0.027773	-72.436097	0.124048	-113.703117	0.100174	-116.661144	-0.019051
3950.000003	-122.820566	0.396870	-74.147095	0.404222	-113.748906	-0.384478	-122.404564	-0.462643
4000.000004	-121.462930	0.460191	-64.602682	-0.376901	-118.269585	-0.354195	-127.755772	-0.106962
4050.000004	-121.723932	-0.482115	-70.625568	0.265407	-132.892294	-0.103942	-137.977862	0.354154
4100.000004	-115.945759	-0.449463	-82.057492	-0.032148	-127.164984	-0.229410	-118.125773	-0.473549
4150.000004	-117.299650	-0.421157	-68.760643	-0.035172	-121.746918	0.073183	-123.244615	-0.005681
4200.000004	-121.361979	-0.486356	-67.700188	-0.158313	-136.885111	-0.466212	-124.391947	0.046269
4250.000004	-121.175229	0.285272	-81.743545	-0.030963	-126.332673	0.462443	-124.726786	0.476454
4300.000004	-36.142617	-0.203894	-10.714528	0.368827	-105.590701	0.332564	-111.210973	0.292675
4350.000004	-121.697813	0.027928	-73.211361	0.434820	-123.541400	0.373613	-124.481268	-0.224187
4400.000004	-122.871301	-0.307517	-68.256801	-0.280385	-121.183268	-0.232422	-126.741528	0.497945
4450.000004	-122.334472	0.376291	-80.739151	0.186612	-122.789052	0.058163	-121.752035	-0.284919
4500.000004	-127.163318	0.469107	-71.608995	0.084974	-119.010464	0.159245	-124.638496	0.366690
4550.000004	-119.724142	0.269045	-76.167576	0.339231	-117.012788	0.200326	-128.114612	-0.099552
4600.000004	-122.865572	-0.104695	-72.710345	-0.202519	-120.541038	0.079916	-122.347519	-0.305777
4650.000004	-125.601529	0.408127	-72.482564	0.306009	-121.004673	0.170270	-125.138694	0.121236
4700.000004	-135.079196	0.226714	-77.525843	-0.036584	-123.039727	0.336960	-119.709418	0.264487
4750.000004	-124.873699	0.140762	-77.493660	0.496781	-125.244926	-0.398985	-121.225739	0.165019
4800.000004	-134.259106	-0.208761	-68.970483	0.430811	-129.550672	-0.368336	-120.432221	0.440248
4850.000004	-129.256734	0.265493	-66.750349	-0.493669	-131.063815	0.440592	-125.863874	0.217094
4900.000004	-121.835706	0.442687	-71.502183	-0.494269	-122.697550	0.175286	-123.633208	-0.369186
4950.000004	-121.286934	-0.168537	-66.522777	0.276538	-121.290056	-0.306180	-126.448522	0.231767
5000.000004	-129.765788	0.158531	-68.200450	0.454298	-122.530252	0.225892	-121.105950	-0.430411
5050.000004	-122.289227	0.011410	-71.853957	0.157557	-118.887159	-0.435614	-114.575660	0.469527
5100.000005	-123.444259	0.032098	-77.525352	0.233760	-127.012233	0.163010	-119.640211	-0.325124
5150.000005	-127.272632	0.207147	-68.036120	-0.047675	-126.005455	-0.301789	-116.074184	0.409781
5200.000005	-126.029345	0.388491	-68.320159	-0.414309	-124.714011	0.454845	-121.939492	0.406797
5250.000005	-126.390854	0.309054	-67.584780	0.420143	-122.590647	0.146368	-120.198809	0.381437
5300.000005	-120.983601	0.319620	-74.419669	-0.475875	-118.421946	-0.188605	-130.970952	-0.074188
5350.000005	-121.187938	0.395032	-69.071696	-0.327456	-123.301127	-0.279302	-119.290608	0.287430
5400.000005	-125.667164	0.032150	-81.440025	0.274954	-129.527947	0.381837	-122.100497	-0.443823
5450.000005	-121.017079	-0.181430	-73.565344	-0.455748	-128.893295	0.291649	-125.696361	-0.104682
5500.000005	-126.360737	-0.211914	-68.379860	0.457218	-125.148409	-0.148096	-130.297854	-0.341443
5550.000005	-126.261248	0.472446	-71.686319	0.302694	-128.631535	-0.354908	-127.074438	0.115817
5600.000005	-120.143923	-0.077912	-79.066507	0.153128	-116.889069	-0.040281	-128.671255	-0.010200
5650.000005	-118.030018	0.324953	-82.170021	-0.236001	-120.940940	-0.373584	-123.036333	0.349580
5700.000005	-121.244278	0.266588	-78.253175	0.113815	-123.848620	-0.365676	-123.823536	-0.163375
5750.000005	-127.081336	-0.092026	-67.259730	-0.323958	-121.990789	-0.102403	-118.017834	0.309256
5800.000005	-127.977437	0.336968	-75.167106	0.180520	-120.188683	-0.341669	-121.370310	-0.354331
5850.000005	-118.854731	0.260629	-75.563605	-0.016954	-127.919648	0.023005	-119.443680	0.326561
5900.000005	-123.441361	-0.174762	-74.799234	-0.285151	-117.258983	0.190056	-120.593693	-0.068549
5950.000005	-118.275676	-0.286170	-72.754698	0.230861	-128.079800	-0.050359	-119.517883	-0.085075
6000.000005	-118.512046	0.421417	-74.451030	0.017916	-126.620739	0.109170	-125.299003	0.397457
6050.000005	-121.324616	-0.446362	-70.336292	0.476676	-115.039214	0.381626	-127.645364	0.132691
6100.000005	-122.823986	-0.090560	-78.899922	-0.055518	-120.613756	-0.452949	-119.700499	0.104002
6150.000005	-124.944031	0.196271	-75.902911	0.258259	-117.051749	-0.484582	-123.048638	-0.380082
6200.000005	-114.382045	0.347531	-73.889005	0.158345	-122.920872	0.134857	-127.165522	0.136508
6250.000006	-126.363296	-0.007968	-69.148870	-0.260101	-127.968533	-0.222483	-128.796196	0.453804
6300.000006	-119.493782	0.485682	-71.529754	0.411473	-131.850244	0.070729	-134.149851	0.354468
6350.000006	-122.700875	0.178020	-79.677447	-0.282378	-118.744117	-0.017476	-127.413222	0.026140
6400.000006	-119.355260	0.336491	-69.108610	0.238472	-125.294826	-0.237213	-129.114447	-0.461522
6450.000006	-133.939235	0.060251	-72.693473	-0.007251	-136.383007	-0.305594	-124.130512	-0.171464
6500.000006	-120.687407	0.020381	-69.108128	0.453702	-125.809544	-0.042733	-125.749686	0.208077
6550.000006	-122.884379	0.268294	-73.284028	0.331092	-121.156458	0.488155	-117.774176	0.118878
6600.000006	-128.790438	0.233261	-75.187715	-0.154802	-123.931032	0.002952	-129.605831	-0.288597
6650.000006	-118.058424	0.132086	-78.370292	0.088440	-125.897873	-0.184880	-129.469111	0.367684
6700.000006	-120.082483	-0.455951	-72.814698	-0.251544	-120.831044	-0.213546	-124.427162	0.214458
6750.000006	-116.913125	0.186233	-73.764369	0.218217	-125.463533	0.258732	-123.974430	-0.472736
6800.000006	-121.306437	-0.409546	-70.512674	-0.072643	-129.361303	-0.424907	-122.463037	-0.329708
6850.000006	-128.814185	-0.246014	-69.456908	0.382843	-117.307082	0.295756	-114.036341	-0.196245
6900.000006	-125.414281	-0.296590	-68.106919	0.484928	-118.890356	-0.193051	-131.628252	-0.219160
6950.000006	-117.409068	0.343141	-78.458904	0.464555	-135.089325	-0.375112	-118.210483	0.183941
7000.000006	-116.525429	0.133357	-69.180789	0.261516	-121.231975	0.032274	-118.508567	-0.036290
7050.000006	-127.302300	0.125572	-77.390552	-0.018645	-140.674465	0.468080	-129.687890	0.410262
7100.000006	-125.885741	-0.375297	-71.136474	-0.297753	-123.744211	-0.041709	-122.504927	-0.424890
7150.000006	-132.024860	-0.377131	-70.734664	0.052164	-118.336204	-0.266854	-119.139193	-0.453013
7200.000006	-117.978397	-0.278951	-78.598166	-0.446272	-121.834441	-0.122465	-134.629406	0.234138
7250.000006	-121.573022	-0.187462	-72.740717	-0.488417	-127.477077	-0.034701	-122.139927	-0.043194
7300.000006	-118.260595	-0.359533	-74.622311	0.364492	-120.064261	0.471839	-124.102140	-0.229203
7350.000007	-121.029884	0.031170	-79.313976	-0.370413	-124.243578	-0.187531	-120.205116	0.111827
7400.000007	-130.208802	0.089897	-74.101919	-0.052100	-120.636089	-0.096331	-125.013391	-0.262257
7450.000007	-122.650029	0.417038	-69.174671	0.151665	-123.052540	0.398751	-124.559788	-0.241502
7500.000007	-128.187042	-0.208561	-95.298474	0.348573	-120.335983	0.372455	-141.663778	0.030700
7550.000007	-114.774427	-0.125336	-72.054218	-0.321180	-119.619742	-0.295859	-118.201574	-0.060688
7600.000007	-125.704133	0.046053	-76.136828	-0.176074	-125.298806	0.028449	-128.939295	-0.305070
7650.000007	-132.265622	0.452755	-77.443046	-0.028336	-122.042977	-0.471735	-123.252790	0.119124
7700.000007	-135.842503	-0.328732	-76.469503	-0.158464	-134.477461	0.411769	-129.877205	-0.149102
7750.000007	-126.665083	-0.199401	-69.209562	-0.040467	-124.932967	-0.372174	-125.606371	0.327025
7800.000007	-124.401105	0.302914	-74.239802	-0.337754	-125.556666	0.232208	-123.584473	0.155892
7850.000007	-120.559672	0.058977	-79.419199	0.489633	-115.614031	-0.498683	-128.363005	0.286472
7900.000007	-126.424659	0.408435	-75.366694	0.482558	-119.297424	0.484628	-125.529297	0.203812
7950.000007	-118.554061	-0.473131	-76.550360	0.217910	-120.751526	-0.164989	-124.088610	0.282873
8000.000007	-119.216317	0.082195	-80.104891	0.306312	-112.788802	0.043568	-113.672367	0.072586
8050.000007	-117.139993	0.141422	-85.694609	0.322673	-132.433820	-0.198015	-117.938429	-0.158574
8100.000007	-137.921621	-0.193502	-76.241840	-0.262571	-123.703343	-0.203550	-123.535260	0.406199
8150.000007	-117.115028	-0.130732	-74.715490	-0.355730	-118.869677	0.477144	-120.262132	0.426659
8200.000007	-126.804384	-0.319613	-70.805413	-0.095845	-134.825284	-0.026793	-126.700154	0.405559
8250.000007	-118.295937	0.478531	-73.252644	0.151095	-119.256468	0.308585	-119.262233	-0.450087
8300.000007	-121.742070	0.120914	-82.592085	0.428389	-116.115146	-0.159758	-129.206486	-0.448272
8350.000007	-122.121717	-0.430444	-78.282796	0.231337	-124.303928	0.392636	-120.609181	0.447085
8400.000007	-115.660551	-0.431525	-79.550317	-0.432257	-120.437023	-0.407892	-118.609501	-0.202939
8450.000007	-114.230718	-0.372213	-71.943177	0.489058	-122.615341	-0.437650	-127.059373	-0.483614
8500.000008	-120.867847	0.191144	-70.419405	0.464323	-128.024364	0.096431	-132.036124	0.132857
8550.000008	-118.338706	-0.087867	-77.931296	0.259558	-119.812909	-0.205164	-120.492176	-0.289384
8600.000008	-111.064907	-0.447385	-76.430734	-0.189582	-132.893666	0.280206	-118.360645	-0.262591
8650.000008	-116.881164	-0.148263	-73.066679	-0.216562	-117.803674	0.271719	-123.930098	-0.069599
8700.000008	-133.789509	0.403599	-83.144693	-0.450456	-143.352467	0.205384	-122.004107	-0.151781
8750.000008	-124.986606	-0.283842	-73.927432	0.445650	-128.738651	0.123902	-130.590034	-0.396204
8800.000008	-118.045874	-0.074736	-86.294240	0.311882	-121.749291	0.045772	-127.223941	0.030367
8850.000008	-120.221885	0.109074	-74.880699	-0.416205	-118.361531	0.438616	-116.539450	0.392212
8900.000008	-120.744515	0.298408	-72.909562	0.031171	-119.683158	0.000915	-119.292923	-0.415854
8950.000008	-118.533850	-0.020653	-79.158454	-0.255896	-125.089889	0.314361	-128.046486	-0.466761
9000.000008	-115.460937	0.061585	-75.362347	0.228074	-120.172441	0.041630	-114.847456	-0.044199
9050.000008	-131.058106	0.350444	-98.932182	-0.496985	-124.219847	-0.289438	-122.271048	0.092741
9100.000008	-123.992500	0.289137	-73.448164	-0.217457	-118.665716	-0.046035	-119.678700	-0.243666
9150.000008	-123.310044	-0.236110	-74.836761	0.495916	-126.525427	0.242592	-121.148371	-0.345363
9200.000008	-125.380489	0.140914	-84.739440	-0.449046	-120.567338	0.311588	-131.154489	0.300329
9250.000008	-120.564846	-0.462039	-77.387193	-0.475474	-118.001501	-0.182038	-124.673967	0.388244
9300.000008	-127.116978	0.079554	-78.779485	0.485861	-132.380163	-0.495865	-124.530477	0.150577
9350.000008	-116.630526	0.451274	-76.295417	-0.439338	-123.033632	-0.065613	-121.764909	-0.173624
9400.000008	-119.026122	-0.441473	-98.160859	-0.253542	-121.878650	0.103226	-126.233837	0.014374
9450.000008	-123.273871	-0.285458	-72.036053	-0.406003	-123.077976	0.276785	-127.602147	-0.453675
9500.000008	-114.813955	0.091490	-71.889031	-0.002237	-122.793042	-0.351481	-123.621032	0.251684
9550.000008	-117.304680	0.234388	-74.079704	-0.011494	-118.052850	-0.290562	-122.629457	-0.299186
9600.000009	-123.815758	-0.244446	-81.851469	-0.160876	-128.280057	0.017687	-120.125942	-0.132687
9650.000009	-136.181368	0.057086	-74.337556	-0.289847	-117.613112	-0.202037	-121.771731	0.333863
9700.000009	-116.811193	-0.446189	-74.409099	0.173384	-113.593909	-0.339294	-135.905635	-0.049684
9750.000009	-124.425214	0.055536	-88.355995	-0.078781	-123.848228	-0.423392	-115.993675	0.361224
9800.000009	-125.509406	-0.320281	-73.908935	0.369537	-135.300472	-0.120522	-117.549648	-0.186876
9850.000009	-127.127841	0.430933	-68.828796	0.055391	-124.091892	0.102841	-122.060523	-0.394938
9900.000009	-123.403813	-0.036106	-84.344857	0.190211	-118.820738	0.101272	-126.200940	-0.352117
9950.000009	-119.100745	0.433951	-76.231403	-0.126369	-126.301868	0.458880	-123.388591	0.468255
10000.000009	-118.437268	-0.384018	-84.310763	-0.150490	-119.694749	-0.467160	-135.410334	0.422327
10050.000009	-122.181310	0.390333	-79.819937	-0.206429	-140.920938	-0.115081	-115.071451	0.362200
10100.000009	-121.491862	0.035715	-75.190981	0.383761	-123.866345	0.449485	-119.525621	-0.177447
10150.000009	-117.796304	-0.040986	-75.287407	-0.096242	-122.094262	-0.247324	-121.731993	-0.361687
10200.000009	-122.480135	-0.448004	-84.253001	0.285393	-128.957725	0.186903	-143.735657	0.382381
10250.000009	-121.973339	0.062408	-75.185760	0.374789	-129.311090	0.032082	-117.019853	-0.086339
10300.000009	-126.566306	0.051867	-74.821965	-0.410709	-127.092234	0.419643	-127.971509	-0.007503
10350.000009	-134.627457	-0.062044	-82.894562	0.308395	-122.335184	0.046775	-127.945998	0.188815
10400.000009	-119.483514	0.414654	-78.016012	-0.275900	-129.514505	0.138128	-116.951895	0.061646
10450.000009	-116.425897	0.277660	-72.422021	0.078347	-119.600221	0.099882	-118.963947	0.411512
10500.000009	-121.856999	0.489618	-82.693913	0.032875	-123.715061	-0.254885	-118.863880	-0.213501
10550.000009	-133.140015	0.177278	-87.072431	-0.427934	-119.065221	0.202774	-124.072005	0.301654
10600.000009	-125.657693	0.489000	-73.977024	0.406418	-123.028157	-0.482573	-115.204477	0.468111
10650.000009	-124.176821	-0.146447	-82.277818	-0.462872	-128.330536	0.463686	-122.055902	0.488487
10700.000009	-126.080510	0.480876	-82.766192	0.305738	-119.761267	-0.273787	-136.030968	0.137873
10750.000010	-123.568342	0.214448	-79.390021	-0.369485	-126.262125	0.134802	-128.962585	0.052158
10800.000010	-119.425725	-0.373846	-79.701753	0.220276	-117.775279	0.374188	-122.914578	-0.478373
10850.000010	-119.964323	-0.461372	-79.385419	0.435210	-126.151018	0.395211	-129.406180	0.082197
10900.000010	-133.279132	-0.379180	-82.736329	-0.445754	-125.588907	0.087604	-127.429296	-0.276313
10950.000010	-119.008318	0.450154	-86.389590	-0.365627	-116.582870	-0.380909	-134.632593	-0.379742
11000.000010	-116.218766	0.451706	-70.449366	0.329876	-121.094491	-0.455640	-120.389043	-0.281015
11050.000010	-125.239004	0.136065	-72.374989	-0.077469	-127.146001	-0.354303	-118.936379	0.114769
11100.000010	-115.670715	-0.467467	-74.679761	0.334808	-123.567011	-0.389472	-145.808773	0.337950
11150.000010	-124.172972	-0.305490	-75.144984	-0.055759	-117.632062	0.363599	-122.277898	-0.010090
11200.000010	-122.810393	0.343642	-87.179463	0.259732	-117.277287	0.205704	-125.715033	0.372345
11250.000010	-121.460804	-0.464631	-93.325656	0.385602	-128.419153	-0.025962	-123.173343	0.385654
11300.000010	-121.848650	-0.419624	-73.356965	-0.316609	-125.069120	-0.208159	-119.035506	0.450564
11350.000010	-121.138716	-0.107579	-78.231174	0.339865	-122.095690	-0.226641	-118.543713	0.272798
11400.000010	-120.002654	0.360740	-77.558140	0.293878	-117.100948	-0.283081	-123.703510	0.047784
11450.000010	-121.942446	-0.409869	-77.221699	-0.186564	-119.472952	-0.312957	-133.979628	0.141448
11500.000010	-133.093287	-0.157473	-77.095696	-0.062825	-123.497122	-0.347490	-117.007860	-0.299841
11550.000010	-119.342462	0.033828	-80.012424	-0.345815	-118.980153	0.050448	-121.372448	-0.061550
11600.000010	-118.251434	0.434398	-73.939861	-0.342119	-120.077916	-0.301564	-145.194632	-0.071614
11650.000010	-129.220048	-0.463681	-74.244057	0.053578	-119.287370	0.283008	-131.771982	-0.139889
11700.000010	-122.518720	0.377382	-76.375069	0.432017	-130.668123	-0.390901	-116.239407	-0.479743
11750.000010	-116.940476	-0.389631	-72.879293	-0.242283	-117.565364	-0.415147	-119.815223	-0.217456
11800.000010	-122.531013	0.303992	-79.194640	-0.198067	-119.528305	-0.420037	-122.458398	0.028229
11850.000010	-122.551032	0.197328	-78.390555	-0.364712	-127.908216	-0.367459	-130.540766	-0.493746
11900.000011	-129.269642	0.493890	-83.109324	0.328458	-123.534980	-0.420423	-130.987506	0.454573
11950.000011	-129.140804	0.448833	-77.920469	0.475979	-120.311092	-0.377467	-118.281385	0.448421
12000.000011	-114.109817	-0.230130	-82.780058	0.360571	-131.545297	0.356582	-128.935765	0.479882
12050.000011	-115.566223	0.358178	-71.648083	0.128262	-119.424017	0.361302	-123.333878	0.456550
12100.000011	-138.008285	-0.355076	-74.779299	0.046329	-114.543342	-0.218189	-122.803657	-0.243667
12150.000011	-122.603754	-0.144292	-79.072171	0.397719	-140.070353	-0.201180	-128.924441	0.479016
12200.000011	-126.775679	0.320161	-75.092095	0.391802	-132.930614	0.198193	-125.512613	0.079934
12250.000011	-133.634138	0.084165	-79.739469	-0.066748	-124.896433	0.350369	-118.267696	0.329164
12300.000011	-123.710357	-0.219162	-92.355449	-0.465693	-124.866264	-0.291914	-124.303195	-0.114521
12350.000011	-120.078201	0.153005	-77.722356	-0.333656	-122.055720	-0.273681	-130.481916	0.242549
12400.000011	-122.957485	0.341818	-76.118638	0.423243	-129.230547	0.251751	-117.939890	0.330417
12450.000011	-120.626078	-0.308819	-86.343972	0.289826	-119.138490	-0.387753	-124.913935	-0.014033
12500.000011	-118.949349	0.254771	-75.023044	-0.236995	-118.200755	0.222275	-132.139916	0.475172
12550.000011	-124.138826	0.081302	-77.707327	0.223777	-124.084806	-0.090984	-131.384024	-0.330525
12600.000011	-119.781805	0.293835	-74.890148	-0.429415	-134.145865	0.169124	-122.823080	0.279939
12650.000011	-119.762284	0.334693	-75.515106	0.305411	-117.662637	0.469594	-128.180123	-0.001140
12700.000011	-122.969567	-0.401896	-81.560255	0.046763	-121.032723	-0.241747	-147.588903	-0.076712
12750.000011	-121.172864	0.256486	-78.334652	0.055647	-122.073174	0.307988	-128.502718	0.136896
12800.000011	-121.163065	0.330408	-100.900899	0.053739	-120.527640	0.301290	-121.925474	0.124767
12850.000011	-120.995682	-0.093728	-75.253882	0.189289	-123.740273	-0.234215	-115.981150	-0.099667
12900.000011	-96.687170	0.393182	-72.303790	-0.092774	-128.617620	-0.205957	-119.727055	0.233248
12950.000011	-124.478829	0.340079	-87.579729	0.477061	-119.578589	-0.460407	-120.656023	0.349807
13000.000012	-133.716226	0.089799	-96.886360	0.129695	-119.153366	-0.494838	-116.590764	0.188915
13050.000012	-122.559215	0.276244	-73.239626	0.373113	-126.986891	0.348746	-124.890895	0.301781
13100.000012	-133.668714	-0.134934	-75.008870	0.354028	-117.668333	0.120302	-133.092337	0.023471
13150.000012	-130.197683	0.128308	-72.751134	-0.295870	-125.890294	-0.397869	-125.913216	0.137627
13200.000012	-120.912739	0.214740	-75.024082	-0.046299	-133.602070	0.145819	-116.312219	0.044685
13250.000012	-121.070669	0.453069	-89.122902	0.442990	-119.658618	0.175579	-122.589121	0.473273
13300.000012	-125.463962	0.338679	-77.725862	-0.033422	-122.824675	-0.491394	-124.385423	0.121005
13350.000012	-117.830374	-0.097794	-74.593355	0.110653	-126.293816	-0.237289	-122.295694	0.040939
13400.000012	-118.358228	-0.140192	-80.172031	0.154601	-118.477332	-0.124785	-114.782610	-0.310217
13450.000012	-129.906072	-0.418999	-86.705656	0.324761	-127.616619	-0.345369	-116.481138	0.191279
13500.000012	-113.889425	-0.082389	-76.210552	0.106411	-119.479684	-9.139323E-5	-132.409946	-0.186677
13550.000012	-149.301794	0.179588	-85.848783	0.473776	-128.143245	-0.494565	-124.555387	0.031927
13600.000012	-124.906917	0.079511	-68.790664	0.453969	-132.059822	0.198035	-135.070511	0.320814
13650.000012	-123.464985	0.157751	-80.286991	-0.359820	-118.273652	0.343162	-123.792222	0.338648
13700.000012	-117.592812	0.453716	-76.652904	0.490904	-125.408714	0.466623	-126.842903	-0.403996
13750.000012	-124.293078	0.245765	-78.060970	-0.362546	-122.097275	0.298835	-123.818335	0.325845
13800.000012	-122.859691	-0.485831	-82.550382	0.264991	-123.497183	0.303037	-117.239099	-0.303630
13850.000012	-119.051465	-0.491470	-81.086254	0.400326	-122.144349	0.127077	-116.345312	0.101943
13900.000012	-119.282836	-0.067969	-70.997634	0.289419	-112.955980	-0.210769	-116.479690	-0.083092
13950.000012	-124.516360	0.046615	-76.953125	-0.307351	-124.103201	0.406183	-134.626357	-0.368563
14000.000012	-118.000773	-0.191376	-79.241355	-0.491968	-120.160012	0.409509	-125.722879	0.453410
14050.000012	-126.737554	-0.335407	-71.777419	-0.442215	-122.660099	-0.486047	-124.059733	0.426930
14100.000012	-118.869027	0.013552	-79.235235	-0.389289	-124.851126	-0.447476	-115.683585	-0.012541
14150.000013	-126.983593	0.457239	-82.913341	0.401321	-127.189825	-0.108152	-133.518114	-0.435439
14200.000013	-121.089888	0.005681	-73.040678	-0.045254	-128.395014	-0.490763	-115.165178	-0.273152
14250.000013	-121.754167	0.058075	-77.077975	-0.224444	-129.223294	-0.226630	-119.721909	0.334488
14300.000013	-127.721959	-0.371030	-77.028616	0.119776	-123.874016	0.277944	-125.338380	0.308347
14350.000013	-118.394600	0.281968	-97.496418	-0.445333	-120.193155	0.342080	-121.816319	-0.343555
14400.000013	-131.503662	-0.389872	-84.050413	-0.196673	-130.581979	-0.242061	-119.070093	-0.181482
14450.000013	-120.476755	0.023356	-90.323590	0.464622	-126.835974	-0.307662	-133.417538	-0.274405
14500.000013	-116.653545	-0.122932	-77.011890	-0.338400	-126.837332	0.009677	-124.254440	0.250115
14550.000013	-122.505220	-0.428410	-79.987295	0.268559	-120.013246	0.260888	-124.704258	-0.009296
14600.000013	-125.799195	-0.113791	-74.769733	-0.067901	-116.230265	0.115570	-116.284410	0.002377
14650.000013	-121.522007	0.448124	-79.776002	0.292336	-120.034094	0.499935	-127.856752	-0.230330
14700.000013	-116.927873	-0.083367	-70.580776	-0.358746	-135.781151	-0.380193	-124.195440	-0.299536
14750.000013	-126.182012	-0.480823	-88.408532	0.200116	-118.909421	0.492457	-120.880572	0.334764
14800.000013	-123.912144	0.286020	-73.339168	0.099358	-127.882222	0.470658	-121.390376	0.386062
14850.000013	-120.777054	-0.119841	-89.415301	-0.247192	-125.637324	-0.032538	-131.485542	-0.017739
14900.000013	-128.501449	0.461390	-74.206158	-0.356576	-124.453466	0.273390	-125.801308	-0.072196
14950.000013	-123.512402	0.448766	-81.918291	0.467449	-117.592399	0.430861	-128.449420	0.181198
15000.000013	-121.287028	-0.069848	-83.357314	0.138557	-118.357602	0.121635	-121.281003	0.101906
15050.000013	-124.570049	-0.377421	-90.734492	-0.235319	-127.552864	0.470929	-115.803301	0.449569
15100.000013	-116.430671	-0.034749	-91.105981	0.056436	-121.097241	-0.058391	-124.324321	0.009588
15150.000013	-123.060231	0.456240	-79.613785	0.003861	-129.441204	0.072401	-123.886969	0.301674
15200.000013	-121.333754	0.045846	-81.689761	0.145690	-130.376686	-0.223499	-118.787388	-0.117378
15250.000014	-115.034991	0.198254	-81.986919	0.465368	-120.839687	-0.361340	-126.271618	0.074016
15300.000014	-119.201031	-0.365206	-72.876411	-0.068157	-122.051281	0.493706	-117.118085	0.491900
15350.000014	-125.332227	0.467997	-83.925335	-0.365596	-127.541255	-0.085993	-117.556121	-0.345811
15400.000014	-124.788099	0.193606	-85.225485	-0.182805	-129.079757	-0.483657	-123.155399	0.142598
15450.000014	-123.944381	0.363064	-77.332092	0.329701	-118.950639	-0.431352	-124.215830	-0.232837
15500.000014	-133.942165	0.399038	-79.816654	0.403411	-118.077862	0.289211	-127.129780	0.239944
15550.000014	-120.519367	0.466239	-86.912269	-0.415165	-121.403584	0.211822	-126.584045	0.116781
15600.000014	-122.737616	-0.155036	-78.116207	0.165130	-120.978815	0.089216	-121.420593	0.156405
15650.000014	-119.793813	-0.214610	-73.230397	-0.434676	-117.686778	0.396357	-120.776321	0.411903
15700.000014	-118.327911	-0.470955	-76.368096	-0.337461	-128.373798	0.021653	-120.958242	-0.472451
15750.000014	-139.266795	0.208693	-78.394465	0.346623	-114.257074	-0.198151	-118.744078	-0.157202
15800.000014	-128.224622	0.198767	-81.065438	-0.412425	-120.213527	0.354788	-122.329567	0.024548
15850.000014	-121.569850	-0.273278	-80.508653	0.113694	-125.727084	0.064759	-121.040718	-0.191755
15900.000014	-127.977554	0.413043	-80.553031	-0.032969	-119.395564	-0.388056	-134.066912	0.191725
15950.000014	-121.914107	0.063610	-75.842620	-0.068555	-121.019456	0.464353	-126.964556	-0.157441
16000.000014	-125.325562	0.242650	-84.386379	-0.486570	-133.201180	-0.222413	-126.336749	0.368266
16050.000014	-120.450910	-0.119007	-72.369333	-0.488903	-135.676330	-0.012299	-123.915678	-0.079950
16100.000014	-124.476085	-0.182100	-79.363670	-0.009348	-135.090726	-0.002346	-135.987144	-0.375542
16150.000014	-127.709655	-0.101455	-81.081289	0.046436	-120.646949	-0.327375	-127.805351	-0.129246
16200.000014	-113.278038	0.490281	-82.250123	-0.108864	-118.141677	-0.315052	-120.571188	0.247536
16250.000014	-124.469563	-0.448027	-77.555602	0.332780	-124.221980	-0.305655	-120.673628	0.484280
16300.000014	-112.576118	0.028486	-78.087452	0.173048	-125.162461	-0.274517	-122.079806	-0.209032
16350.000014	-125.102538	-0.208991	-90.116714	-0.463236	-128.012404	-0.379796	-124.005840	-0.374119
16400.000015	-121.906655	-0.337326	-80.621782	-0.268821	-129.549407	0.477236	-118.462799	-0.360962
16450.000015	-122.556887	0.289251	-83.307189	0.096829	-120.139311	0.239998	-124.100784	0.213376
16500.000015	-116.404975	-0.424496	-75.575384	0.216141	-125.594118	0.136034	-128.712395	0.453271
16550.000015	-137.258626	-0.088999	-84.711937	0.491414	-119.483511	-0.150142	-124.263275	-0.458733
16600.000015	-125.877827	0.268735	-80.948956	-0.412881	-129.747538	0.047841	-118.137137	-0.127426
16650.000015	-124.403217	-0.119218	-73.948281	0.217151	-132.799201	0.216054	-139.680272	-0.374023
16700.000015	-122.036865	-0.496041	-84.640442	0.125394	-126.406452	-0.491727	-123.166711	0.455681
16750.000015	-122.154402	0.051245	-81.160611	-0.482074	-124.479278	-0.282077	-130.513042	-0.407951
16800.000015	-120.806822	0.468202	-80.071989	-0.172117	-125.471113	-0.414399	-122.185346	0.413193
16850.000015	-125.171505	0.394568	-76.382276	0.119931	-120.189838	0.050603	-131.518184	-0.182302
16900.000015	-122.581021	0.179382	-82.026241	-0.180948	-126.710293	-0.067402	-124.952967	-0.349578
16950.000015	-126.997622	0.025993	-76.055965	0.314101	-116.931378	0.213448	-122.908034	0.221903
17000.000015	-122.171049	-0.075672	-74.847613	-0.200837	-134.261960	0.299360	-134.235753	-0.437865
17050.000015	-148.519724	-0.374031	-86.071173	0.204678	-124.770196	-0.121007	-120.295866	0.445288
17100.000015	-121.116796	-0.266576	-86.083985	-0.486878	-126.322553	-0.014585	-118.020581	-0.223366
17150.000015	-120.487496	-0.301838	-79.442122	-0.098175	-122.113420	0.493452	-119.120841	-0.128242
17200.000015	-107.868999	-0.342004	-76.084839	-0.399316	-120.089311	-0.452091	-117.701645	0.374283
17250.000015	-115.889847	-0.468709	-78.747129	-0.332045	-129.532879	0.193708	-133.518599	-0.322882
17300.000015	-117.985814	0.091860	-82.610998	-0.107968	-120.205609	0.060889	-123.898638	0.478183
17350.000015	-121.780219	0.430697	-78.764485	0.063387	-125.320508	0.168722	-127.977390	0.426639
17400.000015	-128.569892	-0.380003	-78.838251	-0.025460	-124.706312	0.492923	-117.373518	0.460282
17450.000015	-122.130886	0.323541	-85.025350	0.022337	-124.628147	-0.454979	-118.014665	0.197046
17500.000016	-125.348688	-0.005868	-89.099006	0.213297	-115.333978	-0.420346	-119.176338	-0.451807
17550.000016	-124.543237	0.469677	-82.172647	0.318767	-122.224298	0.052040	-127.504415	0.100013
17600.000016	-124.141040	0.067306	-90.565375	0.249190	-122.491164	0.055419	-121.042621	0.091297
17650.000016	-136.503181	0.087779	-76.494020	-0.023167	-120.204070	-0.333616	-124.200297	-0.214152
17700.000016	-118.854800	-0.469657	-77.173688	0.499192	-127.150811	-0.261918	-135.407322	0.496189
17750.000016	-126.879387	-0.278009	-91.839898	0.031094	-124.650929	-0.089288	-137.576693	0.226823
17800.000016	-126.457819	-0.394226	-85.604067	-0.271607	-134.185390	0.385218	-120.343497	-0.113816
17850.000016	-116.467712	0.171083	-73.680021	-0.488497	-122.469311	0.329067	-123.857738	-0.035411
17900.000016	-128.593534	0.003502	-74.167711	-0.353363	-116.435096	0.413679	-128.163487	-0.265213
17950.000016	-124.949299	0.092188	-77.305472	0.459938	-118.890330	0.332121	-125.809159	0.088026
18000.000016	-123.413815	0.499265	-78.812359	0.277621	-116.877627	0.483521	-123.980432	0.316709
18050.000016	-127.460043	-0.107224	-87.397615	0.170816	-116.122276	-0.445884	-123.628579	0.160909
18100.000016	-122.377345	-0.264708	-78.218920	-0.480321	-121.182695	-0.429060	-123.689892	-0.386470
18150.000016	-124.542342	0.479613	-84.369935	-0.446570	-123.462543	-0.456100	-123.479020	-0.278586
18200.000016	-128.562616	-0.186182	-79.106801	0.178021	-123.773536	0.169694	-129.121239	0.494707
18250.000016	-117.581631	0.088824	-87.366543	-0.273852	-127.411577	0.347243	-120.396534	0.243850
18300.000016	-130.356268	0.124567	-75.040706	-0.156744	-124.846599	0.089400	-122.320769	-0.410581
18350.000016	-127.557145	-0.438921	-90.918188	0.403620	-126.599016	0.181749	-122.659139	-0.425107
18400.000016	-125.481131	0.129343	-88.071787	-0.105717	-127.221122	-0.265496	-115.634428	-0.092161
18450.000016	-122.127439	0.260372	-80.936190	0.374720	-125.994035	0.336731	-120.975831	0.020340
18500.000016	-126.358189	0.014639	-83.053094	0.262636	-123.022284	-0.122832	-123.262313	0.344869
18550.000016	-130.463978	0.208024	-79.916023	0.201123	-122.593959	-0.299067	-123.398122	-0.102026
18600.000016	-115.107794	0.106547	-76.774452	0.012458	-118.091011	-0.068617	-126.596490	0.251360
18650.000017	-120.645496	0.058238	-76.630128	0.405051	-141.862081	-0.246790	-122.349557	-0.028481
18700.000017	-133.893467	0.228605	-79.321008	0.211901	-120.015322	-0.307312	-119.381515	-0.298375
18750.000017	-126.354376	0.267617	-78.555520	-0.183128	-121.095771	0.441447	-118.995395	-0.262433
18800.000017	-117.304195	-0.414340	-96.660723	-0.228072	-115.992776	-0.424337	-122.956752	-0.218855
18850.000017	-131.846285	-0.219035	-88.756647	0.356536	-125.168663	-0.027322	-121.244445	0.077199
18900.000017	-125.916326	-0.007017	-83.032863	0.322831	-122.378639	0.120917	-117.788727	-0.179341
18950.000017	-127.100731	-0.263076	-75.791470	0.454347	-123.306402	0.036436	-128.960412	0.402681
19000.000017	-121.434878	-0.139547	-77.704878	0.186300	-114.914341	0.036494	-119.551586	-0.137068
19050.000017	-115.454922	0.274646	-90.989285	-0.079494	-128.571625	-0.275027	-128.968838	-0.405469
19100.000017	-118.106258	0.082118	-75.380062	-0.206200	-121.670789	0.044201	-122.283412	-0.022973
19150.000017	-120.790751	0.262312	-82.268348	0.471906	-122.724042	0.369588	-126.882500	-0.474791
19200.000017	-123.385645	0.071151	-80.390164	-0.340427	-125.123099	-0.124675	-121.334456	0.201121
19250.000017	-125.595088	0.168959	-72.042008	0.030842	-117.623224	-0.466813	-116.053940	-0.037885
19300.000017	-120.412732	-0.222216	-78.830554	-0.346053	-122.921336	-0.457059	-120.563499	-0.204507
19350.000017	-126.197807	-0.110493	-78.406882	-0.141519	-119.245096	-0.310122	-117.045206	-0.398303
19400.000017	-122.042077	0.456809	-81.122912	-0.204373	-116.867418	0.339160	-125.326383	0.153760
19450.000017	-121.256718	-0.432706	-80.772016	-0.242482	-120.562496	-0.460066	-121.594978	-0.315944
19500.000017	-122.247426	0.363538	-76.501799	-0.446612	-125.310516	0.038879	-125.762903	-0.439024
19550.000017	-120.543952	0.173362	-72.254806	-0.192222	-124.560556	0.059551	-125.540064	0.324691
19600.000017	-125.866488	0.427297	-92.627406	-0.223693	-123.737616	-0.349094	-121.562028	-0.177681
19650.000017	-120.873089	0.349165	-82.747675	0.436189	-127.508064	0.393026	-117.808022	0.488269
19700.000017	-121.243589	-0.044459	-80.218557	-0.029003	-127.166299	-0.158508	-130.782933	-0.478517
19750.000017	-123.050209	-0.153027	-86.158013	0.194258	-134.507984	0.173595	-117.905517	0.364446
19800.000018	-118.365643	-0.477727	-86.489050	-0.040749	-117.138565	0.396582	-128.572677	-0.339135
19850.000018	-122.318448	0.031657	-73.901381	0.092893	-124.413020	0.178844	-131.982869	-0.207609
19900.000018	-126.262110	0.189987	-81.354395	-0.195292	-116.892307	0.368733	-119.823766	0.331670
19950.000018	-117.795321	0.183607	-84.735349	0.215923	-121.273205	0.368031	-117.985812	0.349933
20000.000018	-124.290730	-0.324808	-86.376362	0.459388	-118.051516	0.243750	-118.129608	0.163622
