% f622.txt
% Date Thu, Jul 15, 2021 5:00 PM
% Sine seq
% Response spectrum
% Stim level (V pk) 0.100, 0 dB filter gain, 120.0 dB attenuation
% Stim RMS (V) 0.000
% Freq [Hz]	Ch0 Mag [dB]	Ch0 Phase [cyc]	Ch1 Mag [dB]	Ch1 Phase [cyc]	Ch2 Mag [dB]	Ch2 Phase [cyc]	Ch3 Mag [dB]	Ch3 Phase [cyc]
%%end
50.000000	-129.502620	0.181431	-52.348147	0.015754	-94.220056	-0.079491	-113.569860	0.031651
100.000000	-114.219897	0.116524	-51.814329	0.477422	-103.454858	-0.177404	-110.052256	-0.035728
150.000000	-117.070400	0.372661	-56.227505	0.359482	-109.380186	-0.141712	-116.130602	-0.302664
200.000000	-117.423745	0.454620	-55.581844	0.305533	-107.026741	0.456123	-120.194078	0.250203
250.000000	-124.122948	-0.468913	-51.412923	-0.297688	-111.114809	-0.458224	-125.984048	-0.196289
300.000000	-96.491191	0.186840	-49.212052	-0.049861	-110.878374	0.211191	-109.442566	0.498158
350.000000	-116.440235	-0.230083	-69.556404	0.427324	-113.099789	-0.135325	-121.201113	0.158196
400.000000	-117.742770	-0.241161	-63.715703	-0.245198	-105.670771	-0.346578	-126.005499	0.357954
450.000000	-134.216565	-0.207296	-60.365949	-0.390780	-110.590313	-0.274453	-119.019362	0.405210
500.000000	-117.452411	0.239644	-53.051548	0.063351	-118.747975	-0.242946	-118.034260	0.405736
550.000000	-121.595080	-0.084116	-54.124891	0.123362	-104.126901	0.058498	-131.653429	0.442835
600.000001	-120.227071	0.439405	-60.304099	-0.268739	-106.615764	0.076923	-113.435692	-0.457634
650.000001	-119.742392	0.126579	-61.598468	0.256928	-114.119284	0.281675	-118.153066	0.419536
700.000001	-135.406447	-0.086739	-55.813538	0.376462	-113.259935	0.018955	-121.968846	0.280555
750.000001	-118.615856	0.142996	-68.211566	-0.473079	-112.131684	0.158023	-118.852571	0.131147
800.000001	-118.636913	0.220795	-58.680345	-0.277567	-121.458102	-0.272234	-121.673082	0.497853
850.000001	-115.702065	0.029408	-55.888811	0.017358	-105.523171	-0.320075	-118.589071	-0.126293
900.000001	-112.015406	0.309411	-64.329971	0.458068	-116.162683	-0.304616	-127.177776	-0.129093
950.000001	-128.472278	-0.242267	-60.823707	-0.100013	-136.801721	-0.001015	-118.085937	0.343107
1000.000001	-114.350450	-0.087997	-61.456675	0.336658	-119.247919	0.248122	-122.299930	0.437144
1050.000001	-119.224473	0.076583	-64.305349	-0.041218	-121.267286	0.317749	-119.694275	-0.254459
1100.000001	-119.036327	0.007440	-55.395733	0.279121	-118.807534	0.341873	-116.365053	0.130089
1150.000001	-123.524994	0.405669	-64.636661	-0.388702	-123.205924	-0.117871	-123.090238	-0.121137
1200.000001	-127.873805	-0.091858	-63.587204	0.460749	-117.788854	0.276148	-124.204993	0.477215
1250.000001	-119.048216	-0.197754	-57.554610	-0.132754	-117.724371	0.322934	-122.384789	0.177343
1300.000001	-121.659447	0.253772	-61.290680	0.017088	-116.874234	-0.201278	-133.696867	0.283440
1350.000001	-124.621587	0.406320	-96.666204	-0.231270	-125.416383	0.288743	-117.892237	-0.395074
1400.000001	-123.223761	0.041684	-66.547159	-0.235496	-118.699392	-0.295696	-115.311104	0.325247
1450.000001	-116.821166	-0.424227	-62.625691	0.071946	-122.124738	0.239549	-118.540100	-0.456744
1500.000001	-128.759845	0.398327	-61.305311	-0.285023	-120.746360	-0.350407	-119.623744	-0.037468
1550.000001	-122.982240	0.068161	-62.341655	0.265114	-120.626972	0.198205	-119.492500	-0.323352
1600.000001	-115.916806	0.449226	-72.193312	0.246890	-131.699943	-0.188501	-126.836935	0.295057
1650.000001	-120.807246	-0.237645	-67.755227	-0.491030	-117.022929	0.482193	-130.502461	-0.217457
1700.000002	-117.251401	-0.251431	-69.515959	0.186260	-119.401211	0.356868	-120.401371	-0.080248
1750.000002	-122.826617	0.370121	-57.674990	0.414015	-118.589936	0.274015	-120.539938	0.290341
1800.000002	-37.751294	-0.209348	-16.398764	0.453304	-112.317263	0.311011	-124.023340	-0.062924
1850.000002	-129.292729	0.054089	-80.885579	0.330958	-124.233348	-0.499697	-124.873361	-0.357629
1900.000002	-123.621803	-0.463782	-70.656010	0.399516	-114.261858	0.036969	-126.927080	-0.176806
1950.000002	-117.124793	-0.418436	-70.891641	-0.042112	-128.915213	-0.022543	-114.899078	-0.226595
2000.000002	-117.906519	0.455909	-63.310493	-0.468718	-113.883039	-0.497700	-129.222260	-0.019933
2050.000002	-128.906178	0.131557	-66.040438	-0.114114	-125.976514	-0.066643	-123.184290	-0.389843
2100.000002	-117.581356	0.443999	-62.832562	0.436792	-120.086078	0.443194	-116.237817	-0.435231
2150.000002	-122.760211	0.238534	-64.017709	0.493785	-115.806560	0.380721	-120.786256	0.033050
2200.000002	-117.222367	0.107012	-67.604758	-0.214677	-121.587927	-0.296994	-129.240490	-0.134189
2250.000002	-126.392732	0.062168	-57.687095	-0.465282	-119.580058	0.390513	-136.263610	0.275497
2300.000002	-120.860091	0.269136	-62.012443	-0.182291	-122.096072	-0.094587	-120.491723	-0.060422
2350.000002	-118.165170	0.087383	-64.556051	-0.491505	-125.219304	0.459556	-140.313895	-0.467337
2400.000002	-128.837105	-0.050758	-63.266131	-0.238934	-119.005298	0.299282	-131.859415	0.131072
2450.000002	-126.895836	-0.036068	-77.457375	0.386678	-123.645082	0.219924	-129.150236	-0.496419
2500.000002	-119.015105	0.400862	-67.276303	0.024770	-126.729342	-0.398244	-127.708757	-0.093442
2550.000002	-115.551835	0.254930	-67.930124	0.031327	-117.484062	-0.482753	-121.475046	-0.384658
2600.000002	-125.731307	0.391108	-80.805475	-0.130465	-127.391912	-0.365451	-134.628352	-0.351430
2650.000002	-131.411524	0.332989	-65.853891	0.249775	-123.327085	0.446770	-123.771520	-0.487575
2700.000002	-123.119000	-0.475089	-68.747211	0.285546	-118.547518	0.026001	-122.605474	-0.005520
2750.000002	-123.155962	0.001168	-62.959457	-0.227470	-117.924425	0.328399	-131.753164	0.202645
2800.000002	-121.323011	-0.210264	-69.264593	0.368252	-120.544727	0.027792	-119.904387	0.130394
2850.000003	-144.409980	0.093643	-62.531634	0.358014	-122.786472	-0.468834	-122.535546	-0.252468
2900.000003	-120.916085	0.390060	-62.339953	0.214621	-126.623083	-0.366144	-124.095134	0.413141
2950.000003	-122.401020	-0.252623	-68.798941	-0.250227	-128.712455	-0.473446	-127.510710	-0.298734
3000.000003	-129.084039	0.081967	-64.744279	0.159724	-115.653984	0.465837	-123.712591	-0.257227
3050.000003	-128.300948	-0.099134	-66.006881	0.151058	-115.135937	0.126124	-124.760953	0.005357
3100.000003	-123.069875	0.079941	-60.946041	-0.386582	-130.456465	-0.176986	-117.261770	0.120911
3150.000003	-122.131747	0.481948	-69.588935	-0.398207	-119.275128	0.424659	-116.744160	-0.407024
3200.000003	-116.280202	-0.289684	-66.505972	-0.119518	-116.020302	0.466594	-121.286960	-0.445888
3250.000003	-130.657806	-0.027875	-69.078537	0.167423	-131.006072	-0.039005	-138.020141	-0.391095
3300.000003	-120.102131	-0.494202	-66.616802	-0.131463	-124.280237	-0.108306	-131.654605	0.426467
3350.000003	-118.671709	-0.334633	-72.481938	-0.074688	-118.379914	-0.287931	-121.818891	0.432757
3400.000003	-114.838037	0.242892	-71.020757	0.243657	-121.872588	0.141326	-117.077785	0.399371
3450.000003	-118.082463	0.431964	-67.451668	-0.252935	-127.050365	0.058627	-118.932736	-0.244227
3500.000003	-119.934752	-0.278297	-69.159195	0.283528	-126.058051	-0.306024	-115.243425	0.469061
3550.000003	-131.521012	0.228234	-73.708666	-0.245650	-120.220141	0.190315	-118.514325	0.379698
3600.000003	-123.491659	-0.315701	-67.507525	-0.028241	-129.141314	-0.154124	-125.156806	-0.330479
3650.000003	-143.950893	-0.463449	-62.294659	0.107256	-119.952178	-0.056403	-137.905182	-0.005543
3700.000003	-119.737095	-0.059433	-77.992544	0.145555	-117.183350	-0.020988	-119.397968	-0.112937
3750.000003	-123.868990	-0.330664	-68.062562	-0.196373	-124.832462	-0.298540	-127.348031	0.289832
3800.000003	-119.009452	0.137488	-66.939720	-0.429051	-139.502454	0.224956	-126.619348	0.060689
3850.000003	-116.867354	0.341102	-68.743613	-0.333227	-119.919630	0.219701	-123.318937	-0.444056
3900.000003	-121.953097	0.367045	-73.109559	-0.322139	-133.275923	-0.006200	-129.284444	0.087442
3950.000003	-125.509253	-0.254596	-68.345796	0.052839	-120.446190	-0.387181	-123.196966	-0.462719
4000.000004	-124.273696	0.271510	-70.378690	0.105699	-121.852396	0.127405	-118.656946	0.306940
4050.000004	-122.105178	0.178216	-64.666081	-0.222064	-117.991638	0.225607	-128.515754	0.171635
4100.000004	-121.940541	-0.110969	-68.806997	0.137150	-119.036325	0.380405	-122.009394	-0.455272
4150.000004	-120.324068	0.305507	-73.024770	0.409932	-116.341842	0.260693	-118.052752	0.258171
4200.000004	-118.209775	-0.161983	-73.776032	0.161483	-122.421620	0.063212	-122.615639	-0.068081
4250.000004	-120.659028	0.231562	-68.644523	0.482437	-130.520156	-0.119763	-126.425168	0.271759
4300.000004	-135.628989	0.288537	-67.052079	0.391820	-121.145527	0.014262	-132.169579	0.014486
4350.000004	-129.684961	-0.163890	-80.605862	0.489272	-127.219589	-0.202073	-116.300086	0.430341
4400.000004	-118.958630	-0.365045	-64.358362	-0.180768	-125.048976	0.364105	-121.050375	-0.316435
4450.000004	-129.682325	0.257137	-74.645299	0.462030	-124.848852	0.204054	-133.441426	0.442587
4500.000004	-121.908170	0.274048	-86.324339	-0.459382	-126.827493	0.491332	-131.845237	-0.224527
4550.000004	-113.411242	0.340007	-74.558536	0.365133	-119.514909	0.117151	-121.143243	0.324120
4600.000004	-124.835632	-0.126007	-70.727026	-0.317737	-114.765973	-0.193272	-124.240735	0.478789
4650.000004	-119.375924	0.161146	-75.692875	-0.100703	-122.472277	0.190341	-124.361489	-0.046516
4700.000004	-118.867298	-0.269606	-71.078609	-0.406888	-117.401442	-0.349931	-121.587712	-0.319205
4750.000004	-133.094812	-0.249782	-85.854847	0.085740	-122.331024	-0.133948	-123.062098	-0.258005
4800.000004	-119.535753	-0.491050	-77.764068	0.415953	-126.448950	-0.019948	-118.143982	-0.392068
4850.000004	-120.933032	-0.009942	-68.039254	0.381890	-123.399948	-0.312077	-128.919543	0.149964
4900.000004	-123.229664	0.457725	-64.001976	-0.012543	-129.386821	-0.079012	-126.996753	0.394985
4950.000004	-119.520413	-0.497987	-67.475857	0.406021	-126.729920	-0.105565	-126.186845	-0.308740
5000.000004	-125.388805	0.476473	-84.700245	0.010431	-119.881314	-0.259431	-120.627944	0.074981
5050.000004	-118.314690	-0.008013	-78.721411	0.499491	-122.435075	-0.143793	-130.158855	-0.258353
5100.000005	-124.170790	0.384243	-68.982763	-0.014293	-119.410041	0.301721	-123.170152	0.485166
5150.000005	-119.739498	0.067210	-78.383996	0.027672	-127.244864	-0.497429	-117.360255	0.007297
5200.000005	-121.006555	-0.488681	-77.250525	-0.479188	-121.178845	0.386834	-130.749176	-0.000883
5250.000005	-128.238344	0.026413	-71.168063	-0.059035	-123.603160	0.108862	-125.037966	0.298627
5300.000005	-127.499070	0.078866	-70.913712	-0.320002	-125.330564	0.338362	-121.828219	0.361952
5350.000005	-140.684209	-0.415631	-76.314744	0.011968	-116.924258	-0.176050	-125.862238	-0.123198
5400.000005	-100.478855	0.426030	-67.230307	-0.009609	-127.517844	-0.241099	-120.720341	-0.358683
5450.000005	-115.016104	0.007397	-76.497036	-0.135549	-125.445234	0.448182	-122.172409	-0.413531
5500.000005	-131.028877	-0.401517	-73.154404	-0.278873	-122.293249	-0.174820	-135.904344	-0.498292
5550.000005	-121.046786	-0.272742	-67.687519	0.342205	-123.786727	-0.215230	-121.013315	0.383366
5600.000005	-119.391345	-0.465136	-67.454751	-0.486930	-119.983238	0.254507	-129.309783	-0.398896
5650.000005	-116.628337	0.476139	-73.336770	0.384329	-116.303629	-0.329933	-126.098302	0.108888
5700.000005	-132.058352	-0.004190	-74.325772	-0.259293	-116.751285	-0.270442	-126.741026	0.379799
5750.000005	-118.840427	-0.402280	-72.736348	-0.078616	-122.531589	-0.100523	-126.391671	-0.148999
5800.000005	-122.166481	0.120920	-74.373653	0.464002	-119.722703	0.048720	-126.201330	0.238099
5850.000005	-122.676153	-0.066622	-66.878723	0.460037	-121.137714	-0.175786	-121.091559	-0.100781
5900.000005	-120.759579	0.154430	-79.008243	0.120164	-125.082745	0.229716	-125.985016	0.286183
5950.000005	-125.377934	-0.155954	-76.278500	0.022760	-117.350179	0.250324	-122.825004	-0.274553
6000.000005	-126.942511	0.012651	-76.061909	0.329448	-116.420726	0.326995	-125.176607	0.481440
6050.000005	-115.800479	0.024622	-70.255068	-0.109062	-128.327026	0.289238	-119.545178	0.131463
6100.000005	-123.706875	0.294683	-67.515728	0.045834	-128.697743	-0.402425	-121.960748	0.473162
6150.000005	-140.499272	-0.472891	-67.828095	0.460948	-135.573359	-0.158841	-122.771865	0.242126
6200.000005	-135.788805	0.180080	-72.296377	0.048676	-118.410929	-0.053253	-129.801679	-0.121775
6250.000006	-117.437686	-0.392844	-79.294565	-0.224592	-121.680696	-0.321820	-130.760713	-0.436402
6300.000006	-139.843128	0.417307	-73.806111	-0.187836	-120.672255	0.222360	-123.004909	0.071589
6350.000006	-120.906148	0.448800	-67.550535	0.029319	-121.895357	-0.375523	-119.183353	0.127786
6400.000006	-117.847900	-0.285222	-71.067196	-0.075036	-122.805530	-0.098479	-117.536695	0.424120
6450.000006	-123.723655	-0.475614	-69.087838	0.268808	-121.610149	-0.143724	-122.382858	-0.286254
6500.000006	-119.378355	-0.076683	-65.940331	-0.145669	-117.360720	0.004989	-122.143484	-0.062126
6550.000006	-122.522973	-0.155261	-87.592309	0.382189	-121.236527	-0.166849	-135.573728	0.435387
6600.000006	-125.242630	0.012676	-71.026716	0.166220	-123.809380	0.450309	-117.203058	0.223628
6650.000006	-121.207167	-0.122232	-74.659904	0.088077	-120.231059	-0.044979	-123.319367	0.058591
6700.000006	-122.097769	-0.192438	-67.023203	-0.467199	-143.197756	-0.051675	-119.968174	-0.199605
6750.000006	-123.378325	0.328751	-94.884286	-0.451089	-125.552114	0.110111	-129.821777	-0.136716
6800.000006	-119.460142	0.012437	-74.415357	-0.144286	-128.245184	-0.125174	-131.097351	-0.272177
6850.000006	-125.076960	-0.439283	-79.000300	-0.021953	-124.369036	-0.170949	-119.924043	-0.283335
6900.000006	-127.177925	0.418884	-71.417522	-0.159156	-118.124359	0.040606	-118.104349	0.249072
6950.000006	-130.054227	0.154523	-81.807836	0.317630	-124.469059	0.306810	-127.153702	0.435693
7000.000006	-122.731310	-0.366468	-87.387724	0.271997	-120.711180	0.389275	-116.125403	0.397856
7050.000006	-122.646233	-0.493417	-76.386828	-0.280354	-122.416599	-0.334694	-121.622181	0.308403
7100.000006	-116.931898	-0.024194	-75.738323	0.120572	-124.204345	0.216597	-122.631863	0.137567
7150.000006	-137.954461	-0.091117	-88.397763	-0.371783	-123.378377	0.125887	-138.942514	-0.211292
7200.000006	-98.578865	-0.339935	-72.599729	-0.078098	-125.709398	0.137048	-118.403112	0.421549
7250.000006	-122.053846	-0.347729	-78.412169	-0.301482	-126.011465	0.153839	-126.626276	0.000849
7300.000006	-125.447399	-0.015501	-71.824024	-0.291129	-120.060237	-0.084686	-118.267405	-0.356844
7350.000007	-132.176864	0.112778	-71.368875	-0.271816	-123.331731	0.193481	-118.715664	0.200053
7400.000007	-124.784364	0.167571	-68.741294	-0.131157	-127.571767	-0.126270	-125.073322	-0.214151
7450.000007	-122.076556	0.071292	-71.102914	-0.307384	-127.695406	0.484356	-120.565152	0.208216
7500.000007	-128.045379	0.184180	-76.088546	0.245387	-123.097510	0.187102	-121.079835	-0.465073
7550.000007	-123.989901	0.086792	-69.267535	0.363837	-137.512386	-0.353668	-120.649612	0.009471
7600.000007	-121.234434	-0.243091	-70.417322	-0.401970	-119.941341	-0.087807	-120.372686	0.203737
7650.000007	-124.284097	-0.264002	-67.647270	-0.473307	-120.853844	-0.444545	-115.621072	-0.318763
7700.000007	-116.445288	0.388764	-77.577137	0.311696	-126.268616	0.378047	-123.984378	0.259280
7750.000007	-117.013371	-0.000338	-66.574102	-0.335985	-116.798169	-0.228473	-131.709762	-0.395719
7800.000007	-127.782634	0.208899	-78.676046	-0.432239	-120.266816	-0.421844	-125.139181	-0.298965
7850.000007	-137.706856	-0.460216	-78.574856	-0.346321	-130.762963	0.303543	-124.496789	-0.078329
7900.000007	-123.420943	0.281980	-77.170531	-0.188095	-120.590600	-0.382418	-123.967658	-0.497409
7950.000007	-124.824853	0.094869	-82.337051	0.245532	-120.908286	0.058021	-117.646371	0.129889
8000.000007	-114.786414	-0.343832	-75.093858	-0.354060	-112.619252	-0.177805	-117.349067	-0.277759
8050.000007	-129.923127	-0.309269	-72.223065	-0.300641	-123.208278	0.067476	-124.342312	-0.126433
8100.000007	-115.439405	0.458750	-86.305816	0.089089	-123.103669	0.029026	-125.988685	0.282843
8150.000007	-121.943203	0.394171	-71.393960	0.093670	-132.096937	-0.111402	-135.568996	-0.108729
8200.000007	-127.354059	-0.311210	-70.674969	-0.223817	-113.856299	-0.244031	-117.509924	-0.083485
8250.000007	-121.177029	-0.017747	-70.880826	0.219172	-121.441925	-0.401768	-127.617905	-0.258382
8300.000007	-116.347740	-0.044819	-69.263872	-0.408977	-122.068937	0.113913	-118.242077	0.189468
8350.000007	-117.657115	-0.430128	-90.099429	-0.436305	-120.153620	-0.064230	-116.118036	0.240134
8400.000007	-121.403019	-0.491302	-72.851381	-0.228666	-127.607548	0.282269	-118.609802	-0.207272
8450.000007	-122.144444	-0.453597	-78.006095	0.390230	-126.191647	0.411616	-120.652746	-0.140055
8500.000008	-122.187190	-0.492532	-78.516388	0.453885	-121.579982	0.382577	-114.153071	-0.329967
8550.000008	-127.970214	0.336942	-88.892574	-0.002558	-122.720380	0.290812	-122.898978	0.224887
8600.000008	-120.711812	-0.009364	-71.945976	-0.081634	-120.126025	-0.160646	-120.530929	-0.198721
8650.000008	-121.530936	-0.352954	-73.039357	-0.490049	-133.915359	0.188354	-121.449573	-0.285705
8700.000008	-133.132405	-0.111000	-82.296970	-0.240795	-130.163409	-0.183104	-120.230977	-0.412794
8750.000008	-127.205535	-0.226526	-100.182922	0.164367	-129.438229	0.428716	-116.781294	-0.184662
8800.000008	-125.125711	0.291727	-80.261430	-0.431688	-115.362805	-0.189568	-117.062020	-0.111337
8850.000008	-115.613349	0.081404	-70.436641	-0.341206	-118.958052	-0.164329	-119.006539	-0.402569
8900.000008	-116.994201	-0.241013	-78.818523	0.492764	-125.787296	-0.021642	-120.671078	-0.324888
8950.000008	-123.538956	-0.042976	-73.221275	0.137852	-119.129978	0.018264	-123.706108	0.047445
9000.000008	-103.315943	0.416184	-74.365432	0.144008	-131.801457	-0.472448	-120.324025	0.059229
9050.000008	-121.267606	-0.383340	-76.576592	-0.280252	-120.874343	-0.168667	-123.321296	-0.304128
9100.000008	-121.381533	-0.365543	-76.698611	-0.190555	-118.457821	-0.331089	-125.258105	0.026491
9150.000008	-131.715872	0.181742	-74.291856	-0.457884	-120.601599	0.246587	-118.664113	0.437451
9200.000008	-121.233166	-0.022852	-78.734681	-0.462197	-116.886989	-0.435151	-125.796165	0.186283
9250.000008	-117.459342	0.194842	-77.096908	0.433200	-118.628585	-0.356144	-122.224816	0.154632
9300.000008	-133.325805	0.016677	-79.923566	0.332251	-122.338219	0.241876	-114.348316	-0.084700
9350.000008	-133.847125	0.030990	-91.717059	0.119077	-126.630249	0.196817	-119.469253	-0.252540
9400.000008	-122.872968	0.245114	-72.388838	-0.406847	-121.908813	0.416002	-126.872449	-0.392444
9450.000008	-128.961650	-0.471022	-77.632518	-0.423486	-117.405216	-0.375418	-122.576729	-0.234554
9500.000008	-117.665995	0.442966	-75.036771	-0.490217	-123.460299	0.236311	-133.173934	0.357500
9550.000008	-121.157075	-0.009408	-73.337872	0.024501	-115.075059	0.177656	-127.921142	0.188433
9600.000009	-123.662310	0.441101	-89.069336	-0.095972	-127.176508	-0.262077	-117.544748	0.259134
9650.000009	-122.513607	-0.164995	-71.170910	0.453734	-116.867243	-0.288149	-126.016777	0.082616
9700.000009	-116.387010	-0.104748	-82.320128	-0.074372	-121.760654	-0.012554	-131.728902	0.037690
9750.000009	-128.296826	0.001580	-81.473825	0.172476	-125.137295	-0.344583	-121.323268	0.060744
9800.000009	-113.488390	-0.133872	-76.629199	-0.119193	-123.553707	-0.246623	-129.611193	0.256784
9850.000009	-117.061079	-0.438905	-75.336140	-0.154884	-118.282009	0.401481	-131.215268	0.115408
9900.000009	-117.647264	-0.429492	-72.714237	0.247140	-120.515960	-0.260359	-128.983694	-0.218893
9950.000009	-122.738696	0.207821	-75.008510	0.337982	-130.424297	0.075376	-119.579744	0.315730
10000.000009	-120.626974	0.433439	-80.087635	0.255069	-120.252729	-0.449189	-118.855577	0.327965
10050.000009	-141.470942	0.486269	-73.694604	-0.347764	-120.543672	-0.490146	-122.120299	-0.479597
10100.000009	-116.675603	-0.234017	-72.908627	-0.435017	-127.837314	0.386113	-124.800532	-0.022158
10150.000009	-120.926607	-0.325480	-74.256684	-0.074525	-120.831346	-0.275781	-120.923405	-0.155111
10200.000009	-122.635971	-0.284204	-78.640289	0.240267	-121.954349	-0.042209	-123.068728	-0.354101
10250.000009	-118.413409	-0.066067	-78.577966	0.304493	-126.679914	0.009142	-129.467137	-0.302337
10300.000009	-125.499514	0.240271	-78.326152	0.433994	-126.459627	0.381359	-120.848215	-0.373619
10350.000009	-120.113830	0.078268	-77.135264	-0.354941	-131.318163	-0.187087	-120.006822	-0.169323
10400.000009	-121.785281	0.357562	-78.105938	-0.131025	-125.433093	0.227963	-120.661109	0.262100
10450.000009	-119.071997	0.376507	-75.550765	-0.136833	-124.871673	-0.449007	-134.109667	0.421151
10500.000009	-117.461858	-0.098475	-77.069919	-0.229562	-129.016139	-0.083490	-125.839516	0.363298
10550.000009	-124.837093	0.397709	-69.274556	0.239417	-120.929003	0.426318	-115.971327	-0.023534
10600.000009	-120.456049	0.182893	-74.779251	-0.155871	-118.400484	0.029392	-124.776171	-0.482179
10650.000009	-124.898667	-0.368615	-73.002144	0.202612	-132.224769	0.422578	-121.705974	0.314196
10700.000009	-124.185652	-0.154936	-72.200887	0.233414	-133.143034	0.461793	-115.557427	0.466064
10750.000010	-123.754077	0.162822	-78.018343	-0.281840	-122.811498	-0.201050	-121.263654	-0.250914
10800.000010	-103.772642	-0.264666	-77.611509	-0.008875	-126.702729	-0.084553	-124.698749	-0.354421
10850.000010	-122.970981	-0.373900	-86.936314	0.136631	-117.323309	0.413603	-130.313641	0.110601
10900.000010	-137.367806	0.056464	-71.248318	0.168705	-122.119150	0.378627	-117.167581	0.213003
10950.000010	-127.701328	0.278699	-97.131500	-0.121771	-119.457586	0.429539	-137.963315	0.451269
11000.000010	-129.978694	-0.153951	-93.874392	-0.494620	-127.777371	0.247817	-122.149075	0.283666
11050.000010	-123.468713	0.362371	-76.799530	0.438421	-123.692472	-0.395614	-120.067694	0.015767
11100.000010	-116.963567	0.052673	-80.626983	-0.016105	-133.004590	0.351369	-114.771309	0.090410
11150.000010	-120.224829	0.232686	-70.527281	-0.312980	-121.458538	0.121809	-117.039468	-0.336740
11200.000010	-120.603882	0.165288	-74.808916	-0.427651	-128.526681	0.052178	-118.980875	0.210340
11250.000010	-124.766922	0.110100	-76.728086	-0.475052	-118.241881	0.164458	-125.085047	-0.133382
11300.000010	-123.593108	-0.123283	-75.053795	-0.368976	-116.461601	0.147566	-131.427827	0.089352
11350.000010	-120.840409	0.066721	-81.589130	-0.477394	-124.494243	0.057555	-119.233174	0.040608
11400.000010	-123.671731	0.190017	-70.373754	-0.425797	-126.728268	0.339063	-119.199145	0.088313
11450.000010	-119.582018	0.476966	-72.393480	-0.036101	-115.699110	0.166168	-125.882625	-0.414724
11500.000010	-115.612090	0.104924	-76.723910	0.205177	-126.970275	0.091084	-124.559478	-0.288732
11550.000010	-122.504536	0.258817	-77.244922	-0.433036	-122.288566	-0.308507	-118.053862	0.400575
11600.000010	-121.815754	0.255746	-74.887190	0.345006	-113.932320	-0.020060	-122.219461	0.151420
11650.000010	-128.816850	-0.320965	-74.819270	-0.460941	-132.406216	0.268921	-128.195230	-0.246739
11700.000010	-118.225692	-0.107272	-84.928326	-0.225485	-115.773105	-0.348872	-128.405276	-0.333629
11750.000010	-128.826775	-0.294118	-77.791192	0.408813	-130.124573	-0.355838	-125.410118	-0.343137
11800.000010	-123.703309	0.267268	-72.578051	-0.026380	-120.258089	-0.066227	-117.850314	-0.277002
11850.000010	-117.698515	-0.000167	-99.013968	-0.048357	-119.282818	-0.117341	-124.199653	-0.103624
11900.000011	-118.030512	0.133488	-76.625718	-0.490005	-124.302932	-0.366334	-128.532970	0.228561
11950.000011	-121.026704	-0.440274	-77.446684	0.335868	-121.021164	-0.436524	-115.703036	-0.295089
12000.000011	-123.818275	-0.393293	-78.623070	0.001229	-124.301193	0.342376	-121.723717	0.202065
12050.000011	-113.742078	-0.010904	-89.592211	-0.471576	-117.797993	-0.346637	-122.716374	0.056751
12100.000011	-116.545061	0.068488	-84.373592	0.017486	-132.557111	0.038804	-129.447289	0.195278
12150.000011	-120.052139	-0.266093	-79.005483	-0.375752	-123.828988	-0.007278	-127.075388	-0.103036
12200.000011	-122.834400	-0.261381	-79.604892	-0.300709	-127.120629	0.272694	-116.818693	0.050409
12250.000011	-138.040085	0.475153	-77.904294	-0.366044	-119.782417	-0.316458	-126.489705	0.461004
12300.000011	-125.033991	-0.349768	-73.643044	0.361052	-122.418967	-0.101737	-118.869833	-0.197361
12350.000011	-135.310260	0.291866	-73.142797	0.159008	-113.477007	0.237644	-132.219638	-0.363720
12400.000011	-117.438172	0.499520	-73.072742	-0.198457	-118.761187	0.391661	-119.866858	0.227202
12450.000011	-121.386486	-0.348341	-77.018334	-0.156567	-122.829589	-0.247461	-116.933901	-0.341069
12500.000011	-139.837541	-0.143433	-80.207026	0.130297	-119.815259	-0.157458	-117.121730	-0.165087
12550.000011	-126.748689	-0.388605	-74.757797	0.188759	-124.816670	0.027791	-127.835343	0.088275
12600.000011	-112.165631	-0.435922	-74.508144	-0.009734	-120.907095	0.373305	-125.794313	-0.473586
12650.000011	-135.849486	-0.430452	-81.624414	0.256162	-115.059396	-0.372585	-128.051850	0.295905
12700.000011	-118.307337	0.261718	-78.645520	0.406306	-116.812252	-0.466977	-117.964522	-0.320503
12750.000011	-118.515036	-0.209172	-79.953177	-0.282840	-120.932710	-0.083305	-122.998643	-0.047876
12800.000011	-117.901223	-0.402360	-78.752039	-0.041078	-124.545329	-0.406936	-136.839465	-0.196560
12850.000011	-127.862066	-0.162535	-75.328081	0.338921	-127.532298	-0.120239	-126.739066	-0.283737
12900.000011	-121.504118	-0.391282	-83.845223	-0.215907	-118.923373	0.183969	-118.081358	0.207216
12950.000011	-119.434379	0.119340	-72.208602	-0.101960	-119.099030	-0.043391	-120.269059	0.090639
13000.000012	-116.178281	-0.116005	-73.115187	0.192549	-123.343452	-0.148204	-124.755154	-0.116225
13050.000012	-125.295326	0.254908	-75.045018	-0.186945	-120.009116	-0.484190	-121.631738	-0.333860
13100.000012	-124.781074	-0.053731	-79.663300	-0.187585	-115.606166	-0.298047	-118.979339	-0.265698
13150.000012	-119.779668	0.447959	-78.923643	0.092597	-133.559918	-0.139995	-128.349201	-0.056371
13200.000012	-116.863795	0.216664	-76.834663	-0.367449	-130.414160	-0.139595	-122.544323	-0.191844
13250.000012	-121.703684	0.145222	-88.607031	0.208720	-116.584932	0.290938	-120.384060	0.194621
13300.000012	-119.295565	-0.384304	-70.478190	0.013817	-121.556802	-0.285418	-137.478594	0.498961
13350.000012	-123.451508	-0.349936	-71.577123	0.263125	-120.163100	-0.283312	-117.699121	-0.362391
13400.000012	-123.633563	0.066797	-89.202904	0.134196	-115.995594	-0.001706	-115.415918	0.028980
13450.000012	-122.834854	-0.392242	-74.778538	0.270841	-121.759432	-0.199423	-125.869685	0.495590
13500.000012	-126.071285	-0.355401	-91.853837	-0.153715	-134.879374	0.394119	-119.759570	-0.289904
13550.000012	-125.822579	0.103228	-77.227997	0.315911	-118.551256	0.127595	-125.938370	0.267712
13600.000012	-125.445619	0.411733	-76.561037	-0.290910	-115.542355	-0.438039	-126.371592	0.082086
13650.000012	-116.562809	-0.033964	-79.639261	-0.059172	-124.401797	-0.150455	-121.260118	0.310680
13700.000012	-126.441001	0.487080	-72.752562	-0.130500	-116.063159	0.310413	-135.415925	-0.476499
13750.000012	-118.161379	-0.491176	-89.876159	0.079798	-129.789416	0.465136	-124.439370	0.052741
13800.000012	-126.796017	0.305854	-75.313337	-0.277935	-120.926885	0.270315	-122.101832	0.344957
13850.000012	-125.039340	0.319064	-88.227272	-0.180927	-120.711350	-0.470029	-136.250090	0.485159
13900.000012	-123.138288	0.489938	-76.398323	-0.123207	-121.236310	-0.023916	-125.312502	0.021967
13950.000012	-124.185903	0.088675	-102.267804	0.452298	-122.354868	0.164570	-122.472531	0.305638
14000.000012	-128.247638	-0.156918	-81.994909	0.124647	-126.227508	-0.342931	-128.855716	0.248262
14050.000012	-123.726830	-0.166000	-77.074834	-0.273409	-117.018789	0.033154	-119.653154	-0.489722
14100.000012	-126.322766	-0.175836	-80.602339	-0.010108	-120.800346	0.096025	-122.504490	0.207999
14150.000013	-132.344948	-0.052813	-87.960330	-0.091942	-129.088274	0.340219	-124.156435	-0.045862
14200.000013	-125.442441	0.220845	-77.673230	0.194681	-122.946246	0.223794	-120.940209	-0.379622
14250.000013	-122.014831	0.289005	-85.063494	-0.433239	-124.866102	-0.351490	-150.066781	0.346499
14300.000013	-121.794774	0.204633	-85.218668	0.349819	-130.178970	-0.437504	-120.853544	0.083035
14350.000013	-131.288168	0.129903	-79.484820	0.391685	-115.113095	-0.340527	-121.247875	-0.439935
14400.000013	-104.309711	-0.222605	-85.534889	0.438009	-127.969687	0.140322	-119.253267	-0.112622
14450.000013	-122.202532	-0.454581	-76.837107	-0.001004	-131.474026	0.105766	-125.557321	-0.255946
14500.000013	-124.642336	-0.243451	-82.331522	0.109473	-119.787615	0.064815	-117.348477	-0.035566
14550.000013	-119.971438	0.476142	-88.284278	0.474279	-119.711590	0.194447	-125.375162	-0.014920
14600.000013	-120.553206	-0.130962	-76.505827	0.418820	-129.106563	0.481471	-125.835917	-0.287953
14650.000013	-119.643285	0.321546	-83.138220	0.362675	-127.559814	-0.165999	-128.273642	0.226994
14700.000013	-120.832175	0.104480	-83.122729	-0.023727	-131.977972	0.046489	-124.875879	0.273901
14750.000013	-118.048958	-0.103491	-75.793608	0.084193	-123.088611	0.135393	-117.073664	-0.486178
14800.000013	-125.667205	-0.155081	-83.119533	0.310195	-124.669506	-0.214644	-136.936396	0.358593
14850.000013	-125.120173	0.495781	-75.500188	0.321150	-117.723006	-0.077291	-121.628527	0.349499
14900.000013	-125.129878	0.379215	-81.040319	-0.037027	-133.460992	0.402637	-119.482821	0.139433
14950.000013	-125.198526	-0.298937	-74.568067	-0.144478	-114.690144	-0.466743	-122.897133	-0.389800
15000.000013	-118.251699	0.262502	-80.658470	0.422632	-113.711627	-0.491454	-122.429905	-0.379879
15050.000013	-124.002703	0.257437	-74.453081	0.409299	-140.967174	-0.116695	-132.923076	-0.291008
15100.000013	-130.811621	0.465162	-71.398071	0.166278	-117.849919	0.240316	-116.095521	0.329825
15150.000013	-127.188956	-0.076068	-72.104218	0.186769	-123.996648	0.203702	-115.544454	0.316576
15200.000013	-131.846852	0.231425	-81.977398	-0.146747	-124.861434	-0.322254	-132.539124	-0.033095
15250.000014	-120.403393	0.173544	-85.565603	-0.298152	-118.030150	0.157494	-125.395825	-0.385957
15300.000014	-134.522305	-0.486020	-81.908147	-0.408344	-122.149535	0.289290	-124.296407	-0.108588
15350.000014	-128.040480	-0.148238	-88.549462	0.092560	-128.757390	0.289948	-123.518860	-0.277757
15400.000014	-133.912318	-0.381748	-87.572074	0.326082	-119.410491	-0.223361	-118.496283	0.110096
15450.000014	-119.629765	0.139499	-74.703799	0.243681	-120.298676	-0.429490	-119.932265	0.338638
15500.000014	-118.143222	-0.029043	-85.348240	-0.138187	-119.961027	-0.236662	-117.344086	-0.047968
15550.000014	-126.831382	-0.167172	-90.671511	0.139350	-128.158656	-0.074549	-127.170411	0.113784
15600.000014	-128.563146	-0.343137	-75.165045	0.040664	-127.371104	-0.365614	-122.879917	0.170641
15650.000014	-119.996130	0.373706	-79.793101	0.416746	-118.679555	0.287407	-125.677945	0.371233
15700.000014	-118.960686	0.103031	-72.335942	0.394256	-120.795206	-0.397813	-121.957941	-0.254651
15750.000014	-125.183234	-0.129587	-77.884530	-0.379329	-121.797398	-0.338784	-120.124060	-0.436159
15800.000014	-125.462610	0.097895	-119.435650	0.324616	-125.853455	-0.214415	-123.657988	-0.249575
15850.000014	-114.006097	-0.251136	-76.834860	-0.461201	-122.123314	-0.376685	-120.159160	-0.499137
15900.000014	-120.315150	-0.156415	-73.277737	0.313188	-133.536866	-0.150446	-127.295126	-0.341753
15950.000014	-120.337383	0.092892	-79.709916	0.138431	-120.483762	0.427701	-123.305473	-0.367426
16000.000014	-127.444855	0.046839	-77.824285	-0.191937	-127.341672	-0.097611	-127.173333	0.125531
16050.000014	-124.122475	0.216558	-80.778470	0.269627	-129.663805	0.440206	-122.304358	0.499577
16100.000014	-121.862137	0.121230	-78.511194	0.122145	-124.172342	-0.200725	-122.742131	0.494780
16150.000014	-117.236991	-0.194341	-74.912418	0.069566	-118.849749	-0.432096	-120.875344	0.494741
16200.000014	-110.999674	0.154831	-78.294758	-0.277742	-135.604742	-0.428979	-124.561277	-0.217087
16250.000014	-123.268732	-0.491686	-76.764218	0.164874	-126.276776	-0.308785	-129.757375	-0.259968
16300.000014	-121.437447	-0.164308	-80.140369	-0.368246	-120.006171	0.154225	-123.824994	0.015006
16350.000014	-119.960796	0.369732	-84.459927	0.175441	-126.812556	-0.275407	-119.710133	0.482298
16400.000015	-120.473462	-0.085144	-77.134290	-0.132214	-118.395043	0.320034	-126.591898	0.498841
16450.000015	-139.070654	0.167135	-78.044431	-0.216400	-123.124993	-0.479445	-117.978229	0.252356
16500.000015	-124.092540	0.048491	-79.053275	-0.006340	-127.266228	0.092121	-121.616885	-0.167665
16550.000015	-122.467549	-0.084085	-92.482425	0.036766	-128.895793	-0.307989	-123.767121	-0.324170
16600.000015	-132.033544	0.304588	-80.428952	0.486076	-120.496566	0.014219	-123.782299	-0.205855
16650.000015	-124.154354	0.412320	-78.529534	0.140191	-117.433179	0.331733	-120.379737	-0.373016
16700.000015	-117.915078	0.487005	-95.462754	0.044298	-122.068601	0.465774	-118.830465	0.303641
16750.000015	-125.332610	0.153683	-76.352408	0.253320	-125.319309	-0.421383	-125.824607	0.338722
16800.000015	-124.059806	-0.328689	-73.664343	-0.008255	-126.175701	0.244054	-119.343568	-0.351469
16850.000015	-122.766409	-0.360504	-88.647933	0.034032	-116.357361	-0.100452	-119.426352	0.016242
16900.000015	-125.022015	0.296797	-80.578992	0.108906	-120.512660	-0.123078	-115.058225	0.467616
16950.000015	-121.470510	-0.129130	-81.727893	-0.372276	-124.402160	-0.124776	-127.355384	-0.193281
17000.000015	-118.147892	-0.434609	-84.179220	-0.057776	-121.452763	-0.093379	-123.439432	-0.383786
17050.000015	-114.084112	0.219723	-104.508705	0.134945	-134.110816	0.476270	-120.039540	0.317624
17100.000015	-125.601887	-0.106054	-78.191105	0.347881	-123.773063	0.338598	-121.995552	-0.085241
17150.000015	-121.605111	-0.225250	-74.751156	-0.492566	-124.992531	0.293825	-124.262259	0.484716
17200.000015	-121.791960	-0.280407	-83.953315	-0.412368	-122.993923	0.358915	-116.618962	0.183744
17250.000015	-121.167670	-0.078158	-74.818856	0.082765	-128.480894	0.486973	-116.881395	0.455127
17300.000015	-125.263822	0.265320	-81.601517	-0.215039	-121.314155	-0.463429	-127.695664	0.338755
17350.000015	-118.645920	-0.302260	-79.225557	-0.136991	-123.959610	-0.090617	-129.384755	0.148185
17400.000015	-121.143245	-0.299976	-82.679439	-0.443756	-120.295085	-0.491434	-119.329839	-0.050614
17450.000015	-121.741376	0.086335	-91.976891	0.398695	-122.591260	0.450635	-120.433800	-0.479945
17500.000016	-131.218714	0.183161	-86.273134	0.257275	-121.307406	-0.250481	-120.506277	-0.066267
17550.000016	-113.171315	0.469333	-85.727543	-0.198589	-118.693720	0.450504	-119.265644	-0.405329
17600.000016	-124.754655	0.054418	-72.698114	-0.266084	-120.970592	-0.250263	-130.647404	0.276986
17650.000016	-125.249058	0.081513	-76.208752	0.197292	-126.079576	0.303814	-127.434206	-0.199535
17700.000016	-122.366817	0.291965	-79.754709	-0.110300	-120.115708	0.158300	-121.732105	-0.335792
17750.000016	-120.561828	0.154614	-75.061350	0.122020	-121.970741	-0.032260	-122.792628	0.304914
17800.000016	-119.665000	-0.390030	-79.304097	-0.387240	-117.550590	-0.103427	-115.500504	-0.187057
17850.000016	-127.294946	-0.433767	-83.093197	-0.232641	-123.070417	0.272246	-129.480970	0.377955
17900.000016	-118.510961	-0.399863	-85.380774	-0.077800	-123.784143	-0.378645	-119.592712	-0.208278
17950.000016	-127.376242	0.350250	-83.855512	0.193202	-125.120595	0.162999	-116.060808	0.211750
18000.000016	-106.723480	-0.071572	-105.051388	-0.419326	-122.300143	-0.090572	-123.964121	0.433071
18050.000016	-124.090970	0.493248	-81.054375	0.373656	-132.380929	0.351280	-126.102498	0.406451
18100.000016	-116.509153	-0.306575	-87.719524	-0.440361	-124.797123	0.300149	-130.162794	-0.123020
18150.000016	-123.927519	0.071615	-84.189384	-0.009495	-118.880651	0.412084	-122.723713	0.027002
18200.000016	-130.495551	-0.007345	-82.467257	-0.154498	-122.783482	-0.302172	-128.284845	-0.125161
18250.000016	-126.152080	-0.171008	-89.335599	-0.382473	-123.887956	-0.272081	-116.891759	-0.438178
18300.000016	-122.389933	-0.351170	-83.969177	0.434438	-123.032401	-0.363852	-126.404558	-0.395971
18350.000016	-120.743998	0.436802	-85.816227	-0.365092	-124.427874	0.292599	-123.982785	0.342181
18400.000016	-125.768456	0.185204	-75.219035	0.145244	-115.418906	-0.298874	-116.814114	-0.439311
18450.000016	-119.600714	0.008401	-82.309771	-0.126058	-122.978169	-0.304098	-122.885921	-0.412174
18500.000016	-119.861889	-0.478397	-79.193546	-0.362800	-123.918719	0.297107	-132.038557	-0.216931
18550.000016	-121.336125	-0.356692	-81.237545	0.098144	-119.568442	-0.317222	-134.089599	0.431832
18600.000016	-116.382761	-0.083615	-77.095627	0.073507	-119.899285	-0.141444	-121.063978	0.097693
18650.000017	-126.338848	0.355361	-81.310995	-0.211817	-116.267914	-0.126286	-126.520481	-0.461186
18700.000017	-122.567455	0.321532	-80.569657	0.083200	-123.706517	0.048037	-120.431223	0.168467
18750.000017	-121.734372	0.325280	-81.756018	0.419860	-135.760301	0.091885	-119.834458	-0.296351
18800.000017	-127.085460	-0.145336	-81.027539	-0.143906	-120.727329	0.177221	-124.499328	-0.038973
18850.000017	-123.296010	0.272062	-84.558997	-0.191803	-125.505845	0.024135	-119.034571	0.241381
18900.000017	-120.510582	-0.011227	-77.550171	-0.001179	-132.451633	-0.420152	-125.313977	-0.421851
18950.000017	-127.810448	-0.435095	-73.573130	-0.184673	-123.734622	0.487481	-119.123625	-0.437281
19000.000017	-131.990436	0.014288	-83.855774	-0.074215	-125.446124	0.268437	-119.046397	0.173820
19050.000017	-121.813234	-0.436523	-78.280227	-0.024390	-126.570439	0.402611	-118.671569	0.127086
19100.000017	-122.470487	0.166598	-82.742449	-0.146970	-121.800724	0.190517	-114.553865	0.159172
19150.000017	-128.947604	-0.117793	-80.678607	-0.383753	-120.410112	-0.293282	-116.721932	-0.234518
19200.000017	-120.867439	-0.476961	-88.089044	-0.034390	-126.656063	0.039979	-117.851119	0.092325
19250.000017	-136.095460	0.387133	-78.952268	0.310566	-119.913853	0.065749	-116.632611	0.498565
19300.000017	-125.094318	0.401278	-85.141050	0.460364	-119.917477	-0.269802	-120.146787	-0.121100
19350.000017	-125.448860	-0.444412	-85.609125	-0.057868	-117.805770	-0.389407	-130.729188	0.264300
19400.000017	-116.116079	-0.284340	-89.092520	-0.235957	-129.525970	0.054625	-118.966581	-0.279568
19450.000017	-115.399144	-0.146282	-75.560181	-0.119041	-117.866325	-0.204405	-114.261554	-0.264846
19500.000017	-123.804550	0.323195	-79.381070	0.192129	-119.190478	0.008720	-130.423372	-0.409974
19550.000017	-118.541044	0.352213	-91.287428	-0.358189	-122.407647	0.019860	-115.728633	0.238412
19600.000017	-117.815224	-0.390932	-75.546198	-0.331556	-130.174610	0.363413	-123.983164	-0.354673
19650.000017	-124.320161	0.400436	-72.212783	-0.358979	-119.956197	0.193470	-120.589810	-0.306925
19700.000017	-126.259937	-0.358262	-76.316123	-0.444552	-121.937536	-0.184875	-122.294912	0.375405
19750.000017	-125.471516	-0.152310	-87.371497	0.232854	-119.246995	-0.497671	-126.761595	-0.061432
19800.000018	-117.734585	-0.214663	-76.293677	-0.463215	-128.076622	-0.045778	-132.892993	0.192271
19850.000018	-120.967059	-0.318515	-87.654292	-0.020319	-129.934309	0.039979	-115.229095	-0.136048
19900.000018	-122.064481	0.120820	-82.369179	0.144695	-117.602833	0.163172	-121.455289	-0.245506
19950.000018	-130.225148	0.434069	-89.218353	0.388454	-129.212706	0.325117	-119.560512	-0.059967
20000.000018	-125.242339	-0.268634	-82.310446	-0.492194	-127.571433	-0.054180	-117.337735	0.098218
