% f628.txt
% Date Thu, Jul 15, 2021 5:01 PM
% Sine seq
% Response spectrum
% Stim level (V pk) 0.100, 0 dB filter gain, 120.0 dB attenuation
% Stim RMS (V) 0.000
% Freq [Hz]	Ch0 Mag [dB]	Ch0 Phase [cyc]	Ch1 Mag [dB]	Ch1 Phase [cyc]	Ch2 Mag [dB]	Ch2 Phase [cyc]	Ch3 Mag [dB]	Ch3 Phase [cyc]
%%end
50.000000	-118.907730	0.379495	-64.457423	0.365678	-101.907797	0.039125	-118.707072	-0.457143
100.000000	-127.692384	-0.236393	-52.734216	0.226373	-108.471752	-0.350710	-121.177930	0.249282
150.000000	-124.419610	0.423192	-54.825584	-0.267663	-110.760638	-0.188047	-119.812823	-0.471491
200.000000	-137.040381	-0.416743	-63.563441	0.378133	-95.465982	0.380573	-118.164096	-0.284091
250.000000	-130.166582	-0.306275	-59.593848	0.269909	-107.219789	0.263106	-114.984827	-0.035799
300.000000	-97.383988	0.465048	-58.255640	0.376870	-108.076567	-0.452063	-107.922343	-0.134521
350.000000	-121.692062	-0.408094	-49.516490	-0.372868	-109.266126	-0.054140	-112.995534	-0.346340
400.000000	-117.308041	-0.024376	-49.475934	0.433044	-117.790972	-0.020796	-128.081365	0.118371
450.000000	-118.910143	-0.282488	-51.551149	0.311558	-104.314178	0.222328	-124.477980	-0.364120
500.000000	-119.029158	0.300986	-66.696712	0.045995	-113.747757	-0.321776	-115.857557	0.158574
550.000000	-125.076383	0.448884	-54.581475	-0.083300	-117.267187	0.114784	-118.061796	-0.077241
600.000001	-121.437496	-0.468672	-72.402704	0.366667	-119.012506	-0.290253	-118.323664	0.268002
650.000001	-123.402945	0.110928	-57.460298	-0.278700	-109.761842	-0.319654	-118.805291	0.305729
700.000001	-116.765127	-0.117733	-56.223971	0.067865	-116.237417	0.040643	-113.421550	-0.090112
750.000001	-121.196711	-0.482563	-64.990509	-0.441113	-130.119716	0.021356	-131.048367	-0.269348
800.000001	-127.910530	0.159047	-57.064294	-0.153952	-120.927224	0.166501	-116.523867	0.328658
850.000001	-122.782822	0.326800	-64.987363	0.470559	-115.740452	-0.367565	-137.086921	-0.391960
900.000001	-110.514451	0.153839	-63.479088	0.150142	-108.565196	0.163334	-125.730776	0.187042
950.000001	-116.449457	-0.351596	-54.957841	0.461774	-113.363725	0.055710	-114.639051	-0.428585
1000.000001	-128.347909	-0.210810	-60.815886	-0.156097	-110.243649	-0.251103	-120.138834	-0.081417
1050.000001	-122.559741	-0.050547	-64.307869	0.338042	-112.494371	0.287787	-116.678337	0.288648
1100.000001	-119.102985	-0.129187	-57.467241	0.066523	-116.560243	-0.330960	-122.431325	0.078868
1150.000001	-116.796904	0.087789	-55.496833	-0.182232	-120.079415	0.123221	-118.412383	0.087395
1200.000001	-120.337305	-0.092476	-74.824894	0.050204	-118.792035	0.317665	-121.057031	-0.296185
1250.000001	-129.779125	0.344065	-64.303576	0.393526	-113.970519	-0.316109	-122.996634	-0.204914
1300.000001	-116.127109	-0.437796	-59.597017	-0.178357	-116.373970	0.272411	-117.692454	0.176573
1350.000001	-123.213370	0.132803	-61.850508	0.451735	-127.119263	0.461080	-121.801306	-0.284705
1400.000001	-123.593266	0.481441	-59.213239	-0.278418	-117.737052	-0.287107	-118.479020	-0.196212
1450.000001	-122.620989	0.310184	-60.674391	0.136506	-121.916803	-0.350885	-120.942716	-0.298253
1500.000001	-117.950088	-0.122541	-78.119818	-0.465174	-113.705741	-0.208663	-117.820986	-0.139822
1550.000001	-125.977827	0.309267	-64.489384	-0.418009	-121.612944	-0.020490	-124.857702	-0.135140
1600.000001	-121.861314	0.395001	-62.729495	-0.315659	-123.706165	-0.165799	-125.731864	0.353040
1650.000001	-119.699388	-0.337906	-77.610268	0.166181	-124.281966	0.053891	-128.325174	0.083467
1700.000002	-122.150497	0.450965	-66.242352	0.070689	-122.340204	0.232607	-122.059022	-0.139539
1750.000002	-120.346939	0.467252	-68.852608	0.258489	-118.588187	-0.185414	-122.083737	0.017935
1800.000002	-132.294370	-0.201476	-55.915975	0.357104	-117.092580	0.065329	-122.302759	0.008768
1850.000002	-127.655915	-0.075416	-66.458685	-0.330388	-115.201001	-0.282380	-121.336559	-0.405560
1900.000002	-114.000181	0.192644	-72.970902	-0.339154	-123.713025	-0.439131	-125.903782	-0.227898
1950.000002	-127.631503	-0.457238	-59.786517	-0.394492	-117.701768	0.271415	-129.039607	0.015236
2000.000002	-123.691313	0.227131	-67.984843	0.113412	-112.698374	0.247862	-121.687417	0.415871
2050.000002	-115.435071	0.330870	-63.876957	-0.216950	-120.972656	-0.379103	-119.327363	0.148412
2100.000002	-142.736443	0.397273	-62.768401	0.050403	-125.650005	-0.160550	-117.414399	0.215370
2150.000002	-120.307324	0.418742	-66.433480	0.145499	-118.097459	0.128307	-117.014806	0.257606
2200.000002	-37.376854	-0.207184	-13.197166	0.425813	-108.757561	0.398504	-120.960805	0.458337
2250.000002	-129.258118	0.350190	-64.027124	-0.199632	-119.433654	0.408276	-121.208529	-0.320422
2300.000002	-127.508791	-0.023375	-68.481647	0.376175	-116.935246	-0.268007	-133.355395	0.427590
2350.000002	-137.154573	-0.344174	-66.245300	0.127706	-115.258095	-0.314774	-130.734151	-0.042119
2400.000002	-118.379926	-0.499091	-61.875091	0.220064	-123.649506	0.266615	-122.122000	0.247916
2450.000002	-117.601448	0.083469	-65.733094	-0.193530	-127.768027	-0.364178	-125.322249	-0.457874
2500.000002	-120.604105	-0.173826	-61.531567	-0.028316	-122.713272	-0.318474	-135.437397	-0.389303
2550.000002	-129.534529	0.284659	-66.824492	0.418459	-130.021180	0.045203	-126.806252	-0.113629
2600.000002	-122.740034	-0.029502	-69.429472	-0.050234	-113.380073	-0.184067	-125.679254	0.274643
2650.000002	-117.511207	-0.308682	-66.046994	0.458243	-146.605721	0.398519	-137.242665	-0.054495
2700.000002	-116.218449	0.307316	-74.879304	0.167752	-117.108185	-0.012996	-124.055285	0.291455
2750.000002	-128.059470	-0.474127	-67.520138	0.258714	-120.605812	0.498630	-121.206668	0.255167
2800.000002	-131.070097	-0.271058	-70.607864	-0.033539	-123.640179	0.391814	-120.192824	0.466301
2850.000003	-116.123735	-0.003467	-60.986075	-0.064073	-120.895691	-0.178689	-120.874537	-0.093057
2900.000003	-125.186267	0.304510	-71.203166	-0.491119	-140.737253	0.037934	-120.172851	-0.143466
2950.000003	-123.523644	-0.361632	-67.731675	-0.496668	-124.539594	-0.101045	-118.105008	-0.475803
3000.000003	-113.892088	0.081417	-65.112536	0.268242	-117.594262	-0.051270	-140.806405	0.000394
3050.000003	-130.394252	-0.409910	-65.464201	0.070812	-117.483192	-0.042741	-126.969630	0.012123
3100.000003	-119.344326	0.294771	-61.399966	-0.249455	-131.332695	-0.071374	-126.423771	0.334090
3150.000003	-125.215414	-0.443351	-64.821001	-0.109580	-129.268951	-0.030481	-125.062246	0.303148
3200.000003	-126.725941	0.139625	-92.811703	0.111238	-118.638099	-0.097632	-123.641062	0.493181
3250.000003	-135.544872	-0.386576	-76.959255	0.373272	-119.710071	-0.133861	-118.872021	0.233231
3300.000003	-124.614105	0.162490	-65.470520	-0.105538	-130.484657	0.338949	-124.109960	0.326146
3350.000003	-120.017002	0.427568	-64.797851	-0.181092	-117.833629	0.385845	-126.937017	0.209857
3400.000003	-120.099992	-0.070950	-64.263642	0.041832	-126.372357	0.051156	-119.737695	0.097318
3450.000003	-127.470996	-0.080122	-72.475851	0.309364	-120.787409	0.415090	-121.433037	-0.116900
3500.000003	-120.886652	-0.365493	-73.166737	-0.401823	-122.078186	-0.295937	-118.231358	-0.031027
3550.000003	-127.152003	-0.000360	-72.434526	-0.009205	-128.314356	0.231460	-121.609492	0.138028
3600.000003	-124.234449	-0.178187	-69.513066	-0.484526	-121.417906	-0.051131	-119.195889	-0.465809
3650.000003	-124.551390	0.333884	-68.065502	-0.272189	-141.611679	-0.112811	-122.073729	0.101509
3700.000003	-150.120398	-0.122616	-64.864553	0.396394	-127.610336	-0.315228	-132.506825	0.391005
3750.000003	-123.523555	0.362346	-82.041090	-0.496107	-123.861144	0.364870	-134.795828	-0.310875
3800.000003	-118.028827	0.045283	-66.318172	0.480306	-135.741954	0.015123	-129.875909	0.070268
3850.000003	-123.047505	0.079007	-66.290807	-0.087198	-125.581573	-0.475045	-130.373791	-0.273565
3900.000003	-140.734449	-0.419157	-65.211142	0.465930	-126.023697	-0.282305	-138.538143	0.383012
3950.000003	-122.917030	0.341710	-73.244349	-0.106485	-120.346356	-0.221097	-125.075338	-0.271305
4000.000004	-119.980192	-0.176970	-89.857514	-0.481625	-120.171152	0.011660	-121.286766	-0.257012
4050.000004	-121.298261	0.213387	-71.991935	0.367534	-122.648138	0.076648	-122.625417	-0.128275
4100.000004	-120.095028	-0.385449	-84.007804	-0.279488	-122.543956	0.405639	-122.553649	-0.291485
4150.000004	-122.707325	0.442847	-69.685891	-0.419751	-120.245909	0.211538	-123.668115	-0.156613
4200.000004	-119.021415	-0.301930	-69.591067	-0.317982	-121.753801	-0.069535	-129.454483	0.491281
4250.000004	-125.626281	-0.188270	-70.856677	-0.103933	-123.877725	-0.069959	-122.013037	0.159327
4300.000004	-121.118917	-0.480982	-68.453719	-0.372460	-122.057927	0.350228	-124.283575	-0.321981
4350.000004	-125.055402	-0.211191	-71.570450	-0.416157	-117.726557	0.413156	-119.519321	0.322150
4400.000004	-117.163337	-0.356705	-79.827303	-0.056812	-124.244029	-0.329926	-118.753076	-0.253414
4450.000004	-130.948553	-0.466660	-63.482028	-0.436225	-122.388336	0.402001	-132.607424	0.277494
4500.000004	-123.774490	-0.243373	-77.239096	-0.076996	-126.099047	-0.208818	-125.944860	-0.242615
4550.000004	-117.848454	0.121450	-65.345164	-0.486026	-123.458809	0.071420	-130.375859	-0.042744
4600.000004	-127.411896	-0.035943	-65.111893	-0.207411	-132.964067	0.464577	-125.460452	0.483810
4650.000004	-115.560786	-0.430922	-65.184944	0.316088	-124.271179	-0.459526	-126.345980	-0.020736
4700.000004	-124.823610	0.057371	-73.377456	0.176346	-116.850168	0.064880	-120.874949	0.083409
4750.000004	-126.624562	0.436204	-75.972465	-0.045927	-118.275383	0.496797	-121.416268	-0.226697
4800.000004	-136.855573	-0.190026	-80.118849	-0.312272	-130.431176	0.248132	-121.367248	0.133182
4850.000004	-119.578718	-0.195820	-66.631935	0.186987	-121.025526	0.401410	-120.490380	0.132894
4900.000004	-115.993482	-0.334583	-72.405569	0.275327	-121.857682	0.015119	-115.998770	-0.230648
4950.000004	-117.588078	-0.300038	-79.090907	-0.394937	-114.807851	-0.452642	-123.223836	0.441971
5000.000004	-126.153379	0.470926	-71.048190	-0.098743	-121.674253	-0.400971	-119.505386	0.399188
5050.000004	-116.374889	-0.176332	-67.633501	0.226285	-125.042927	-0.348488	-119.556680	-0.257953
5100.000005	-128.551845	0.151188	-64.360856	-0.408753	-131.950657	-0.426093	-123.988276	-0.012902
5150.000005	-119.787816	0.004288	-83.944288	-0.394339	-119.330986	0.031441	-116.932159	-0.299102
5200.000005	-133.430066	0.284335	-85.117352	-0.384142	-123.177530	-0.347767	-122.662395	-0.373050
5250.000005	-132.548275	-0.043276	-68.188713	0.064162	-119.060494	0.157431	-127.778377	-0.316930
5300.000005	-118.525384	-0.439484	-69.950480	-0.462807	-117.313081	-0.289520	-118.115102	0.464832
5350.000005	-135.531632	0.496793	-63.685154	0.268732	-119.380753	-0.004438	-127.964157	-0.422699
5400.000005	-119.478708	-0.487328	-74.753276	0.421027	-121.957006	-0.214211	-135.632691	0.098919
5450.000005	-133.480030	-0.032840	-80.815364	-0.464623	-120.858542	0.125683	-122.100239	0.327629
5500.000005	-124.927946	-0.063853	-68.253974	0.141096	-122.183002	0.271564	-121.244353	-0.466369
5550.000005	-136.643402	-0.375647	-69.626261	0.108068	-122.008539	-0.100346	-125.150846	0.365316
5600.000005	-116.580658	-0.281553	-68.241246	0.025315	-119.144813	0.075305	-120.420856	-0.008496
5650.000005	-132.086014	0.477089	-75.538757	-0.408318	-114.131996	0.479656	-124.688169	0.212788
5700.000005	-129.329423	0.093551	-78.665237	0.184401	-127.127875	0.264732	-122.596305	0.496715
5750.000005	-130.844924	-0.431412	-76.023309	0.374832	-118.589637	-0.457777	-123.341492	-0.375692
5800.000005	-118.589349	0.030337	-71.582723	0.219281	-127.326614	-0.126385	-140.074649	0.066105
5850.000005	-123.855533	0.353193	-67.038639	-0.158556	-120.365351	-0.165950	-131.040316	-0.119003
5900.000005	-117.168021	0.010193	-71.617144	0.166568	-123.237788	-0.135408	-124.480433	-0.241159
5950.000005	-122.619947	-0.258644	-70.106689	-0.421566	-126.375207	-0.440831	-117.811734	-0.205534
6000.000005	-121.290109	-0.059092	-72.275449	0.028477	-135.935867	0.203392	-125.109968	0.298686
6050.000005	-125.113678	-0.117158	-77.018404	0.315311	-122.254136	0.242641	-118.457203	-0.264915
6100.000005	-124.701174	0.195375	-72.080795	-0.379774	-117.374011	-0.190063	-121.976207	-0.057472
6150.000005	-126.486896	-0.207022	-84.808006	0.160831	-133.482160	-0.171273	-124.070112	-0.286455
6200.000005	-136.612496	-0.102877	-73.350126	-0.244660	-127.192205	0.472521	-123.355995	0.477214
6250.000006	-122.445706	0.489536	-71.148241	0.269286	-120.927302	-0.391117	-122.415145	0.360499
6300.000006	-116.263171	-0.301830	-69.742663	-0.068065	-123.568361	-0.329952	-122.545807	-0.446994
6350.000006	-129.328592	-0.486461	-72.993602	0.003177	-119.119805	0.046590	-124.420903	0.191279
6400.000006	-118.176592	-0.375303	-70.159471	0.191250	-127.515233	0.185284	-138.378101	-0.153584
6450.000006	-140.207315	-0.117619	-69.550150	-0.459151	-128.445991	-0.466443	-124.670103	-0.489241
6500.000006	-120.306455	0.081714	-74.423884	-0.077384	-120.234494	0.094261	-114.911831	0.195134
6550.000006	-121.699620	0.369606	-73.386360	0.177096	-126.850821	0.293512	-127.734705	0.454837
6600.000006	-97.418726	0.414575	-74.354081	0.044407	-125.094442	0.346005	-125.775506	0.279105
6650.000006	-122.744049	0.030465	-71.957557	0.093919	-122.761807	0.261530	-120.905135	0.046098
6700.000006	-112.729869	0.136237	-68.464573	-0.108051	-116.114432	0.219583	-127.359061	0.317362
6750.000006	-123.494979	0.398431	-73.494980	-0.494549	-128.178327	-0.151833	-124.217070	0.009669
6800.000006	-124.707352	0.493077	-72.456154	0.070607	-126.844616	-0.435391	-117.623799	0.213418
6850.000006	-123.804874	-0.119550	-69.054555	0.125234	-123.936101	-0.256334	-126.073021	-0.179936
6900.000006	-116.321621	-0.279172	-80.104741	-0.334183	-114.659002	-0.123186	-127.911041	0.351843
6950.000006	-122.857642	0.392473	-74.829268	0.211082	-123.720391	-0.264636	-126.697354	-0.072341
7000.000006	-122.882751	0.193601	-76.382835	0.436329	-119.386615	0.167007	-128.506007	0.128949
7050.000006	-132.707169	0.206648	-75.686506	-0.403245	-117.829797	0.061267	-117.239420	-0.110470
7100.000006	-142.264926	0.114192	-71.468789	0.234602	-124.437453	0.029878	-125.416336	0.035406
7150.000006	-124.874747	0.007565	-74.442613	0.454261	-126.325598	-0.010837	-119.345855	-0.094595
7200.000006	-119.950000	0.319103	-71.311085	-0.264467	-125.953000	-0.002574	-116.930760	-0.052488
7250.000006	-131.182434	-0.075211	-69.854011	-0.453743	-125.222015	-0.026617	-117.710237	0.257591
7300.000006	-114.975362	-0.150176	-78.154580	-0.387829	-121.827100	-0.285623	-130.964675	-0.041388
7350.000007	-133.338864	-0.138265	-80.071740	-0.267934	-122.911473	0.225570	-127.904603	0.061222
7400.000007	-122.542074	0.129368	-73.587597	0.128955	-124.110747	-0.450621	-119.227394	-0.126025
7450.000007	-125.992330	0.093986	-74.080757	0.385980	-116.615525	-0.454974	-125.923457	-0.304769
7500.000007	-127.754910	-0.304617	-73.448877	0.126335	-118.988651	-0.296791	-131.142879	0.299871
7550.000007	-121.541379	0.411698	-70.008270	0.181621	-122.596223	0.110808	-120.906185	0.460400
7600.000007	-130.916444	0.065063	-79.486572	-0.486713	-124.226147	-0.195531	-132.098700	0.363797
7650.000007	-117.509449	-0.338538	-75.879157	-0.045702	-115.380797	-0.436512	-125.619046	0.310870
7700.000007	-120.821098	-0.234285	-67.074519	0.242565	-135.281522	0.007248	-121.527746	-0.025073
7750.000007	-119.890889	0.387660	-76.336911	-0.246486	-124.020070	0.315919	-122.321387	0.157090
7800.000007	-126.948063	-0.281302	-73.600042	0.081612	-118.901935	0.035847	-117.622612	-0.462457
7850.000007	-131.742832	0.374398	-71.813766	-0.035188	-124.773294	-0.487726	-122.357089	0.369464
7900.000007	-116.973454	-0.303942	-70.425493	0.371379	-119.343633	-0.287923	-119.043128	-0.330014
7950.000007	-119.572383	0.082855	-74.235818	-0.431615	-121.467870	0.136420	-117.921168	-0.025546
8000.000007	-115.380526	-0.117543	-74.993768	-0.366311	-114.741947	-0.062508	-114.966139	-0.136766
8050.000007	-126.855998	-0.402267	-74.423626	0.196980	-139.422557	0.019584	-127.106016	0.463240
8100.000007	-121.804758	-0.140638	-75.072278	-0.304839	-118.953416	-0.463048	-128.806857	0.036408
8150.000007	-135.284606	-0.409726	-72.065642	0.120352	-116.654913	0.448159	-130.119405	-0.140803
8200.000007	-118.399339	-0.388119	-68.933023	-0.477469	-121.616390	0.481978	-120.966603	-0.410438
8250.000007	-140.122408	-0.217509	-74.668457	-0.241078	-131.248582	-0.372505	-122.418298	-0.339941
8300.000007	-118.308203	0.259864	-71.386665	-0.386808	-148.368473	-0.254415	-130.703608	0.361248
8350.000007	-128.046276	0.120997	-66.540692	-0.477668	-125.291667	0.166198	-124.182794	0.047493
8400.000007	-116.758511	-0.352750	-73.384544	-0.049578	-118.964443	0.495678	-121.539071	0.091307
8450.000007	-119.348582	0.070433	-81.972607	0.094112	-123.025365	0.443644	-123.104277	0.034529
8500.000008	-118.289869	0.386549	-91.425101	0.457403	-118.640691	0.228902	-120.515111	-0.385991
8550.000008	-119.667728	-0.467848	-73.939019	0.071444	-126.294749	0.329577	-124.438808	0.262992
8600.000008	-121.916617	-0.045183	-72.253424	0.168498	-127.060804	0.165011	-121.490523	-0.113284
8650.000008	-123.099316	-0.295415	-73.936507	-0.473609	-119.589616	0.183956	-119.364797	0.093041
8700.000008	-125.599874	-0.466559	-74.298995	0.160879	-115.549067	0.431076	-123.041457	0.386079
8750.000008	-127.568956	-0.210174	-74.891585	-0.332699	-117.190908	-0.218950	-117.804608	-0.181382
8800.000008	-100.914084	-0.334978	-68.844058	0.368927	-126.637880	0.180995	-128.699190	0.059611
8850.000008	-132.738826	-0.153718	-65.377323	-0.268199	-120.566827	-0.239470	-117.525408	-0.118318
8900.000008	-115.165646	-0.444867	-78.504919	-0.189290	-122.052079	-0.458620	-116.528166	-0.420272
8950.000008	-118.008833	-0.104323	-73.689079	0.163615	-136.207263	-0.190666	-141.226607	0.228244
9000.000008	-136.263576	-0.130645	-82.018449	0.098458	-114.403783	-0.154520	-113.079553	-0.019542
9050.000008	-127.632500	-0.202936	-77.448695	-0.348466	-114.560296	-0.079389	-141.954319	-0.157077
9100.000008	-116.264761	-0.421749	-76.136964	0.208495	-132.238894	-0.147904	-121.468526	0.235938
9150.000008	-122.264934	-0.281876	-71.378194	0.212264	-114.942791	-0.067976	-131.374362	-0.184510
9200.000008	-130.964443	0.299238	-77.711392	-0.200401	-117.413611	0.052572	-120.765865	-0.274535
9250.000008	-119.662715	-0.171509	-71.689936	0.405219	-125.931528	0.358863	-136.059789	0.415000
9300.000008	-119.747650	-0.264065	-80.536247	-0.489936	-126.836171	-0.408073	-122.625107	-0.480515
9350.000008	-123.216362	0.099831	-77.473289	0.285080	-115.892210	0.465629	-124.643862	-0.435181
9400.000008	-113.920412	-0.440134	-77.398394	0.008949	-114.414873	0.345344	-121.691020	0.367837
9450.000008	-126.531519	0.016196	-86.195268	0.309255	-121.676377	0.193003	-118.962579	-0.194506
9500.000008	-118.013320	-0.132389	-73.002495	0.068145	-123.646406	0.410909	-117.606722	-0.332437
9550.000008	-127.779280	0.361404	-70.678885	-0.476090	-125.558016	-0.473203	-127.877686	0.266881
9600.000009	-120.584753	-0.043959	-75.034139	-0.132883	-125.151283	-0.170921	-123.299955	-0.283851
9650.000009	-118.673191	0.123336	-79.196284	-0.317043	-127.899467	0.121482	-121.268613	-0.224208
9700.000009	-125.828622	-0.386419	-69.965278	-0.052922	-117.536569	0.356152	-128.670216	0.045737
9750.000009	-131.614858	0.196911	-68.390179	0.237267	-122.046426	-0.091701	-119.093724	-0.089690
9800.000009	-121.575391	-0.238771	-74.566150	0.242511	-121.696726	-0.175788	-123.171871	-0.492180
9850.000009	-120.337132	0.411497	-77.778419	0.181480	-122.344193	0.438325	-132.124830	0.209104
9900.000009	-123.914514	0.466260	-76.673886	0.229443	-122.015478	-0.286553	-126.870615	0.217197
9950.000009	-119.608488	-0.103126	-82.178299	0.272372	-131.470463	-0.404624	-126.010432	0.305585
10000.000009	-117.832391	0.181216	-68.169902	-0.078597	-117.803636	0.203213	-122.985158	0.187806
10050.000009	-125.983663	-0.136366	-76.315904	-0.185614	-116.197380	-0.451749	-116.274550	-0.476115
10100.000009	-131.274844	-0.091094	-71.204913	0.493026	-121.576306	-0.053230	-116.112654	0.215451
10150.000009	-113.898512	0.047919	-77.152068	0.069708	-125.282250	0.457993	-118.026614	-0.166598
10200.000009	-114.937111	-0.424860	-74.445968	0.343805	-125.668933	-0.120256	-124.174176	0.257235
10250.000009	-120.669934	0.270205	-72.115888	-0.019581	-120.846305	0.006225	-123.002783	0.283887
10300.000009	-127.259705	0.243858	-77.537813	0.069879	-124.561972	0.195694	-127.707699	-0.083558
10350.000009	-117.895095	0.373418	-81.070602	-0.340210	-124.175043	-0.010431	-125.243403	0.471357
10400.000009	-121.361895	0.208254	-76.098924	0.301091	-127.732844	-0.374883	-120.716131	-0.284983
10450.000009	-114.671163	0.092104	-88.039910	0.292444	-124.550009	-0.417088	-118.111939	-0.255747
10500.000009	-127.443625	0.130388	-76.472056	0.498257	-121.311912	-0.298531	-116.939883	-0.056313
10550.000009	-123.512434	-0.153406	-77.519625	-0.079498	-123.637020	0.302787	-124.316435	-0.340735
10600.000009	-135.029469	-0.001127	-78.049227	-0.467856	-123.398038	-0.000170	-127.015157	-0.122969
10650.000009	-123.170536	0.394990	-73.532481	0.337308	-121.311737	0.376098	-123.915627	0.061623
10700.000009	-118.938379	0.461571	-74.191530	-0.284834	-120.908020	0.287402	-117.841467	0.130686
10750.000010	-126.798993	-0.459630	-79.685465	0.274587	-138.902026	0.236522	-120.469294	-0.153321
10800.000010	-121.644956	-0.342616	-84.627649	0.236159	-119.359780	-0.288540	-126.294595	-0.428103
10850.000010	-123.338017	-0.260162	-75.927503	-0.169250	-131.316260	-0.361485	-118.621087	0.019856
10900.000010	-122.555395	-0.152012	-76.090498	0.214674	-122.284058	0.095959	-117.319254	0.198998
10950.000010	-124.053976	-0.076371	-79.386645	-0.051750	-120.340123	0.174738	-121.674898	-0.016799
11000.000010	-108.086219	0.490167	-89.814195	0.013975	-126.128937	0.488409	-129.373515	0.108786
11050.000010	-118.618862	-0.209685	-70.414905	0.284470	-121.273528	-0.290340	-122.529660	-0.367626
11100.000010	-125.865143	0.239629	-79.817579	-0.214524	-126.706980	0.474239	-120.361621	0.406540
11150.000010	-124.512816	0.254826	-77.108065	-0.135496	-119.677020	0.030004	-128.553726	-0.315859
11200.000010	-130.129888	0.106094	-75.790742	0.409514	-122.521101	-0.083328	-113.682367	-0.114400
11250.000010	-122.101326	-0.090652	-79.782254	0.083099	-120.983182	0.012459	-121.485336	0.333103
11300.000010	-121.418956	-0.369632	-77.157145	0.238736	-121.477828	-0.259428	-115.875387	-0.265194
11350.000010	-119.939473	-0.048473	-77.892407	-0.008674	-119.812725	0.031035	-121.750636	0.367864
11400.000010	-124.108520	0.081537	-80.395796	-0.035505	-129.300186	-0.366017	-134.933702	-0.293234
11450.000010	-124.717806	-0.042657	-75.637146	0.451533	-126.106120	-0.003748	-119.353420	0.315262
11500.000010	-129.943922	-0.032339	-85.528738	0.476546	-117.102276	0.293552	-124.124887	-0.110297
11550.000010	-124.133966	-0.123891	-73.455669	0.255826	-117.166863	0.269233	-123.580958	0.113041
11600.000010	-129.026809	0.446806	-72.306882	-0.289917	-132.540020	-0.324050	-123.026030	0.063857
11650.000010	-115.457493	-0.224302	-76.266808	-0.249933	-125.909657	0.214837	-124.866184	-0.398092
11700.000010	-128.066507	0.376904	-80.379219	-0.060841	-121.305238	-0.275680	-118.233853	-0.011512
11750.000010	-131.458798	0.226818	-80.493632	0.220978	-119.168558	0.000325	-119.770049	-0.124122
11800.000010	-124.182993	-0.129147	-75.600282	-0.188222	-126.678088	-0.133069	-120.672217	-0.395557
11850.000010	-126.507988	0.160510	-85.680457	-0.296547	-119.880840	-0.376046	-121.222177	-0.271556
11900.000011	-119.685613	0.392318	-77.423617	0.132731	-122.605629	0.060322	-117.696849	0.044636
11950.000011	-128.283242	0.482218	-79.265143	0.044564	-117.364551	0.491875	-122.300674	-0.098573
12000.000011	-121.506649	-0.431241	-84.684378	0.050207	-122.046702	0.451514	-120.087623	0.476405
12050.000011	-117.777437	0.305050	-94.011370	-0.353880	-120.056120	-0.481898	-134.595935	0.357408
12100.000011	-120.868202	-0.286683	-77.827822	-0.153813	-127.053922	0.074412	-127.704446	0.328573
12150.000011	-119.536553	0.257007	-76.910531	-0.016676	-122.174693	0.361289	-129.198060	0.254688
12200.000011	-129.010200	0.209775	-77.563934	-0.174884	-122.639896	-0.491356	-129.025685	0.373252
12250.000011	-117.682893	0.334672	-73.616406	0.485969	-126.696627	-0.387351	-122.102823	-0.349799
12300.000011	-138.797614	0.274320	-88.225885	-0.438099	-137.481727	-0.015945	-124.168648	0.007458
12350.000011	-119.890802	0.266952	-79.670903	0.188708	-116.769234	0.271305	-122.695207	0.161641
12400.000011	-125.776497	-0.115584	-81.783918	-0.271082	-119.483940	-0.111316	-132.067016	0.045374
12450.000011	-123.587399	0.437177	-73.328315	0.270178	-127.835024	0.154010	-122.199450	0.494679
12500.000011	-122.896081	-0.319882	-83.170855	-0.397923	-122.180446	-0.271935	-117.902400	0.184625
12550.000011	-123.042310	0.172375	-86.792317	-0.457358	-118.860737	-0.479341	-117.202805	-0.188221
12600.000011	-119.712272	0.334723	-73.849702	-0.149550	-116.374729	0.340668	-143.629312	-0.439686
12650.000011	-117.516928	0.044164	-94.371198	0.385411	-122.499232	0.123473	-114.713442	0.296861
12700.000011	-132.968808	0.212020	-80.068259	0.100715	-131.421859	0.365125	-130.461381	0.276207
12750.000011	-122.376004	0.051686	-75.301867	-0.043233	-115.548055	-0.159459	-132.121800	-0.252742
12800.000011	-118.960270	-0.179260	-81.682442	0.175195	-126.155309	0.350062	-123.351815	0.430607
12850.000011	-120.911413	-0.386788	-81.913671	-0.227533	-121.906540	0.093287	-118.700936	-0.337900
12900.000011	-117.577691	0.416205	-85.708462	0.354911	-125.723514	-0.293831	-123.935515	0.184341
12950.000011	-121.076754	-0.218124	-81.867048	-0.440356	-134.552588	0.170688	-119.870267	-0.165198
13000.000012	-119.260878	-0.489611	-79.940179	0.174009	-118.432207	-0.347005	-120.177514	-0.398255
13050.000012	-125.083815	0.422208	-73.743564	-0.226864	-126.199041	0.158336	-123.521728	-0.270152
13100.000012	-125.536703	-0.280716	-80.662350	-0.188522	-128.998892	-0.325092	-124.797670	0.418038
13150.000012	-129.522260	0.165321	-92.469251	-0.497994	-118.581185	0.369053	-127.999376	-0.252703
13200.000012	-102.954178	-0.243083	-70.029614	0.388204	-136.798974	0.411219	-123.382609	0.311328
13250.000012	-130.590037	-0.435644	-81.803647	0.466345	-124.345497	0.102493	-119.484390	-0.271388
13300.000012	-119.182938	0.445750	-84.136778	-0.237345	-120.323271	0.126465	-115.983250	0.146734
13350.000012	-112.996412	-0.452437	-77.530873	0.242771	-133.375502	-0.089155	-123.667217	-0.346987
13400.000012	-113.972504	0.159706	-74.125628	-0.022244	-121.191158	-0.342919	-122.757063	-0.292812
13450.000012	-120.266384	0.144837	-73.643575	0.409782	-126.514097	-0.058253	-115.997726	-0.103458
13500.000012	-114.341121	-0.385577	-78.895367	-0.399447	-121.789779	-0.421167	-118.425575	-0.307119
13550.000012	-130.225632	0.073341	-86.559488	0.040392	-117.472632	0.428702	-127.365235	0.111448
13600.000012	-122.069268	-0.189334	-74.522500	-0.448762	-119.524651	-0.402592	-116.897289	-0.362956
13650.000012	-120.787539	0.390684	-77.364165	-0.430274	-131.712537	0.185278	-118.434960	-0.479669
13700.000012	-119.498121	-0.082971	-79.082703	0.186403	-140.300335	0.103285	-117.060276	-0.218762
13750.000012	-123.328492	0.273718	-76.354330	-0.093800	-131.895453	-0.081635	-125.269357	-0.122741
13800.000012	-120.947917	-0.016499	-83.873271	0.263776	-122.429551	0.067584	-121.314098	-0.079792
13850.000012	-116.835676	0.098162	-76.186497	0.463923	-117.847154	0.121204	-113.404104	-0.047758
13900.000012	-120.521286	-0.022908	-84.367507	-0.071150	-119.485344	0.420480	-124.585430	0.183410
13950.000012	-121.470479	-0.234464	-76.120767	-0.085426	-126.274526	0.464641	-115.644219	-0.067777
14000.000012	-125.212137	0.227260	-79.396668	0.242111	-132.902577	-0.333693	-125.098473	0.283810
14050.000012	-117.501441	0.052877	-73.923028	-0.081566	-125.949571	0.326290	-127.549275	-0.081714
14100.000012	-122.218451	-0.246861	-79.055328	-0.434899	-120.552243	-0.377967	-122.261668	-0.332804
14150.000013	-125.769781	-0.265883	-74.361492	-0.090935	-118.454534	-0.416643	-117.626217	-0.421519
14200.000013	-126.097390	-0.113144	-70.916075	-0.044809	-118.495023	-0.340561	-127.480726	0.382383
14250.000013	-125.995915	0.499098	-79.007297	-0.344026	-149.243326	0.484123	-117.307437	0.291662
14300.000013	-119.117872	-0.187871	-86.754821	0.286796	-119.815086	-0.019427	-121.561557	0.306811
14350.000013	-123.597008	-0.213420	-82.073231	0.370786	-117.658892	-0.066929	-117.293991	-0.116845
14400.000013	-120.592897	0.159222	-78.728465	-0.052034	-127.540881	-0.357133	-121.920116	0.133187
14450.000013	-122.497161	0.227078	-82.744452	0.265538	-120.035102	0.328113	-122.310726	0.178002
14500.000013	-118.776172	0.274816	-78.297929	-0.051668	-126.140012	0.203801	-134.673717	0.480243
14550.000013	-118.859090	0.038695	-71.595208	0.281472	-122.462316	-0.426830	-120.621594	-0.413853
14600.000013	-121.127907	0.220101	-81.711986	-0.418745	-118.150038	0.118983	-117.781677	0.204882
14650.000013	-121.928002	-0.123386	-86.221742	-0.445480	-122.578278	-0.277498	-118.023172	-0.325877
14700.000013	-117.312924	-0.030788	-75.981658	-0.401388	-121.137623	0.401945	-130.427877	-0.367816
14750.000013	-117.628689	-0.009154	-75.845902	-0.147187	-117.753401	-0.023830	-122.216574	-0.252905
14800.000013	-120.993594	0.004263	-73.786711	-0.103281	-120.787624	-0.055961	-120.035028	-0.109524
14850.000013	-120.270542	0.321651	-81.559980	0.283164	-132.241007	0.190558	-115.159543	0.095952
14900.000013	-121.576156	-0.344953	-75.113306	-0.037495	-129.380952	0.141177	-120.785257	0.112308
14950.000013	-128.388344	0.344509	-75.528240	0.402262	-128.264014	0.079759	-118.821786	-0.200041
15000.000013	-118.804705	0.103335	-79.832073	0.191802	-122.926737	-0.093999	-124.364525	0.057098
15050.000013	-119.050241	0.189545	-89.155931	0.001800	-127.979097	-0.262669	-124.896787	0.176449
15100.000013	-117.997898	-0.052253	-78.522958	-0.081744	-123.318699	0.053668	-121.827246	-0.293015
15150.000013	-120.859767	0.302703	-81.490729	0.484694	-126.279850	-0.323452	-123.480089	-0.232036
15200.000013	-122.078389	-0.136038	-73.489583	-0.440092	-121.441897	-0.002852	-126.836849	-0.086156
15250.000014	-123.253142	0.437155	-86.730468	-0.170564	-127.742846	0.073795	-122.926630	0.200467
15300.000014	-120.802452	0.252727	-87.958493	0.495044	-117.922747	0.389490	-125.141244	0.259430
15350.000014	-123.732711	-0.262375	-79.195000	-0.018654	-122.798326	-0.354735	-126.469005	-0.211125
15400.000014	-107.190872	-0.444268	-78.175620	-0.141824	-123.704643	0.176747	-120.939870	-0.346401
15450.000014	-122.400547	-0.476317	-82.428466	0.274858	-136.543936	-0.069238	-128.110238	0.221212
15500.000014	-138.223127	-0.147919	-79.938134	-0.168763	-125.496247	-0.136317	-121.960497	-0.058392
15550.000014	-124.841561	-0.333592	-79.822376	-0.107292	-128.451169	-0.041269	-118.092995	-0.405143
15600.000014	-117.085322	-0.428495	-86.246147	0.014615	-131.101615	-0.481142	-114.635114	0.333637
15650.000014	-126.662738	0.244364	-76.580233	-0.042912	-135.408302	0.268657	-118.008680	0.374778
15700.000014	-117.412952	-0.405936	-84.020145	-0.075133	-126.890024	0.304282	-117.123669	-0.461190
15750.000014	-129.827356	0.073729	-81.155069	0.479717	-119.926961	0.166838	-135.136172	0.236878
15800.000014	-119.562205	0.115104	-81.236420	0.214754	-116.799533	0.083342	-126.943562	0.270154
15850.000014	-125.995291	0.231587	-94.869746	-0.126806	-120.361660	-0.057120	-121.740677	-0.108677
15900.000014	-125.347653	0.017676	-74.710207	-0.142752	-119.659381	-0.302327	-119.208701	-0.276649
15950.000014	-117.141757	0.133792	-86.293340	-0.496050	-123.402680	-0.329484	-119.165158	0.205242
16000.000014	-127.032525	0.119330	-80.213830	0.277774	-137.691284	0.442435	-121.184098	0.358139
16050.000014	-118.068030	-0.087285	-85.686913	-0.188824	-117.696627	-0.097404	-131.387404	0.012311
16100.000014	-118.584469	-0.396650	-81.326905	-0.404455	-120.298477	0.178342	-130.185513	-0.290097
16150.000014	-119.634976	-0.131768	-83.279417	0.355117	-127.193152	0.022268	-121.338111	-0.284556
16200.000014	-115.666657	0.248940	-91.635155	0.328443	-126.313590	-0.202705	-118.455172	0.375532
16250.000014	-121.072653	0.162086	-82.988548	-0.227964	-123.707010	-0.025924	-129.211946	-0.187878
16300.000014	-119.692506	-0.230751	-80.956938	0.297263	-119.903138	0.110143	-129.135845	-0.039568
16350.000014	-117.034031	-0.197658	-82.185812	0.083859	-123.408582	0.199648	-120.561393	-0.251328
16400.000015	-138.447594	0.477106	-72.367121	0.050632	-124.443553	0.224161	-120.734259	-0.455313
16450.000015	-127.877292	-0.227155	-78.070334	0.325999	-119.792943	-0.367750	-119.915686	-0.441380
16500.000015	-126.074080	-0.152632	-69.663304	-0.358475	-125.312458	-0.001208	-139.958596	0.030398
16550.000015	-129.877337	0.092360	-88.410161	0.352544	-116.847835	0.238420	-120.494825	0.041011
16600.000015	-137.888643	-0.357292	-83.348420	0.424451	-122.601182	-0.334358	-115.795172	-0.327960
16650.000015	-129.280378	0.495262	-78.578564	0.027988	-126.053326	0.028497	-117.023697	0.149409
16700.000015	-128.386832	-0.266284	-82.955555	-0.191784	-122.350382	-0.003151	-123.791060	-0.272043
16750.000015	-123.243727	-0.458396	-97.192961	0.381186	-115.646521	-0.261906	-125.330429	-0.142050
16800.000015	-119.419431	0.006743	-78.772395	0.259719	-117.171066	0.004314	-125.945229	-0.140948
16850.000015	-118.825129	0.264871	-84.956997	-0.041066	-132.839279	-0.267010	-125.897095	-0.456442
16900.000015	-126.469718	-0.061373	-83.690980	0.193761	-131.649262	-0.234283	-122.703108	-0.396137
16950.000015	-121.048075	0.128656	-78.598539	0.272534	-144.462058	0.284512	-119.620609	-0.077898
17000.000015	-129.396625	0.336909	-75.686303	0.343510	-129.463870	-0.401071	-130.053567	-0.075122
17050.000015	-135.244753	-0.386403	-78.688422	-0.417305	-119.781041	-0.164110	-132.025986	0.046731
17100.000015	-126.184149	0.399900	-76.385608	0.430696	-118.234172	-0.296563	-118.743727	-0.065725
17150.000015	-122.887839	-0.261726	-82.421320	0.443630	-123.005904	-0.367433	-123.913504	-0.347174
17200.000015	-116.580688	-0.088043	-80.447913	0.241476	-118.533131	0.107307	-120.009405	0.025027
17250.000015	-117.093879	0.061155	-92.648909	0.052365	-125.515093	-0.051342	-121.485423	0.317843
17300.000015	-129.490520	0.169821	-77.294452	0.428952	-125.327719	0.477857	-124.319507	0.254853
17350.000015	-127.634026	0.020927	-80.869048	-0.328397	-125.762695	-0.071617	-132.331959	0.404139
17400.000015	-122.519709	-0.231040	-78.457452	-0.320875	-127.569423	0.399220	-131.481434	0.165662
17450.000015	-120.140356	-0.083308	-92.918105	0.469959	-117.355546	0.153042	-120.410730	0.213739
17500.000016	-124.227406	0.219931	-73.876913	-0.280979	-118.872501	-0.092682	-140.350826	-0.387410
17550.000016	-128.722298	0.101201	-90.207738	-0.229648	-121.279568	-0.219231	-118.753211	0.011764
17600.000016	-110.481624	-0.163395	-80.301911	0.204143	-124.207439	-0.176016	-121.083612	-0.136629
17650.000016	-126.733333	-0.185319	-91.680377	-0.400438	-118.540314	0.118408	-127.237106	0.237164
17700.000016	-124.915370	-0.122928	-82.101353	0.081204	-117.447593	-0.117085	-121.841391	-0.189022
17750.000016	-120.600491	0.160251	-75.359699	0.022290	-123.562753	0.044142	-132.283626	-0.239316
17800.000016	-121.489975	0.368860	-76.862234	0.430978	-128.726723	0.185838	-121.011523	-0.035526
17850.000016	-121.428602	-0.241203	-86.975638	0.406517	-119.072546	0.359812	-126.624246	-0.044719
17900.000016	-123.496784	0.467910	-77.307949	0.023642	-118.052310	-0.427807	-121.590961	-0.489218
17950.000016	-128.434812	-0.270293	-88.309235	-0.367553	-128.046271	0.075413	-139.668042	-0.082056
18000.000016	-138.291863	-0.370111	-88.176102	0.290643	-118.655058	0.237693	-120.546906	0.325114
18050.000016	-123.792827	-0.011333	-83.458385	-0.397615	-124.013415	0.450770	-117.727690	0.278082
18100.000016	-124.257490	-0.159891	-77.380011	-0.272694	-130.732043	0.217801	-119.799878	-0.472368
18150.000016	-127.845530	-0.422768	-83.865375	-0.364321	-128.611186	0.348057	-117.473019	-0.147946
18200.000016	-128.515895	0.083931	-88.529974	-0.394811	-118.026262	0.265276	-116.759457	0.269918
18250.000016	-125.169922	0.094852	-80.384621	-0.232918	-120.400793	0.098614	-119.874540	-0.261180
18300.000016	-129.517081	0.429516	-76.798651	-0.454981	-123.484000	-0.079018	-119.341550	0.424042
18350.000016	-126.371912	-0.263955	-92.181767	0.250701	-143.733213	-0.027193	-118.769920	0.466367
18400.000016	-119.228278	-0.288123	-83.628490	-0.226418	-118.085658	-0.342692	-126.836213	-0.453962
18450.000016	-119.215764	-0.000350	-83.445549	-0.038662	-129.488015	-0.163016	-119.068988	-0.098092
18500.000016	-129.495283	0.231757	-92.766124	-0.326188	-127.791381	-0.171941	-116.669304	-0.100865
18550.000016	-120.094267	-0.482419	-87.053998	0.470226	-119.206239	-0.272369	-118.475584	-0.240476
18600.000016	-126.657907	0.069644	-87.554480	-0.033835	-120.082443	0.199594	-128.888241	0.259831
18650.000017	-116.756102	0.412454	-89.045534	0.282040	-125.053538	-0.134044	-126.118293	-0.364350
18700.000017	-129.936340	0.143411	-83.190487	0.152411	-127.859744	0.082433	-121.241160	-0.498090
18750.000017	-122.720242	-0.383059	-82.218617	0.159160	-117.982596	-0.256279	-122.106351	-0.416494
18800.000017	-120.804116	-0.087413	-75.875500	0.362249	-130.271146	0.282006	-132.709338	-0.348947
18850.000017	-122.453144	0.341306	-76.250342	0.155224	-123.401357	0.476097	-119.620459	-0.326750
18900.000017	-115.828500	0.328822	-71.074270	0.380263	-115.142159	0.270528	-126.937913	-0.160970
18950.000017	-115.164656	-0.194361	-77.707799	-0.124940	-120.668989	-0.298496	-128.000670	-0.454763
19000.000017	-122.971913	0.286554	-83.124724	-0.043311	-122.302018	0.328403	-134.722812	0.372855
19050.000017	-119.624489	-0.087685	-83.318524	-0.094165	-118.679022	-0.278510	-126.835305	-0.475868
19100.000017	-118.188775	0.155646	-80.027815	0.171905	-124.979483	0.247580	-123.900316	0.119449
19150.000017	-116.224175	0.231959	-77.127835	-0.122199	-126.366518	0.277940	-121.725045	-0.392222
19200.000017	-121.496739	0.449652	-79.088148	0.492994	-138.295704	0.482673	-125.972037	-0.094585
19250.000017	-120.116500	-0.265636	-73.482262	0.383451	-124.273349	-0.393568	-120.387919	-0.309766
19300.000017	-119.746969	-0.435295	-83.995615	0.184384	-118.049657	0.479879	-115.112640	0.351436
19350.000017	-120.591968	-0.286223	-80.298360	0.063110	-141.294713	-0.054381	-125.048630	-0.074687
19400.000017	-120.378153	-0.143448	-82.420037	-0.301049	-134.323139	0.258211	-124.609320	-0.022897
19450.000017	-123.547245	-0.291104	-97.705592	0.131411	-119.568436	-0.091669	-129.673959	0.482310
19500.000017	-121.748322	0.118634	-85.244531	-0.082335	-118.750895	0.208828	-118.719772	0.027649
19550.000017	-129.308036	-0.023524	-88.196101	-0.114588	-127.695908	0.417530	-126.351223	-0.192773
19600.000017	-125.362378	-0.006083	-75.422786	-0.306015	-122.538035	0.272543	-131.246722	-0.260338
19650.000017	-124.651086	0.100190	-78.081897	-0.391806	-121.907320	0.140927	-116.667597	0.384347
19700.000017	-122.885244	0.148996	-86.850040	0.447273	-120.701514	-0.033966	-128.476759	-0.305090
19750.000017	-129.451475	0.130981	-85.823403	0.139049	-122.631175	0.103565	-119.963658	0.400555
19800.000018	-119.235124	0.133613	-87.711779	0.030471	-114.857622	-0.132035	-119.883100	-0.037427
19850.000018	-131.513848	-0.219940	-83.899411	0.493970	-120.006419	-0.002978	-130.252721	-0.210219
19900.000018	-128.647409	-0.237667	-85.450531	-0.226330	-135.391224	0.198664	-119.957478	-0.112223
19950.000018	-132.560351	0.377068	-84.016746	0.310754	-118.355174	0.177799	-129.178471	-0.039104
20000.000018	-127.342843	-0.292065	-86.018257	-0.265627	-119.291264	-0.321483	-122.179415	-0.226860
